1 5 20
out
0 1 2 3 4
1 5 7
2 8 6 7
3 10 12 14
4 11 12 13
5 12 14
6 9
7 11 14
8 9 12 13
9 19
10 19
11 (15,18) 
12 19
13 19
14 19
15 16
16 17
17 19
18 19
in
19 (17,18)
info
0 start
1 3 2 19 4 14 5 17
2 3 1 25 2 22 3 22
3 3 2 8 3 11 5 7
4 3 3 15 4 21 5 21
5 2 2 20 3 19
6 2 2 21 5 17
7 3 1 38 4 35 5 40
8 3 2 10 3 11 4 14
9 3 3 38 4 38 5 39
10 2 2 14 3 14
11 4 1 45 2 46 4 43 5 42
12 4 1 16 2 16 3 15 4 12
13 4 2 22 3 19 4 23 5 21
14 2 1 33 3 29
15 4 1 38 3 42 4 47 5 41
16 2 2 35 3 40
17 2 2 37 4 39
18 1 2 26
19 end
