1 5 22
out
0 1 2 3 4 5
1 8
2 10
3 9 10 6
4 8 9 6
5 9 6 7
6 11 12
7 12 15
8 12 14
9 13 14
10 (16,19) 
11 21
12 21
13 21
14 21
15 21
16 17
17 18
18 11
19 20
20 11
in
11 (18,20)
info
0 start
1 4 2 14 3 19 4 16 5 15
2 3 1 38 3 38 4 33
3 3 1 14 2 15 3 21
4 2 1 18 5 25
5 2 1 41 2 42
6 3 1 23 2 31 5 25
7 3 1 36 2 34 4 34
8 4 1 13 2 17 3 15 5 18
9 3 1 28 3 27 4 29
10 1 2 11
11 4 1 37 2 37 3 37 5 34
12 1 3 18
13 1 1 37
14 2 1 36 2 31
15 4 1 21 2 19 3 22 4 21
16 3 1 39 2 34 5 38
17 2 2 40 4 39
18 1 5 40
19 1 4 41
20 2 2 21 4 22
21 end
