1 5 22
out
0 1 2 3
1 21
2 21
3 (12,4,5) 
4 21
5 7 8 9 6
6 11
7 6
8 (16,19) 
9 10
10 (13,14) 
11 21
12 21
13 6
14 6
15 6
16 17
17 18
18 15
19 20
20 15
in
21 (12,11,4)
6 (13,14)
15 (18,20)
info
0 start
1 4 1 33 2 36 3 39 5 33
2 4 1 21 3 20 4 16 5 15
3 3 1 20 2 22 4 19
4 2 2 37 4 34
5 2 2 32 5 32
6 3 1 25 2 21 3 19
7 3 3 38 4 42 5 36
8 3 2 46 4 45 5 45
9 1 4 37
10 2 2 24 5 28
11 3 2 31 3 31 4 25
12 3 1 26 3 25 4 33
13 1 5 20
14 4 1 16 2 12 3 11 5 13
15 supernode
16 4 1 36 2 28 3 32 5 30
17 3 2 33 4 29 5 27
18 4 2 50 3 46 4 47 5 41
19 4 1 23 2 17 4 27 5 20
20 3 2 20 4 21 5 22
21 end
