1 5 21
out
0 1 2 3 4
1 (12,14) 
2 6
3 5 6 7
4 5 7
5 10 11
6 8 9 10
7 8 9 10
8 20
9 20
10 20
11 20
12 (15,16) 
13 5
14 5
15 (18,19) 
16 13
17 13
18 17
19 17
in
5 (13,14)
13 (16,17)
17 (18,19)
info
0 start
1 4 2 17 3 12 4 18 5 20
2 2 2 13 5 14
3 2 4 32 5 32
4 2 3 21 4 21
5 4 1 11 2 14 3 10 5 13
6 3 1 35 2 38 3 43
7 1 1 26
8 4 2 27 3 29 4 23 5 26
9 2 2 42 3 41
10 2 1 43 3 40
11 3 1 21 2 22 4 22
12 1 1 25
13 3 1 39 2 40 5 35
14 1 4 26
15 3 1 25 3 25 4 22
16 1 5 38
17 supernode
18 1 5 39
19 4 1 19 2 19 3 20 4 24
20 end
