1 5 21
out
0 1 2
1 20
2 (7,3,4) 
3 20
4 5
5 6
6 (18,9,10) 
7 20
8 20
9 8
10 15 16 11 12
11 17
12 13
13 14
14 11
15 11
16 11
17 8
18 19
19 8
in
20 (7,8,3)
8 (9,17,19)
info
0 start
1 2 1 43 4 35
2 5 1 40 2 46 3 38 4 47 5 39
3 2 3 16 4 21
4 3 1 26 3 30 5 27
5 1 2 6
6 2 1 19 2 17
7 3 2 14 3 10 5 10
8 supernode
9 2 1 25 4 29
10 3 1 26 2 25 5 28
11 3 2 30 3 26 5 31
12 2 1 27 4 29
13 4 1 35 2 37 3 31 4 34
14 4 1 27 2 32 3 34 4 25
15 3 2 18 4 23 5 20
16 4 1 40 2 38 3 39 5 40
17 1 3 14
18 3 1 14 2 18 3 13
19 1 2 48
20 end
