1 5 21
out
0 (11,13,14) 2
1 20
2 (3,6) 
3 (15,17,19) 
4 5
5 20
6 7 8 9
7 20
8 7
9 10
10 7
11 12
12 1
13 1
14 1
15 16
16 4
17 18
18 4
19 4
in
20 (7,5)
1 (12,13,14)
4 (16,18,19)
info
0 start
1 3 1 15 3 11 5 10
2 2 2 26 5 33
3 2 2 37 4 41
4 1 4 19
5 1 2 12
6 5 1 17 2 15 3 17 4 13 5 19
7 3 1 37 2 36 3 36
8 1 1 8
9 1 4 24
10 2 2 11 3 16
11 3 2 35 3 35 5 42
12 4 1 31 3 34 4 33 5 28
13 3 2 20 3 24 5 26
14 5 1 49 2 49 3 45 4 45 5 41
15 2 1 21 3 16
16 2 2 41 3 41
17 2 1 15 5 22
18 2 1 25 4 27
19 2 2 22 3 16
20 end
