1 5 22
out
0 1 2 3
1 (7,9,4) 
2 (12,13,14) 
3 21
4 5
5 6
6 21
7 (17,20) 
8 21
9 10
10 21
11 21
12 11
13 11
14 15
15 16
16 11
17 18
18 19
19 8
20 8
in
21 (8,10,6)
11 (16,12,13)
8 (19,20)
info
0 start
1 1 4 32
2 3 3 43 4 48 5 44
3 2 2 16 5 18
4 3 1 37 4 44 5 37
5 1 5 41
6 3 2 32 3 35 5 28
7 4 2 42 3 44 4 47 5 49
8 3 1 9 2 12 3 13
9 2 3 10 5 15
10 1 1 39
11 supernode
12 3 1 43 3 41 5 39
13 4 1 17 3 19 4 23 5 18
14 4 1 42 2 41 3 39 4 41
15 1 4 49
16 3 1 24 3 24 4 22
17 3 1 41 2 39 4 35
18 3 2 19 3 25 4 20
19 4 1 18 2 16 3 17 4 16
20 4 2 16 3 19 4 21 5 20
21 end
