1 5 22
out
0 1 2
1 (3,4) 
2 21
3 21
4 (10,19) 9 5
5 21
6 7
7 8
8 5
9 5
10 11
11 16 12 13 14
12 6
13 12
14 15
15 12
16 17
17 18
18 12
19 20
20 6
in
21 (3,5)
6 (20,12)
info
0 start
1 2 2 38 3 40
2 1 2 19
3 4 2 41 3 45 4 39 5 39
4 1 4 45
5 3 1 25 2 23 4 26
6 4 1 11 2 10 4 17 5 17
7 3 1 28 3 37 4 33
8 1 2 11
9 2 1 38 5 39
10 5 1 38 2 30 3 36 4 33 5 32
11 2 1 13 4 17
12 5 1 15 2 17 3 8 4 13 5 15
13 2 1 42 2 34
14 4 1 46 2 44 4 47 5 47
15 3 1 47 2 44 4 46
16 3 2 36 3 34 4 37
17 2 4 19 5 18
18 1 1 41
19 1 3 39
20 2 2 42 4 36
21 end
