1 5 22
out
0 1 2
1 (3,4) 
2 (16,17,20) 
3 21
4 7 5 6
5 21
6 5
7 (10,13) 
8 9
9 5
10 11
11 12
12 8
13 14
14 8
15 21
16 15
17 18
18 19
19 15
20 15
in
21 (3,5)
8 (12,14)
15 (16,19,20)
info
0 start
1 1 2 14
2 2 2 40 3 31
3 2 2 44 4 50
4 4 1 27 2 23 4 29 5 30
5 3 1 40 3 45 5 43
6 2 1 22 5 26
7 2 1 40 2 39
8 1 4 36
9 4 1 30 2 30 3 24 5 29
10 1 2 22
11 1 3 26
12 3 2 44 3 43 5 39
13 3 1 28 2 30 3 32
14 3 2 46 3 40 4 42
15 supernode
16 4 1 15 2 18 3 21 5 17
17 2 3 19 5 18
18 1 4 33
19 2 2 19 3 21
20 4 1 14 2 13 3 12 4 7
21 end
