1 5 22
out
0 1 2 3
1 21
2 (4,6) 
3 21
4 5
5 21
6 (11,20) 8 9
7 10
8 7
9 7
10 21
11 15 16 12 13
12 19
13 14
14 12
15 12
16 17
17 18
18 12
19 7
20 7
in
21 (10,5)
7 (19,20)
info
0 start
1 1 5 19
2 4 2 18 3 15 4 19 5 22
3 2 1 34 4 33
4 3 3 15 4 14 5 12
5 1 4 26
6 1 4 16
7 2 3 29 5 28
8 3 1 41 3 41 5 46
9 3 2 29 3 24 4 31
10 2 2 40 4 37
11 2 1 39 5 39
12 2 4 25 5 26
13 2 4 35 5 32
14 4 1 16 3 17 4 17 5 13
15 2 4 45 5 43
16 4 1 18 2 13 4 13 5 16
17 2 1 32 3 29
18 3 1 21 2 20 5 23
19 2 4 33 5 31
20 1 5 24
21 end
