1 5 22
out
0 1 2 3 4
1 6
2 8 5
3 7
4 8 5 7
5 (19,13) 11
6 9 11
7 9 10 11
8 10 12
9 21
10 21
11 21
12 21
13 15 17 14
14 12
15 16
16 14
17 18
18 14
19 20
20 12
in
12 (20,14)
info
0 start
1 3 1 39 2 44 4 41
2 3 1 19 2 24 3 20
3 1 1 9
4 1 4 28
5 4 1 45 2 42 4 39 5 40
6 2 1 14 4 12
7 2 2 23 3 27
8 2 1 7 2 14
9 4 1 12 2 8 3 11 5 16
10 3 2 42 3 43 4 40
11 1 2 18
12 2 1 37 2 33
13 3 1 36 4 28 5 29
14 4 2 31 3 37 4 37 5 35
15 4 1 30 2 30 3 27 5 30
16 3 1 9 2 9 4 10
17 2 2 27 4 28
18 4 1 43 3 42 4 45 5 46
19 3 2 40 3 45 4 44
20 2 2 25 5 24
21 end
