1 5 21
out
0 1 2 3 13
1 5 7
2 4 6 7
3 5
4 8 9 10
5 10 11
6 8 12
7 9
8 16 18
9 16 17 14
10 14
11 16 18 14
12 18 14 15
13 19 14 15
14 20
15 20
16 20
17 20
18 20
19 20
in
info
0 start
1 4 1 27 2 27 3 25 4 25
2 2 2 27 5 22
3 3 1 27 2 27 3 25
4 3 2 14 3 8 5 12
5 2 1 46 5 48
6 2 1 18 5 18
7 4 1 20 2 16 4 16 5 26
8 2 1 14 3 22
9 1 5 9
10 3 1 35 4 41 5 38
11 3 1 8 4 8 5 8
12 2 2 27 3 28
13 2 3 25 4 29
14 2 4 40 5 44
15 1 5 17
16 1 3 30
17 2 1 16 4 18
18 5 1 32 2 31 3 31 4 30 5 30
19 4 1 13 2 7 4 7 5 8
20 end
