1 5 22
out
0 1 5
1 2 3 4
2 (9,6) 
3 21
4 21
5 21
6 7
7 8
8 21
9 (11,13,14) 
10 21
11 (15,18) 
12 10
13 10
14 10
15 16
16 17
17 12
18 19
19 20
20 12
in
21 (8,10)
10 (12,13,14)
12 (17,20)
info
0 start
1 3 2 42 4 47 5 44
2 2 4 20 5 18
3 2 4 23 5 20
4 3 1 36 3 39 4 40
5 1 4 36
6 3 1 10 3 13 4 9
7 2 2 28 4 19
8 4 2 37 3 35 4 37 5 38
9 4 2 27 3 30 4 32 5 32
10 supernode
11 2 2 23 3 25
12 2 4 22 5 23
13 2 2 38 3 39
14 1 1 34
15 5 1 34 2 34 3 29 4 32 5 35
16 3 1 46 2 44 3 47
17 4 1 25 2 27 4 27 5 25
18 1 1 12
19 2 1 14 4 12
20 3 2 25 4 30 5 29
21 end
