1 5 21
out
0 (7,9,6) 2
1 20
2 (3,4,5) 
3 20
4 20
5 20
6 1
7 8
8 1
9 10 11 12
10 1
11 (17,14) 
12 13
13 10
14 15
15 16
16 10
17 18
18 19
19 10
in
20 (3,4,5)
1 (8,10,6)
10 (16,19)
info
0 start
1 2 3 34 5 39
2 3 1 28 2 28 3 27
3 2 4 21 5 19
4 4 1 37 2 36 3 35 5 39
5 2 1 33 2 31
6 2 3 43 5 44
7 2 1 15 3 13
8 3 1 40 3 41 4 46
9 3 1 40 4 45 5 40
10 2 2 21 5 22
11 2 2 45 5 42
12 3 2 38 4 38 5 44
13 5 1 9 2 10 3 8 4 9 5 16
14 2 3 28 5 24
15 4 1 38 3 38 4 44 5 44
16 2 1 47 2 43
17 4 1 41 3 35 4 41 5 37
18 3 1 31 3 31 5 24
19 3 3 42 4 45 5 35
20 end
