1 5 22
out
0 1 2 3 4
1 8 7
2 8 6
3 8 9 10
4 9 10 5
5 13 14 15
6 12
7 11 13 14
8 11 12 15
9 11 15
10 14
11 16 19
12 16
13 16
14 20
15 17 18 20
16 21
17 21
18 21
19 21
20 21
in
info
0 start
1 3 2 39 3 43 5 37
2 2 1 13 3 13
3 3 2 33 3 37 4 33
4 1 4 34
5 3 2 12 3 12 5 13
6 4 2 21 3 18 4 26 5 24
7 5 1 15 2 16 3 18 4 18 5 17
8 2 1 42 5 44
9 2 3 15 4 13
10 3 1 29 2 23 4 26
11 3 1 19 2 14 3 20
12 3 1 14 2 11 5 8
13 2 1 11 4 14
14 3 1 19 4 17 5 19
15 4 1 21 2 22 4 20 5 20
16 2 4 24 5 31
17 3 1 32 2 31 5 30
18 3 1 20 3 22 5 20
19 2 2 23 3 20
20 4 2 43 3 37 4 39 5 36
21 end
