1 5 21
out
0 1 2 3 4
1 5 6 7
2 5 6 7
3 5 6 7
4 5 6
5 8 9 10
6 (16,17,14) 
7 8 9 10
8 20
9 20
10 (11,12,13) 
11 20
12 20
13 20
14 15
15 9
16 9
17 18
18 19
19 9
in
20 (11,12,13)
9 (15,16,19)
info
0 start
1 2 2 28 5 21
2 3 1 12 4 12 5 17
3 2 3 38 4 37
4 4 1 27 2 22 3 21 4 28
5 4 1 48 2 42 3 43 5 45
6 4 1 32 2 30 3 34 4 33
7 3 1 11 2 13 5 12
8 2 4 7 5 11
9 2 1 10 4 13
10 2 2 42 3 46
11 2 1 41 3 34
12 3 2 28 4 27 5 29
13 5 1 18 2 24 3 25 4 25 5 24
14 1 2 34
15 2 2 30 5 23
16 4 2 23 3 27 4 27 5 26
17 1 1 23
18 3 2 34 3 33 5 29
19 1 4 33
20 end
