1 5 21
out
0 (9,10) 1 2 3
1 (7,8) 6
2 5 6
3 5 6
4 6
5 20
6 20
7 5
8 5
9 4
10 11
11 15 12 13
12 4
13 14
14 12
15 (16,18) 
16 17
17 12
18 19
19 12
in
5 (7,8)
4 (9,12)
12 (17,19)
info
0 start
1 4 1 26 2 27 3 23 5 22
2 3 2 33 4 33 5 27
3 4 1 36 2 42 3 43 4 39
4 1 1 27
5 2 1 18 3 21
6 3 2 19 4 21 5 26
7 2 1 27 3 27
8 3 2 26 3 33 5 23
9 3 2 16 3 16 4 19
10 2 2 42 3 41
11 4 1 25 2 29 3 23 5 25
12 2 1 28 3 28
13 3 1 41 2 33 3 41
14 2 3 33 4 40
15 3 2 34 4 34 5 34
16 2 3 21 5 24
17 3 2 36 4 34 5 36
18 1 1 38
19 5 1 12 2 12 3 13 4 20 5 18
20 end
