1 5 22
out
0 1 2 3 4
1 5 6 7
2 5 6 7
3 6 7
4 6
5 10
6 8 9 10
7 11
8 21
9 21
10 21
11 (12,13,14) 
12 (17,20) 
13 21
14 15
15 21
16 21
17 18
18 19
19 16
20 16
in
21 (15,16,13)
16 (19,20)
info
0 start
1 3 1 7 2 10 3 9
2 2 1 18 2 22
3 2 3 17 4 13
4 1 5 45
5 3 3 21 4 23 5 22
6 3 2 23 3 23 5 28
7 2 1 17 4 19
8 3 1 43 4 43 5 43
9 3 3 8 4 15 5 13
10 2 2 15 5 16
11 2 2 9 5 9
12 2 2 12 3 12
13 3 1 38 2 33 4 32
14 4 2 20 3 25 4 22 5 21
15 4 1 9 3 16 4 10 5 13
16 supernode
17 2 2 27 4 25
18 2 1 17 5 17
19 4 1 21 2 28 3 30 5 24
20 4 1 39 2 32 3 35 4 33
21 end
