1 5 21
out
0 1 2 4 5 8
1 9 6
2 3 6 7
3 (17,19) 10 11
4 13
5 11
6 10 11 13
7 10 11 12
8 12 13
9 11 13
10 16 14 15
11 16 14 15
12 16 15
13 15
14 20
15 20
16 20
17 18
18 13
19 13
in
13 (18,19)
info
0 start
1 3 3 21 4 24 5 16
2 2 1 36 2 40
3 2 1 33 3 35
4 2 2 19 5 20
5 3 1 16 2 20 5 16
6 3 3 33 4 37 5 37
7 4 1 39 2 41 3 43 5 46
8 3 3 42 4 41 5 42
9 4 1 34 2 30 3 30 5 32
10 3 1 34 3 31 4 30
11 2 1 23 5 28
12 3 1 19 2 18 5 18
13 3 1 33 3 33 5 31
14 2 1 26 2 28
15 1 1 37
16 3 1 35 2 33 3 35
17 3 1 36 2 38 5 34
18 2 3 16 4 19
19 3 1 20 2 15 5 13
20 end
