1 5 22
out
0 1 2 3 4
1 5 6
2 6
3 (9,10,12) 8 7
4 (15,18) 6
5 21
6 21
7 21
8 21
9 5
10 11
11 5
12 13
13 14
14 5
15 16
16 17
17 7
18 19
19 20
20 7
in
5 (9,11,14)
7 (17,20)
info
0 start
1 2 4 32 5 38
2 4 2 9 3 11 4 11 5 9
3 3 2 15 4 10 5 10
4 5 1 46 2 38 3 40 4 44 5 38
5 1 3 26
6 3 2 33 3 28 5 31
7 1 1 36
8 2 1 31 5 33
9 4 1 28 3 26 4 26 5 27
10 2 4 20 5 16
11 3 1 27 2 26 5 27
12 3 1 32 2 35 5 36
13 3 1 21 2 21 4 11
14 1 3 37
15 3 1 29 2 28 4 28
16 2 3 48 4 42
17 3 1 9 3 12 5 8
18 2 2 45 5 49
19 3 2 18 3 11 5 10
20 2 3 31 5 31
21 end
