1 5 21
out
0 (8,9) 1 3 7
1 4 5 6
2 (15,17,19) 6
3 (10,13) 5 6
4 20
5 20
6 20
7 20
8 2
9 2
10 11
11 12
12 4
13 4
14 4
15 16
16 14
17 18
18 14
19 14
in
2 (8,9)
4 (12,13)
14 (16,18,19)
info
0 start
1 3 2 18 3 17 5 20
2 4 2 45 3 45 4 39 5 44
3 2 1 22 3 18
4 4 1 37 2 31 3 36 4 34
5 2 2 30 3 32
6 3 1 36 4 31 5 36
7 1 1 12
8 1 4 29
9 2 1 21 5 18
10 2 4 38 5 42
11 3 2 21 3 22 5 20
12 2 1 29 2 25
13 3 3 24 4 25 5 24
14 supernode
15 2 1 42 2 44
16 2 4 19 5 22
17 2 3 28 4 24
18 2 2 32 5 31
19 2 2 47 4 42
20 end
