1 5 19
out
0 1 2 3 7
1 4 5
2 4 6
3 4 5
4 8 10 12
5 (13,14) 11
6 9 10 11
7 11 12
8 18
9 18
10 18
11 (15,16) 
12 18
13 8
14 8
15 18
16 17
17 18
in
8 (13,14)
18 (15,17)
info
0 start
1 4 1 13 2 9 3 8 5 12
2 4 1 34 3 28 4 27 5 26
3 2 1 17 5 19
4 3 1 33 2 29 5 33
5 5 1 36 2 37 3 38 4 30 5 38
6 3 2 8 4 7 5 14
7 2 1 37 5 31
8 2 1 10 3 10
9 3 1 24 2 22 5 18
10 1 1 23
11 3 3 39 4 46 5 41
12 3 1 12 2 7 4 15
13 3 1 31 4 31 5 36
14 5 1 20 2 19 3 24 4 26 5 22
15 1 2 26
16 1 1 39
17 4 2 38 3 39 4 37 5 36
18 end
