1 5 21
out
0 1 2 3 4
1 5 7
2 6 7
3 6 7
4 5
5 8 9
6 (10,11) 9
7 (16,12,14) 8
8 20
9 20
10 8
11 (18,19) 
12 13
13 9
14 15
15 9
16 9
17 8
18 17
19 17
in
8 (17,10)
9 (15,16,13)
17 (18,19)
info
0 start
1 1 4 18
2 4 1 14 2 10 3 11 4 19
3 1 3 11
4 4 2 41 3 42 4 41 5 38
5 4 1 41 2 41 4 49 5 48
6 3 2 19 3 18 4 19
7 1 1 39
8 1 1 46
9 2 1 22 2 28
10 3 2 23 3 25 4 16
11 4 1 29 3 28 4 21 5 25
12 3 1 15 2 20 3 19
13 1 3 17
14 1 5 35
15 3 1 17 2 15 4 11
16 3 2 31 3 33 5 27
17 supernode
18 3 1 28 2 30 5 27
19 3 1 39 3 49 4 41
20 end
