1 5 21
out
0 1 2 3 4 5 6 12 13
1 8 7
2 8 9
3 8 9 7
4 8 9 7
5 7
6 9 7
7 10
8 14
9 10 11 14
10 17 18 15
11 18
12 16 19 15
13 18
14 18 15
15 20
16 20
17 20
18 20
19 20
in
info
0 start
1 3 2 12 3 18 5 15
2 2 2 42 4 45
3 2 1 16 2 16
4 3 1 42 3 42 5 45
5 3 1 27 2 24 3 24
6 2 3 39 4 41
7 3 1 40 4 35 5 33
8 3 2 18 3 13 5 10
9 3 1 42 3 38 4 37
10 1 2 27
11 5 1 33 2 33 3 36 4 36 5 34
12 5 1 25 2 25 3 30 4 27 5 29
13 4 1 20 2 21 3 16 5 21
14 3 2 33 3 33 5 34
15 2 1 20 3 24
16 1 5 42
17 3 2 32 3 36 4 33
18 3 2 28 3 23 5 19
19 1 4 29
20 end
