1 5 22
out
0 1 2 3 4 5
1 7
2 6
3 6 7
4 (8,17,18) 6
5 7
6 21
7 21
8 9
9 10 11 14
10 7
11 12
12 13
13 10
14 15
15 16
16 10
17 7
18 19
19 20
20 7
in
7 (17,10,20)
info
0 start
1 3 1 14 4 18 5 17
2 3 1 37 3 38 4 37
3 2 1 33 3 39
4 4 1 32 2 32 3 32 5 32
5 2 1 28 4 23
6 2 1 23 5 22
7 1 1 40
8 5 1 16 2 20 3 16 4 21 5 24
9 2 3 21 5 23
10 2 2 35 4 36
11 3 1 42 2 46 5 45
12 2 4 35 5 39
13 4 1 33 2 29 4 27 5 31
14 3 1 17 3 16 5 15
15 3 2 16 3 20 4 15
16 2 1 9 3 12
17 3 2 22 3 19 4 24
18 4 1 29 2 25 4 23 5 23
19 2 3 37 4 34
20 2 1 40 2 43
21 end
