1 5 22
out
0 1 2 3 5
1 4
2 4 6 7
3 6
4 10 11
5 9 10 11
6 (16,12,14) 8 10
7 11
8 21
9 21
10 21
11 21
12 13
13 9
14 (17,18,19) 
15 9
16 9
17 15
18 15
19 20
20 15
in
9 (15,16,13)
15 (17,18,20)
info
0 start
1 2 1 29 2 30
2 4 2 25 3 25 4 23 5 24
3 1 3 41
4 3 1 19 3 19 5 24
5 3 2 38 3 37 5 36
6 4 1 24 2 30 3 26 4 26
7 1 2 24
8 3 1 37 2 30 5 34
9 3 2 34 3 33 4 33
10 4 1 44 2 44 4 40 5 41
11 2 2 22 5 23
12 2 1 17 4 9
13 3 1 39 2 38 5 37
14 4 1 37 2 39 3 38 4 34
15 1 1 34
16 2 4 36 5 31
17 3 1 40 3 44 5 43
18 3 1 37 3 30 4 36
19 3 1 38 3 39 4 37
20 2 2 23 3 21
21 end
