1 5 22
out
0 (8,9) 1 3
1 (10,11) 5
2 4 6 7
3 6
4 21
5 (18,19) 
6 21
7 21
8 2
9 2
10 7
11 12
12 17 13 14
13 7
14 15
15 16
16 13
17 13
18 21
19 20
20 21
in
2 (8,9)
7 (10,13)
21 (18,20)
info
0 start
1 2 3 40 4 40
2 2 2 26 5 28
3 3 1 41 2 40 3 46
4 1 2 16
5 2 1 26 3 27
6 2 1 38 2 39
7 2 4 14 5 12
8 3 1 24 2 18 4 18
9 3 1 10 2 16 4 11
10 1 5 12
11 2 1 38 3 41
12 3 1 33 3 34 5 30
13 3 1 34 3 37 4 34
14 3 1 7 3 7 5 13
15 1 3 12
16 3 1 15 2 19 4 12
17 5 1 30 2 25 3 24 4 26 5 29
18 3 3 26 4 28 5 26
19 2 2 10 5 11
20 1 5 22
21 end
