1 5 21
out
0 1 2 3
1 4 5 6
2 (10,19,12) 4
3 8 9 7
4 7
5 8 9 7
6 8
7 20
8 20
9 20
10 11
11 5
12 15 13 14
13 18
14 13
15 16
16 17
17 13
18 5
19 5
in
5 (18,11,19)
info
0 start
1 3 1 18 2 13 4 16
2 3 2 8 4 12 5 12
3 3 2 43 3 44 4 45
4 2 2 36 5 37
5 1 2 22
6 2 2 8 3 9
7 2 1 28 2 32
8 5 1 38 2 42 3 44 4 45 5 36
9 4 1 26 2 25 4 25 5 25
10 4 1 23 2 25 3 20 5 21
11 4 1 33 2 33 3 31 5 31
12 2 1 33 5 41
13 2 3 36 5 37
14 2 2 27 3 32
15 2 1 33 5 34
16 5 1 13 2 16 3 15 4 10 5 11
17 2 2 16 5 16
18 3 3 34 4 35 5 36
19 3 1 29 2 30 5 30
20 end
