1 5 22
out
0 (18,20) 1 3 4 5 6
1 8 7
2 7
3 8 7
4 (9,11) 8
5 (17,14) 
6 8 7
7 21
8 21
9 10
10 7
11 12
12 13
13 7
14 15
15 16
16 8
17 8
18 19
19 2
20 2
in
7 (10,13)
8 (16,17)
2 (19,20)
info
0 start
1 3 1 34 2 35 3 35
2 3 1 42 3 38 4 40
3 3 1 13 2 13 4 14
4 2 2 7 5 12
5 2 1 25 3 27
6 3 1 39 4 40 5 40
7 4 1 9 2 11 3 9 5 11
8 2 1 17 2 16
9 2 2 16 4 13
10 2 2 17 4 23
11 2 2 10 5 15
12 4 1 14 3 17 4 18 5 21
13 3 1 9 2 13 5 14
14 1 2 23
15 4 1 26 2 28 4 29 5 26
16 2 1 16 5 12
17 4 1 18 2 21 4 16 5 20
18 2 2 39 5 42
19 3 2 27 3 26 5 27
20 1 5 14
21 end
