1 5 22
out
0 1 2 3 4
1 8 5
2 6 7
3 (18,20) 5 7
4 9 10
5 12
6 (16,13) 12
7 11
8 11 12
9 11 12
10 11 12
11 21
12 21
13 14
14 15
15 11
16 17
17 11
18 19
19 9
20 9
in
11 (15,17)
9 (19,20)
info
0 start
1 2 3 41 4 36
2 3 1 36 4 33 5 38
3 4 1 33 3 33 4 28 5 28
4 1 4 17
5 2 1 20 2 22
6 3 1 8 3 10 5 15
7 2 3 11 5 17
8 1 1 25
9 1 3 14
10 2 4 39 5 41
11 2 4 32 5 30
12 1 2 36
13 3 1 19 2 20 5 23
14 4 1 16 3 14 4 14 5 17
15 4 2 37 3 40 4 41 5 37
16 2 1 35 4 32
17 5 1 41 2 42 3 46 4 44 5 46
18 2 1 7 2 13
19 1 4 33
20 2 2 22 5 23
21 end
