1 5 22
out
0 1 2 3 4
1 5 6 7
2 8 5 6
3 5 6 7
4 5
5 21
6 (9,10,12) 
7 21
8 21
9 21
10 (16,18,13) 
11 21
12 21
13 14
14 15
15 11
16 17
17 11
18 19
19 20
20 11
in
21 (9,11,12)
11 (15,17,20)
info
0 start
1 3 1 13 3 13 5 10
2 4 1 36 2 32 3 34 4 32
3 5 1 20 2 20 3 23 4 23 5 25
4 1 1 27
5 3 1 19 3 22 5 20
6 5 1 19 2 20 3 18 4 25 5 16
7 3 1 18 2 20 3 24
8 1 1 41
9 4 1 19 2 25 3 28 5 27
10 2 1 18 5 10
11 3 2 44 3 43 4 43
12 2 1 26 3 24
13 2 4 37 5 37
14 5 1 40 2 42 3 37 4 43 5 38
15 3 3 15 4 15 5 10
16 2 2 12 5 10
17 2 1 46 2 41
18 1 4 29
19 4 1 17 3 15 4 16 5 15
20 3 3 12 4 13 5 7
21 end
