1 5 22
out
0 1 2 3 4 7
1 (16,13,14) 
2 5 6
3 (18,19,20) 8
4 8
5 11 12
6 11
7 10 12
8 9 11 12
9 21
10 21
11 21
12 21
13 8
14 15
15 8
16 17
17 8
18 6
19 6
20 6
in
8 (15,17,13)
6 (18,19,20)
info
0 start
1 3 1 23 3 26 5 21
2 1 3 29
3 3 1 24 2 28 4 24
4 2 3 29 4 31
5 4 1 33 2 32 3 42 4 33
6 3 1 23 2 29 5 22
7 4 1 18 2 19 4 25 5 25
8 4 2 31 3 27 4 37 5 33
9 1 4 25
10 3 1 26 4 23 5 23
11 4 1 34 3 36 4 34 5 42
12 3 1 21 2 14 3 14
13 2 2 45 5 44
14 2 2 9 3 14
15 2 2 13 5 8
16 2 3 24 4 22
17 3 1 40 2 42 3 46
18 2 1 27 2 27
19 4 1 37 3 33 4 36 5 34
20 2 3 42 4 43
21 end
