1 5 21
out
0 1 2 3 4 5 6
1 (13,14) 7
2 7
3 8 7
4 (16,17) 
5 8
6 (9,11) 7
7 20
8 20
9 10
10 8
11 8
12 8
13 12
14 15
15 12
16 7
17 18
18 19
19 7
in
8 (10,11)
12 (15,13)
7 (16,19)
info
0 start
1 3 1 24 2 23 4 28
2 3 1 28 3 24 5 32
3 2 1 23 4 27
4 4 1 26 2 20 4 22 5 24
5 1 5 31
6 2 1 38 3 35
7 3 1 13 2 13 3 15
8 3 2 11 3 12 4 13
9 1 2 20
10 2 2 31 5 32
11 3 1 26 4 28 5 28
12 supernode
13 2 2 15 5 11
14 3 2 42 3 38 4 44
15 2 4 35 5 33
16 3 1 40 2 35 3 38
17 3 1 7 3 9 5 11
18 4 2 44 3 36 4 40 5 41
19 2 2 45 5 44
20 end
