1 5 21
out
0 1 2 3 4 6
1 8 5 7
2 8
3 8
4 9 10 12
5 10
6 10 11 12
7 (15,17,19) 12
8 (13,14) 10
9 20
10 20
11 20
12 20
13 9
14 9
15 16
16 11
17 18
18 11
19 11
in
9 (13,14)
11 (16,18,19)
info
0 start
1 4 1 25 2 21 3 27 4 22
2 3 1 13 2 22 3 20
3 2 1 22 4 17
4 2 1 30 2 24
5 2 3 16 5 21
6 3 2 15 3 18 4 12
7 2 3 20 5 23
8 3 1 18 3 18 5 12
9 1 5 33
10 2 4 45 5 42
11 2 1 42 3 43
12 4 2 12 3 13 4 16 5 17
13 1 4 20
14 2 3 25 4 32
15 3 1 36 4 41 5 40
16 3 3 37 4 37 5 38
17 2 1 32 4 34
18 4 1 19 3 18 4 17 5 19
19 1 3 36
20 end
