1 5 22
out
0 (4,5) 1 3
1 (7,10) 
2 21
3 21
4 2
5 6
6 2
7 8
8 9
9 21
10 (17,18,19) 
11 16 12 13 14
12 21
13 12
14 15
15 12
16 12
17 11
18 11
19 20
20 11
in
2 (4,6)
21 (9,12)
11 (17,18,20)
info
0 start
1 2 2 26 4 26
2 2 3 21 4 22
3 2 2 25 3 23
4 1 4 29
5 4 1 12 2 13 3 9 4 9
6 3 1 29 3 29 5 29
7 2 2 38 4 37
8 3 1 14 3 13 5 8
9 3 2 27 3 30 4 31
10 3 1 31 2 26 3 21
11 3 1 19 2 19 5 13
12 4 1 32 2 34 3 32 4 24
13 3 2 17 3 10 5 12
14 3 1 21 4 20 5 21
15 3 1 20 2 21 4 25
16 3 1 29 3 36 4 37
17 2 3 13 4 7
18 1 2 43
19 4 1 12 2 14 3 21 4 19
20 2 1 41 2 35
21 end
