1 5 21
out
0 1 2 3
1 8
2 4 5 7
3 4 6 7
4 (15,18) 9 13
5 11 13
6 10 11 14
7 11 12
8 9 10 13
9 20
10 20
11 20
12 20
13 20
14 20
15 16
16 17
17 10
18 19
19 10
in
10 (17,19)
info
0 start
1 3 3 18 4 15 5 17
2 2 1 28 4 24
3 3 1 28 4 34 5 29
4 2 2 36 4 35
5 3 3 49 4 39 5 40
6 2 2 34 5 36
7 1 4 14
8 2 1 11 2 11
9 1 2 49
10 1 1 27
11 2 3 43 4 42
12 2 3 46 5 43
13 4 1 15 3 22 4 19 5 23
14 3 1 24 3 23 5 27
15 1 3 35
16 3 1 37 2 35 3 32
17 4 2 15 3 14 4 13 5 11
18 4 1 30 2 31 4 29 5 24
19 2 1 19 5 18
20 end
