1 5 22
out
0 1 2 3 4 5 6 7 9 19 20
1 8 10
2 8
3 8
4 8 11
5 8 11
6 14 15
7 12 13 14
8 12
9 12 14 15
10 12 15
11 12 13
12 16 17 18
13 16 17
14 17
15 16
16 21
17 21
18 21
19 21
20 21
in
info
0 start
1 2 2 12 4 16
2 2 2 27 3 25
3 4 2 45 3 41 4 47 5 47
4 3 3 45 4 45 5 41
5 4 1 30 2 22 4 24 5 28
6 2 1 42 2 39
7 3 1 17 4 21 5 22
8 1 3 27
9 1 1 35
10 2 2 34 4 38
11 3 1 41 2 43 3 43
12 1 1 17
13 5 1 31 2 28 3 28 4 28 5 30
14 2 1 19 4 17
15 3 1 11 4 9 5 7
16 3 1 16 2 14 4 10
17 2 1 42 3 44
18 5 1 36 2 33 3 34 4 37 5 39
19 1 5 32
20 3 1 38 3 35 5 32
21 end
