1 5 22
out
0 1 2 3 4 5 9 10
1 6 7
2 7
3 6
4 (18,19,13) 6
5 6 7
6 8 11 12
7 12
8 21
9 21
10 21
11 21
12 21
13 15 17 14
14 7
15 16
16 14
17 14
18 7
19 20
20 7
in
7 (18,20,14)
info
0 start
1 2 2 43 3 44
2 4 1 18 2 11 3 11 4 18
3 3 1 15 2 10 5 10
4 3 1 41 4 39 5 36
5 2 3 10 4 13
6 1 2 28
7 4 1 50 2 44 3 40 5 40
8 1 4 49
9 2 1 20 3 18
10 2 4 40 5 40
11 3 3 14 4 13 5 9
12 4 1 21 2 20 4 20 5 18
13 2 3 13 4 14
14 3 1 30 2 31 4 27
15 2 1 40 2 41
16 3 1 33 2 37 4 32
17 1 5 37
18 2 1 30 5 29
19 3 1 25 3 26 5 26
20 3 1 35 3 31 4 32
21 end
