1 5 20
out
0 (4,5,6) 1 2
1 19
2 19
3 19
4 3
5 3
6 7 8 9 11
7 3
8 7
9 10
10 (15,17,13) 
11 12
12 7
13 14
14 7
15 16
16 7
17 18
18 7
in
3 (7,4,5)
7 (16,18,14)
info
0 start
1 1 3 15
2 3 1 36 2 30 5 33
3 3 2 33 3 29 4 25
4 2 4 20 5 11
5 3 2 41 3 43 5 45
6 4 1 42 2 43 3 44 5 40
7 3 1 22 3 22 4 23
8 3 1 12 2 13 3 11
9 4 2 14 3 12 4 6 5 15
10 4 1 45 3 41 4 37 5 38
11 2 1 46 4 41
12 3 1 23 2 26 5 25
13 1 3 13
14 4 2 45 3 48 4 40 5 49
15 3 2 37 3 35 5 35
16 2 2 37 4 36
17 4 1 45 2 48 4 41 5 42
18 2 4 28 5 26
19 end
