1 5 22
out
0 1 2 3 4 5 6
1 (10,12) 8
2 7
3 (16,18,14) 8
4 8 7
5 8 7
6 8 7
7 9
8 9
9 21
10 11
11 7
12 7
13 7
14 15
15 13
16 17
17 13
18 19
19 20
20 13
in
7 (11,12)
13 (15,17,20)
info
0 start
1 3 2 24 3 22 4 28
2 3 1 32 3 35 5 27
3 2 3 18 4 11
4 3 2 30 3 31 4 31
5 4 2 31 3 35 4 36 5 31
6 5 1 38 2 40 3 45 4 40 5 39
7 3 1 17 4 25 5 25
8 4 1 35 2 32 3 39 5 32
9 1 4 27
10 3 1 36 2 39 4 36
11 2 2 25 4 24
12 3 1 28 2 32 4 32
13 supernode
14 3 1 26 2 30 3 27
15 3 1 20 2 20 4 20
16 3 2 9 3 13 5 10
17 2 2 11 3 14
18 3 1 35 2 29 5 34
19 3 1 45 3 43 5 42
20 3 1 42 2 40 4 41
21 end
