1 5 22
out
0 1 2 3
1 4 5 7
2 7
3 8 6
4 11 13
5 11 12 13
6 10 12 13
7 10 12
8 9 11 12
9 16 14 15
10 14
11 16 15
12 16
13 (17,19) 
14 21
15 21
16 21
17 18
18 14
19 20
20 14
in
14 (18,20)
info
0 start
1 1 3 29
2 4 1 31 2 29 3 31 5 35
3 3 2 22 3 26 5 21
4 2 1 36 3 34
5 3 1 12 3 11 4 12
6 2 1 33 2 36
7 4 2 39 3 33 4 33 5 33
8 4 1 14 3 8 4 9 5 9
9 2 1 34 2 27
10 4 1 39 2 34 4 39 5 36
11 3 1 34 2 34 5 36
12 4 2 18 3 18 4 19 5 17
13 1 4 19
14 2 1 29 5 29
15 1 5 34
16 4 1 14 3 14 4 14 5 13
17 2 1 8 2 8
18 5 1 12 2 9 3 13 4 10 5 10
19 5 1 38 2 37 3 38 4 34 5 38
20 2 3 15 4 22
21 end
