1 5 20
out
0 (17,18) 1 2 7
1 5
2 3 5 6
3 (10,11,13) 
4 8
5 8
6 8 9
7 8
8 19
9 19
10 9
11 12
12 9
13 (15,16) 
14 9
15 14
16 14
17 4
18 4
in
9 (10,12,14)
14 (15,16)
4 (17,18)
info
0 start
1 2 1 6 3 7
2 3 1 39 3 36 4 33
3 3 1 41 2 37 4 36
4 4 1 35 2 39 4 37 5 35
5 3 2 22 3 22 4 24
6 4 1 17 2 16 3 17 4 18
7 1 2 24
8 4 2 19 3 23 4 19 5 24
9 2 2 16 5 15
10 2 3 12 5 10
11 1 4 21
12 4 2 36 3 40 4 39 5 38
13 4 1 18 2 18 4 25 5 18
14 1 3 10
15 3 1 35 4 39 5 41
16 3 1 30 2 33 3 30
17 2 4 34 5 35
18 1 5 10
19 end
