1 5 21
out
0 (15,18) 1 2 3 7 8
1 4 5
2 4 5
3 5
4 9
5 9
6 (10,12,13) 
7 20
8 20
9 20
10 11
11 20
12 20
13 14
14 20
15 16
16 17
17 6
18 19
19 6
in
20 (11,12,14)
6 (17,19)
info
0 start
1 3 1 24 2 23 5 23
2 2 3 15 5 16
3 3 1 40 3 37 5 40
4 2 1 17 2 16
5 1 4 31
6 4 2 31 3 28 4 28 5 31
7 3 2 19 4 20 5 19
8 3 2 19 3 16 4 19
9 2 1 40 5 42
10 2 3 33 5 33
11 3 1 29 2 26 3 27
12 1 4 34
13 4 2 27 3 25 4 27 5 29
14 2 2 18 4 12
15 1 2 28
16 3 1 12 4 17 5 7
17 5 1 45 2 42 3 40 4 41 5 46
18 2 1 30 5 27
19 4 1 24 2 23 3 22 5 26
20 end
