1 5 21
out
0 1 2
1 3 4
2 (7,8,18) 4
3 20
4 (5,6) 
5 20
6 20
7 3
8 9
9 15 10 11 12
10 3
11 10
12 13
13 14
14 10
15 16
16 17
17 10
18 19
19 3
in
20 (5,6)
3 (7,10,19)
info
0 start
1 1 2 18
2 4 1 38 2 35 3 39 5 39
3 3 1 21 4 19 5 21
4 2 2 16 4 12
5 2 3 39 5 40
6 3 2 40 4 36 5 39
7 1 4 11
8 2 2 34 3 32
9 2 1 14 3 15
10 3 1 38 2 38 4 37
11 3 1 47 3 44 4 47
12 3 1 28 2 29 5 29
13 2 1 40 4 41
14 3 1 28 2 26 4 25
15 3 1 24 2 23 5 26
16 1 2 39
17 5 1 31 2 28 3 29 4 31 5 27
18 3 1 19 2 20 3 29
19 1 4 26
20 end
