1 5 20
out
0 1 2 3
1 5 6 7
2 (12,13) 4
3 5
4 8 10 11
5 11
6 (17,14) 
7 8 9 11
8 19
9 19
10 19
11 19
12 7
13 7
14 15
15 16
16 10
17 18
18 10
in
7 (12,13)
10 (16,18)
info
0 start
1 3 1 21 2 23 3 22
2 4 1 9 2 7 3 9 5 7
3 4 1 29 2 27 3 31 4 32
4 2 2 32 5 31
5 4 2 32 3 31 4 25 5 25
6 1 1 27
7 1 5 21
8 4 2 47 3 38 4 47 5 38
9 3 1 23 2 19 3 22
10 2 1 14 2 22
11 4 1 16 3 11 4 16 5 8
12 3 1 46 3 44 4 37
13 1 2 13
14 4 2 17 3 23 4 15 5 15
15 3 2 21 4 24 5 24
16 3 1 33 2 30 5 33
17 5 1 37 2 37 3 35 4 34 5 31
18 2 3 30 4 24
19 end
