1 5 22
out
0 1 2 3 4 15 18
1 7
2 9 6 7
3 8 10 5
4 6
5 11 13 14
6 12 13 14
7 11 12
8 14
9 11 14
10 11
11 16
12 17 19
13 20
14 17
15 21
16 21
17 21
18 21
19 21
20 21
in
info
0 start
1 2 2 41 4 39
2 3 1 20 2 25 3 25
3 2 4 20 5 19
4 1 2 30
5 3 1 20 3 21 5 20
6 2 1 22 4 23
7 3 1 13 2 15 3 14
8 3 1 37 2 35 3 40
9 4 2 23 3 30 4 33 5 32
10 3 1 27 2 36 5 34
11 4 1 32 2 30 3 28 5 31
12 3 2 32 4 29 5 33
13 2 4 30 5 32
14 1 4 31
15 2 1 24 5 24
16 2 1 41 4 41
17 2 3 40 4 46
18 2 2 20 4 20
19 3 2 39 4 35 5 42
20 3 1 22 2 28 4 25
21 end
