1 5 22
out
0 1 2 3 4 6 8 9
1 (15,10,12) 
2 5
3 5
4 5
5 7
6 21
7 21
8 21
9 21
10 11
11 5
12 (18,20) 
13 14
14 5
15 16
16 17
17 5
18 19
19 13
20 13
in
5 (17,11,14)
13 (19,20)
info
0 start
1 4 1 11 2 14 3 9 4 9
2 3 1 13 2 20 3 19
3 2 1 17 4 14
4 2 3 28 5 35
5 4 1 12 3 14 4 11 5 15
6 3 1 43 2 37 5 37
7 3 1 17 2 14 5 12
8 1 2 30
9 2 3 14 4 8
10 2 3 46 4 41
11 3 2 25 3 19 4 21
12 2 2 30 4 31
13 1 1 17
14 2 3 27 5 23
15 2 1 26 4 25
16 4 1 12 2 17 3 14 4 16
17 1 1 20
18 3 1 24 3 29 5 28
19 1 3 13
20 2 1 30 5 25
21 end
