1 5 22
out
0 1 2 3 4 5 6 7
1 9 11 12
2 8 12
3 8 10 12
4 10
5 11
6 11 12
7 9
8 16 18 13
9 14
10 15
11 16 17 15
12 17 18
13 19 20
14 19 20
15 19 20
16 19 20
17 20
18 19 20
19 21
20 21
in
info
0 start
1 3 1 31 2 29 5 31
2 2 1 37 5 46
3 1 5 33
4 4 1 22 2 21 3 23 4 22
5 4 1 13 3 13 4 13 5 16
6 4 1 29 2 26 4 27 5 32
7 2 1 24 3 26
8 3 1 23 3 29 4 29
9 2 1 21 3 17
10 1 2 45
11 1 2 28
12 3 1 31 4 32 5 34
13 3 3 20 4 22 5 21
14 2 1 40 3 37
15 1 1 14
16 3 1 40 2 41 5 46
17 3 1 18 4 21 5 14
18 2 2 44 5 45
19 2 1 30 3 33
20 2 1 43 5 45
21 end
