1 5 22
out
0 (4,5) 2 3
1 21
2 21
3 21
4 (7,9) 
5 1
6 (13,14) 
7 8
8 6
9 10
10 11
11 6
12 1
13 12
14 15 16 18
15 12
16 17
17 15
18 19
19 20
20 15
in
1 (12,5)
6 (8,11)
12 (15,13)
info
0 start
1 2 3 29 5 30
2 1 2 30
3 3 1 24 3 23 4 22
4 3 1 39 2 34 5 35
5 4 1 26 2 22 3 29 4 22
6 supernode
7 2 2 13 4 7
8 4 1 29 2 32 3 28 5 32
9 2 1 15 5 14
10 4 2 13 3 11 4 14 5 18
11 1 3 42
12 supernode
13 2 2 9 3 15
14 1 4 32
15 1 3 36
16 3 1 22 4 22 5 25
17 2 3 7 4 15
18 4 1 34 2 34 3 36 5 34
19 4 1 17 2 15 3 14 5 15
20 3 1 47 2 44 5 46
21 end
