1 5 21
out
0 1 2 3 4 5
1 8 7
2 6
3 8 6 7
4 6 7
5 8 6 7
6 (11,12,14) 9
7 9 10
8 (16,19) 10
9 20
10 20
11 10
12 13
13 10
14 15
15 10
16 17
17 18
18 9
19 9
in
10 (15,11,13)
9 (18,19)
info
0 start
1 2 3 45 4 47
2 2 2 14 4 11
3 2 1 11 3 18
4 2 3 38 5 39
5 1 4 17
6 2 2 16 4 11
7 4 1 38 3 31 4 38 5 33
8 2 1 25 4 26
9 3 1 26 2 27 3 25
10 3 3 25 4 26 5 23
11 2 2 15 4 17
12 2 1 8 4 13
13 2 1 29 2 28
14 3 1 42 2 35 5 36
15 4 1 12 2 10 3 8 4 13
16 2 2 29 3 24
17 1 3 17
18 3 1 19 3 13 4 17
19 3 1 10 2 9 3 10
20 end
