1 5 22
out
0 (9,12) 1 2
1 4 5 6
2 5
3 4 5 6
4 21
5 (7,8) 
6 21
7 21
8 21
9 10
10 11
11 3
12 17 13 14
13 20
14 15
15 16
16 13
17 18
18 19
19 13
20 3
in
21 (7,8)
3 (11,20)
info
0 start
1 3 1 21 2 20 3 16
2 1 5 20
3 2 2 12 3 12
4 3 1 34 2 30 5 29
5 2 4 24 5 17
6 4 1 27 2 25 3 26 5 24
7 1 1 46
8 3 2 36 4 28 5 30
9 2 4 19 5 15
10 1 2 16
11 3 1 33 3 32 5 32
12 3 2 22 3 21 5 16
13 1 1 40
14 3 1 15 3 19 4 16
15 2 2 16 5 14
16 3 3 41 4 38 5 39
17 2 2 25 4 22
18 3 1 14 2 9 3 12
19 1 3 26
20 2 1 18 5 24
21 end
