1 5 22
out
0 1 2 3 4
1 5 6 7
2 5 6 7
3 6 7
4 5 6
5 8 10 11
6 (15,12,13) 
7 8 9
8 (16,17,19) 
9 21
10 21
11 21
12 8
13 14
14 8
15 8
16 21
17 18
18 21
19 20
20 21
in
8 (15,12,14)
21 (16,18,20)
info
0 start
1 2 1 18 2 18
2 3 1 11 2 12 4 16
3 3 1 30 3 30 5 31
4 2 3 26 4 31
5 4 2 29 3 27 4 30 5 26
6 4 1 31 2 31 4 29 5 29
7 3 1 38 2 39 3 33
8 3 1 37 3 37 4 36
9 2 1 45 2 45
10 3 2 24 3 25 5 22
11 2 1 11 3 16
12 2 4 41 5 42
13 3 1 15 3 14 4 15
14 4 1 15 3 10 4 13 5 11
15 3 1 26 4 30 5 30
16 5 1 48 2 47 3 46 4 48 5 41
17 3 1 18 2 16 4 19
18 2 2 31 4 28
19 4 2 39 3 38 4 40 5 40
20 4 1 31 2 35 3 30 4 34
21 end
