1 5 22
out
0 1 2 3 4 5 6 15 20
1 8 10 11
2 11 12 7
3 8 9 10
4 9 12 7
5 8 11
6 7
7 13 14
8 13 14
9 13 14
10 13
11 13
12 13 14
13 17 19
14 16 18
15 21
16 21
17 21
18 21
19 21
20 21
in
info
0 start
1 2 3 20 5 16
2 4 1 15 2 19 3 12 4 21
3 2 1 13 3 15
4 4 1 33 2 30 3 29 4 32
5 1 3 25
6 2 1 8 3 10
7 2 1 36 3 37
8 5 1 27 2 31 3 26 4 28 5 29
9 3 3 6 4 9 5 14
10 4 1 38 2 39 3 43 4 42
11 5 1 14 2 6 3 14 4 13 5 14
12 4 2 35 3 39 4 38 5 35
13 2 1 34 2 37
14 3 1 22 3 15 4 21
15 3 1 6 2 10 3 8
16 2 4 20 5 19
17 2 1 32 5 30
18 3 1 12 3 9 5 8
19 2 1 43 3 42
20 3 2 21 3 25 4 25
21 end
