1 5 21
out
0 1 2
1 (7,9,10) 3 5
2 3 6
3 (16,17,18) 
4 20
5 20
6 20
7 8
8 4
9 4
10 11 12 14
11 4
12 13
13 11
14 15
15 11
16 20
17 20
18 19
19 20
in
4 (8,9,11)
20 (16,17,19)
info
0 start
1 4 1 21 2 21 3 19 5 22
2 3 1 37 4 40 5 43
3 2 2 41 3 38
4 3 1 28 3 30 4 29
5 4 1 18 2 21 4 20 5 24
6 2 3 24 5 27
7 2 1 15 2 19
8 4 1 15 2 12 4 15 5 11
9 1 2 42
10 1 2 45
11 3 2 34 3 37 5 42
12 2 2 15 4 15
13 3 1 36 4 33 5 33
14 4 2 16 3 22 4 19 5 16
15 5 1 17 2 16 3 14 4 16 5 11
16 1 1 34
17 2 4 40 5 36
18 4 1 33 2 29 4 29 5 28
19 1 3 25
20 end
