1 5 22
out
0 1 3
1 2 4
2 21
3 21
4 (5,6) 
5 (9,11) 
6 7
7 21
8 (15,13,14) 
9 10
10 8
11 8
12 21
13 12
14 12
15 16 17 19
16 20
17 18
18 16
19 16
20 12
in
21 (7,12)
8 (10,11)
12 (20,13,14)
info
0 start
1 2 1 24 5 31
2 1 2 31
3 3 3 20 4 16 5 16
4 3 1 38 3 41 5 38
5 3 2 26 3 26 5 29
6 4 1 8 3 8 4 11 5 10
7 3 1 40 2 46 5 44
8 supernode
9 2 2 13 3 17
10 4 1 6 2 12 3 11 4 7
11 3 1 21 3 22 5 18
12 supernode
13 1 1 19
14 1 4 13
15 1 5 31
16 2 1 11 2 12
17 4 1 22 2 24 3 27 5 22
18 4 1 13 2 8 4 9 5 13
19 3 2 33 3 33 4 34
20 3 1 29 3 23 4 25
21 end
