1 5 21
out
0 1 2 3 4 9 10 16
1 5
2 8 6 7
3 7
4 8 5 6
5 13 14 15
6 12
7 13 14
8 11 14
9 11 14 15
10 12 15
11 17 18
12 18
13 17 18 19
14 18 19
15 18 19
16 17 18
17 20
18 20
19 20
in
info
0 start
1 2 2 14 5 17
2 3 2 30 4 22 5 23
3 1 4 42
4 2 1 45 3 43
5 1 5 11
6 2 2 45 4 45
7 4 1 34 3 41 4 41 5 42
8 3 1 24 4 29 5 20
9 1 2 31
10 2 3 35 4 31
11 3 1 39 2 34 4 39
12 2 1 39 4 36
13 2 2 24 4 26
14 5 1 8 2 8 3 9 4 7 5 11
15 1 4 27
16 2 3 31 4 32
17 2 2 12 4 10
18 4 1 9 3 11 4 16 5 17
19 2 4 18 5 18
20 end
