1 5 22
out
0 1 2 3 4
1 6
2 (11,13) 
3 6 7
4 (17,19,14) 
5 21
6 (8,10) 
7 21
8 9
9 21
10 21
11 12
12 5
13 5
14 15
15 16
16 6
17 18
18 6
19 20
20 6
in
21 (9,10)
5 (12,13)
6 (16,18,20)
info
0 start
1 2 2 16 5 15
2 2 3 39 5 36
3 3 1 41 3 36 5 41
4 1 2 32
5 5 1 31 2 35 3 36 4 31 5 35
6 4 1 13 3 18 4 18 5 14
7 4 1 33 2 25 4 33 5 28
8 4 1 24 2 25 3 18 5 25
9 1 4 12
10 2 2 37 5 38
11 2 3 25 4 21
12 3 1 35 2 31 3 37
13 1 2 13
14 3 1 39 2 30 5 31
15 2 1 33 5 36
16 4 1 22 2 18 3 17 4 19
17 3 1 15 2 21 4 21
18 4 2 39 3 40 4 45 5 41
19 4 1 43 3 45 4 39 5 45
20 2 1 37 2 38
21 end
