1 5 22
out
0 1 2 3 4
1 (16,17) 
2 8 5 6
3 8 6 7
4 5 6 7
5 9 10 11
6 11
7 10 11 12
8 (18,19,20) 10
9 (15,13,14) 
10 21
11 21
12 21
13 21
14 21
15 21
16 5
17 5
18 12
19 12
20 12
in
21 (15,13,14)
5 (16,17)
12 (18,19,20)
info
0 start
1 3 1 26 2 26 4 32
2 2 4 36 5 42
3 4 2 28 3 27 4 27 5 30
4 2 1 10 2 11
5 4 2 17 3 19 4 15 5 12
6 1 2 28
7 2 1 45 2 42
8 4 1 35 3 35 4 34 5 37
9 3 2 11 3 5 4 6
10 3 2 16 3 11 5 15
11 2 1 18 4 19
12 2 2 11 5 14
13 2 3 38 5 40
14 1 1 42
15 2 2 23 4 21
16 4 1 14 2 20 3 15 5 14
17 3 2 10 3 8 4 11
18 4 1 20 2 18 3 14 5 17
19 4 1 40 2 47 4 40 5 42
20 3 2 25 4 17 5 23
21 end
