1 5 20
out
0 1 2 3 4 8
1 5 6 7
2 5 6 7
3 6
4 9
5 (17,18) 10
6 11
7 10 11 13
8 11 12 13
9 12
10 16
11 16 14
12 16 15
13 16 14
14 19
15 19
16 19
17 13
18 13
in
13 (17,18)
info
0 start
1 3 1 9 3 18 5 16
2 3 2 31 4 32 5 33
3 2 1 29 4 28
4 3 1 13 4 14 5 13
5 3 1 23 2 23 5 31
6 3 1 21 2 13 3 21
7 1 3 19
8 3 1 39 3 35 5 38
9 3 1 41 2 40 4 38
10 4 1 37 2 38 3 39 5 33
11 1 4 25
12 3 1 12 3 14 4 16
13 3 1 15 2 10 5 15
14 2 2 29 4 26
15 4 1 28 2 21 3 26 5 26
16 4 1 15 3 10 4 16 5 17
17 2 2 20 3 20
18 3 2 13 4 8 5 11
19 end
