1 5 22
out
0 1 2 3 4
1 5 6 7
2 5 6 7
3 (15,16) 7
4 5 6 7
5 21
6 (8,11,12) 
7 21
8 9
9 10
10 21
11 21
12 13
13 (18,19) 
14 21
15 6
16 17
17 6
18 14
19 20
20 14
in
21 (10,11,14)
6 (15,17)
14 (18,20)
info
0 start
1 1 5 32
2 2 2 30 3 30
3 2 4 46 5 42
4 3 2 35 3 35 4 35
5 4 1 19 2 13 3 21 4 11
6 1 5 24
7 2 1 31 3 29
8 2 2 12 3 14
9 2 1 32 3 32
10 3 2 9 3 8 4 15
11 3 1 33 2 38 5 32
12 3 1 15 4 12 5 15
13 2 1 33 2 33
14 3 3 14 4 16 5 15
15 2 1 34 5 34
16 2 2 44 5 46
17 4 2 34 3 31 4 34 5 31
18 2 3 29 5 38
19 3 3 27 4 28 5 25
20 2 1 23 3 18
21 end
