1 5 20
out
0 1 2
1 (15,17,18) 
2 (3,5,6) 
3 4
4 19
5 19
6 (8,11) 
7 19
8 9
9 10
10 7
11 12
12 13
13 7
14 19
15 16
16 14
17 14
18 14
in
19 (7,4,5)
7 (10,13)
14 (16,17,18)
info
0 start
1 3 3 15 4 14 5 11
2 3 1 20 2 18 4 22
3 1 1 10
4 5 1 27 2 29 3 23 4 24 5 23
5 2 1 34 5 36
6 4 1 32 3 29 4 33 5 35
7 supernode
8 2 1 14 4 11
9 2 1 12 3 12
10 3 1 35 3 30 5 34
11 2 4 39 5 43
12 3 2 42 3 46 4 47
13 4 1 37 2 37 4 37 5 41
14 supernode
15 3 2 21 3 24 5 18
16 2 2 37 5 36
17 3 1 18 2 13 3 16
18 2 3 27 5 22
19 end
