1 5 20
out
0 1 2 3 4 8 9 10
1 5 6 7
2 5 7
3 7
4 5 6 7
5 11 12
6 13
7 11
8 11 12
9 12 13
10 16 17 15
11 16 18 14
12 16 17
13 17
14 19
15 19
16 19
17 19
18 19
in
info
0 start
1 3 2 42 4 36 5 43
2 4 1 41 2 41 3 45 5 42
3 3 1 21 3 17 4 20
4 2 2 12 5 8
5 1 5 12
6 4 1 21 2 16 3 16 5 21
7 3 3 18 4 20 5 19
8 3 1 40 2 43 5 38
9 2 3 36 5 35
10 2 1 35 2 34
11 3 1 21 2 21 3 20
12 3 1 28 4 26 5 30
13 3 2 30 3 32 4 28
14 4 1 20 2 25 3 25 5 25
15 2 1 15 5 10
16 1 2 33
17 3 3 15 4 5 5 12
18 5 1 26 2 23 3 21 4 19 5 18
19 end
