1 5 20
out
0 1 2 3 4
1 5 6 7
2 5 6 7
3 7
4 5 6
5 (10,11,13) 9
6 8 9
7 8 9
8 19
9 19
10 8
11 12
12 8
13 15 16 17 14
14 8
15 14
16 14
17 18
18 14
in
8 (10,12,14)
info
0 start
1 3 1 17 2 20 3 15
2 1 4 21
3 3 1 37 4 38 5 33
4 2 1 19 4 18
5 1 5 15
6 3 1 41 2 42 3 39
7 4 2 43 3 44 4 47 5 43
8 4 2 20 3 16 4 15 5 15
9 4 1 44 2 46 3 40 4 44
10 3 1 7 2 17 4 10
11 4 1 13 3 17 4 18 5 15
12 4 1 43 2 47 3 40 4 46
13 2 2 12 4 10
14 3 1 22 3 18 4 22
15 2 4 34 5 38
16 3 2 23 4 23 5 26
17 2 1 34 4 35
18 3 1 14 3 13 4 11
19 end
