1 5 22
out
0 1 2 3 4 5 6 12
1 8 9 7
2 8 7
3 9
4 7
5 8 9 7
6 8 7
7 10 11 13
8 11
9 10 11
10 (17,18,20) 
11 (15,14) 
12 21
13 21
14 21
15 21
16 21
17 16
18 19
19 16
20 16
in
21 (15,14)
16 (17,19,20)
info
0 start
1 4 1 23 3 16 4 16 5 24
2 1 2 35
3 4 1 34 3 37 4 35 5 39
4 4 1 23 3 27 4 27 5 23
5 1 2 35
6 1 5 11
7 3 2 40 4 43 5 45
8 3 3 22 4 27 5 27
9 3 1 11 2 12 4 12
10 2 1 26 3 28
11 1 2 18
12 4 1 40 2 38 3 39 5 46
13 1 4 43
14 2 3 30 5 34
15 3 2 16 4 20 5 20
16 supernode
17 4 1 25 2 26 4 23 5 23
18 1 3 20
19 4 2 35 3 29 4 38 5 30
20 3 1 47 3 45 5 47
21 end
