1 5 21
out
0 (7,10,19) 1 3 4
1 5 6
2 5 6
3 6
4 5
5 20
6 20
7 8
8 9
9 2
10 11 12 13
11 16 17 18
12 11
13 14
14 15
15 11
16 2
17 16
18 16
19 2
in
2 (16,9,19)
info
0 start
1 2 3 15 5 14
2 1 2 44
3 3 2 34 3 31 5 30
4 2 2 13 3 16
5 3 1 30 4 28 5 28
6 1 4 29
7 2 3 21 5 25
8 4 1 31 2 31 3 29 5 30
9 3 1 18 4 11 5 15
10 2 2 15 4 10
11 4 1 26 2 23 3 23 4 22
12 2 4 33 5 37
13 3 1 31 4 33 5 32
14 1 1 36
15 5 1 28 2 29 3 25 4 28 5 32
16 2 1 28 5 25
17 4 1 25 2 30 3 35 5 33
18 2 3 25 4 30
19 4 1 22 2 23 3 18 5 22
20 end
