1 5 22
out
0 1 2 3 4 5
1 (9,12) 6
2 8 6 7
3 8 6 7
4 8 6 7
5 8
6 21
7 21
8 21
9 10
10 11
11 8
12 13
13 15 16 18 14
14 8
15 14
16 17
17 14
18 19
19 20
20 14
in
8 (11,14)
info
0 start
1 3 1 20 2 21 3 20
2 2 4 24 5 25
3 3 2 43 3 35 5 42
4 2 2 39 5 44
5 5 1 30 2 29 3 27 4 29 5 26
6 5 1 48 2 46 3 47 4 46 5 48
7 3 2 37 4 37 5 38
8 4 1 24 2 27 3 25 4 22
9 3 2 49 3 47 4 50
10 1 5 17
11 3 1 15 2 19 4 19
12 3 2 9 3 15 5 9
13 3 2 23 3 16 5 19
14 3 1 17 3 15 4 20
15 3 2 24 4 22 5 22
16 1 2 20
17 3 2 11 4 16 5 11
18 2 2 40 3 44
19 2 3 40 5 38
20 5 1 28 2 30 3 31 4 29 5 32
21 end
