1 5 22
out
0 1 2 3 4 5
1 11
2 8 10 6
3 8 10 11
4 8 7
5 9
6 12
7 12 13 15
8 13
9 12 14 15
10 13 14
11 13 15
12 16 17 18
13 19 20
14 20
15 16 19 20
16 21
17 21
18 21
19 21
20 21
in
info
0 start
1 2 3 37 4 41
2 4 1 23 2 22 4 23 5 18
3 3 2 9 3 11 5 13
4 3 1 22 3 19 5 19
5 3 2 15 3 20 4 18
6 2 1 30 4 36
7 2 1 38 4 41
8 3 1 28 4 26 5 30
9 4 1 44 3 43 4 42 5 48
10 3 1 38 2 30 3 35
11 3 1 34 2 31 5 32
12 3 1 21 2 15 3 14
13 2 2 39 4 41
14 2 2 30 5 23
15 3 1 44 3 39 5 44
16 3 1 45 3 49 4 46
17 1 1 39
18 1 2 33
19 1 1 37
20 3 1 19 2 17 5 13
21 end
