1 5 22
out
0 (11,12,13) 1 2 4 5
1 6
2 (17,18) 
3 6
4 (7,8,9) 
5 6
6 21
7 6
8 6
9 10
10 6
11 3
12 3
13 14
14 15
15 3
16 6
17 16
18 19
19 20
20 16
in
6 (7,8,10)
3 (15,11,12)
16 (17,20)
info
0 start
1 3 2 12 3 14 5 12
2 2 1 44 4 39
3 2 1 41 5 41
4 2 3 20 5 17
5 2 1 18 2 21
6 1 2 22
7 2 1 31 4 37
8 3 1 37 2 34 5 31
9 2 2 38 4 36
10 4 1 25 2 26 3 29 4 27
11 2 2 20 3 12
12 2 1 41 3 37
13 5 1 31 2 31 3 29 4 34 5 30
14 2 1 21 3 16
15 4 1 43 2 41 3 42 4 41
16 supernode
17 4 1 12 2 13 3 17 4 18
18 1 4 18
19 3 2 31 3 27 5 32
20 1 1 24
21 end
