1 5 22
out
0 (16,13) 1 2 4
1 5 6 7
2 5
3 8 5 6
4 8 5 6
5 21
6 21
7 (9,10,11) 
8 21
9 21
10 21
11 12
12 (18,20) 
13 14
14 15
15 3
16 3
17 21
18 19
19 17
20 17
in
21 (17,9,10)
3 (15,16)
17 (19,20)
info
0 start
1 5 1 28 2 30 3 32 4 26 5 36
2 2 1 15 2 10
3 2 1 19 3 14
4 3 2 9 3 10 5 9
5 2 2 21 4 19
6 1 3 30
7 4 1 48 2 45 3 48 5 40
8 3 2 35 3 35 4 43
9 2 3 28 4 34
10 5 1 17 2 22 3 16 4 22 5 20
11 2 4 18 5 19
12 1 3 20
13 2 4 39 5 47
14 2 3 34 5 31
15 1 3 26
16 2 2 8 5 13
17 supernode
18 2 2 22 4 22
19 3 1 23 3 23 4 18
20 2 1 36 2 28
21 end
