1 5 22
out
0 (5,6) 2
1 3 4
2 3 4
3 21
4 21
5 1
6 7 8 11 14
7 16
8 9
9 (17,20) 
10 7
11 12
12 13
13 7
14 15
15 7
16 1
17 18
18 19
19 10
20 10
in
1 (16,5)
10 (19,20)
info
0 start
1 1 5 10
2 2 4 21 5 23
3 3 1 40 3 42 4 40
4 2 1 32 3 29
5 4 2 35 3 27 4 34 5 29
6 1 2 15
7 4 2 26 3 34 4 30 5 26
8 2 2 38 4 34
9 3 1 40 2 40 5 39
10 3 1 34 3 32 5 31
11 3 1 6 3 13 4 9
12 3 2 18 3 18 4 13
13 2 4 40 5 40
14 2 2 43 3 35
15 2 2 32 3 30
16 1 3 27
17 2 1 45 5 41
18 1 3 11
19 3 2 8 3 7 5 5
20 2 2 39 5 39
21 end
