1 5 20
out
0 (10,11) 2 3 4 5
1 6
2 9
3 (16,17,14) 
4 8 9
5 9 7
6 8 7
7 19
8 19
9 19
10 1
11 12
12 13
13 1
14 15
15 8
16 8
17 18
18 8
in
1 (10,13)
8 (15,16,18)
info
0 start
1 5 1 17 2 15 3 22 4 23 5 23
2 2 1 34 2 36
3 2 3 24 5 19
4 1 2 23
5 2 2 24 3 23
6 3 2 27 4 30 5 29
7 5 1 24 2 28 3 28 4 24 5 25
8 3 1 41 2 44 5 45
9 3 1 28 2 27 5 26
10 2 2 17 5 13
11 5 1 45 2 46 3 45 4 42 5 47
12 4 1 38 3 36 4 35 5 37
13 3 2 8 4 6 5 9
14 5 1 26 2 31 3 26 4 28 5 27
15 1 4 14
16 1 2 36
17 3 2 12 3 10 5 14
18 1 3 38
19 end
