1 5 20
out
0 (3,4,5) 1
1 19
2 19
3 2
4 2
5 (7,15,9) 
6 (17,18) 
7 8
8 6
9 10 11 13
10 6
11 12
12 10
13 14
14 10
15 6
16 2
17 16
18 16
in
2 (16,3,4)
6 (15,8,10)
16 (17,18)
info
0 start
1 3 1 46 3 46 4 43
2 3 1 9 3 9 5 9
3 3 2 19 4 17 5 26
4 1 1 43
5 4 1 44 2 46 3 41 4 41
6 supernode
7 4 1 21 2 22 3 22 4 22
8 2 3 22 4 27
9 4 2 23 3 24 4 30 5 25
10 3 3 29 4 31 5 30
11 3 1 32 2 26 3 26
12 4 1 21 3 15 4 18 5 21
13 4 1 38 3 40 4 35 5 37
14 2 2 33 3 30
15 2 2 30 4 35
16 supernode
17 3 3 18 4 20 5 17
18 1 3 30
19 end
