1 5 22
out
0 (3,4,6) 2
1 21
2 (7,8) 
3 1
4 5
5 1
6 1
7 21
8 9 10 11 12
9 21
10 9
11 9
12 (15,16,13) 
13 14
14 9
15 9
16 17 18 19
17 9
18 17
19 20
20 17
in
1 (3,5,6)
21 (7,9)
9 (15,17,14)
info
0 start
1 2 1 33 3 31
2 3 1 19 2 19 4 22
3 2 2 32 3 33
4 2 2 29 4 30
5 4 1 9 3 10 4 8 5 9
6 4 1 30 2 25 3 25 5 31
7 3 1 31 3 23 4 28
8 2 2 35 3 36
9 3 2 27 3 28 5 28
10 4 1 43 2 35 4 36 5 41
11 2 3 27 5 30
12 3 3 13 4 19 5 19
13 2 1 27 4 21
14 3 2 18 3 18 5 13
15 5 1 28 2 25 3 23 4 23 5 26
16 2 3 28 4 29
17 2 2 42 3 41
18 5 1 19 2 21 3 14 4 20 5 17
19 2 3 17 4 15
20 1 3 32
21 end
