1 5 22
out
0 1 2 3 4 5
1 9 7
2 8 9 6
3 10
4 9 10
5 6 7
6 13 14
7 12 15
8 11 12
9 13 15
10 11 12 13
11 21
12 (16,18,20) 
13 21
14 21
15 21
16 17
17 21
18 19
19 21
20 21
in
21 (17,19,20)
info
0 start
1 3 1 26 3 21 5 23
2 4 1 18 2 13 4 18 5 12
3 3 1 41 4 42 5 42
4 4 1 36 3 38 4 44 5 45
5 2 3 14 4 15
6 3 2 33 3 34 4 38
7 3 1 19 2 20 3 24
8 2 2 29 5 30
9 2 3 15 5 19
10 3 1 14 2 13 5 14
11 2 3 24 5 27
12 2 1 30 3 29
13 2 4 38 5 43
14 3 1 20 4 24 5 19
15 2 2 18 4 18
16 4 1 15 3 16 4 14 5 13
17 2 1 15 4 14
18 2 1 39 2 41
19 1 5 36
20 3 2 27 4 25 5 22
21 end
