1 5 21
out
0 1 2
1 (3,5,6) 
2 (9,10) 
3 (16,19) 
4 20
5 20
6 7
7 20
8 20
9 8
10 11 12 13
11 8
12 11
13 14
14 15
15 11
16 17
17 18
18 4
19 4
in
20 (7,4,5)
8 (9,11)
4 (18,19)
info
0 start
1 2 1 36 4 35
2 4 2 26 3 19 4 22 5 23
3 2 2 16 5 17
4 3 1 37 2 36 3 37
5 3 2 48 4 48 5 44
6 3 1 27 2 28 3 23
7 2 4 40 5 43
8 supernode
9 2 2 34 3 37
10 3 1 23 3 21 4 24
11 3 1 12 3 10 5 13
12 5 1 26 2 30 3 30 4 28 5 22
13 2 2 24 5 22
14 2 4 7 5 9
15 2 1 37 5 36
16 3 1 24 3 20 5 20
17 1 3 22
18 3 2 22 3 25 5 30
19 3 1 36 2 31 3 38
20 end
