1 5 22
out
0 1 2 3 4 7 8
1 5
2 5
3 6
4 10
5 9
6 (11,12,14) 9
7 (17,19) 10
8 9 10
9 21
10 21
11 10
12 13
13 10
14 15
15 16
16 10
17 18
18 9
19 20
20 9
in
10 (16,11,13)
9 (18,20)
info
0 start
1 4 1 17 2 13 3 21 5 19
2 2 2 11 4 14
3 2 3 7 4 8
4 3 1 23 4 23 5 24
5 3 1 43 3 33 5 36
6 3 2 6 3 8 5 13
7 2 2 15 3 11
8 2 3 27 4 29
9 2 4 9 5 14
10 4 1 17 2 12 3 12 4 12
11 3 1 26 4 27 5 31
12 3 1 15 3 17 5 14
13 1 2 30
14 3 1 29 2 32 3 29
15 2 1 21 5 25
16 2 1 32 4 40
17 2 1 38 5 35
18 4 2 12 3 12 4 10 5 10
19 1 4 15
20 1 5 19
21 end
