1 5 22
out
0 1 2
1 5 6 7
2 3 4 5
3 9
4 8
5 8 9
6 (18,10,20) 
7 8 9
8 21
9 21
10 16 11 12 13
11 9
12 11
13 14
14 15
15 11
16 17
17 11
18 19
19 9
20 9
in
9 (20,11,19)
info
0 start
1 2 1 42 3 44
2 1 4 38
3 1 4 20
4 4 1 14 3 9 4 10 5 15
5 3 1 27 2 26 5 27
6 2 4 31 5 26
7 3 3 38 4 35 5 28
8 4 1 21 3 16 4 22 5 16
9 4 2 39 3 35 4 39 5 34
10 1 4 26
11 2 2 29 5 27
12 3 1 35 2 35 5 31
13 3 2 8 4 8 5 14
14 2 1 22 3 16
15 2 2 15 5 10
16 3 2 39 3 38 4 40
17 1 4 19
18 2 3 21 4 18
19 5 1 24 2 24 3 17 4 21 5 24
20 1 1 24
21 end
