1 5 20
out
0 1 2 3 4 5 6
1 8 9 10
2 7
3 8 10 11
4 7
5 (15,17) 
6 10 11
7 12 13 14
8 12 14
9 12 14
10 13 14
11 12
12 19
13 19
14 19
15 16
16 9
17 18
18 9
in
9 (16,18)
info
0 start
1 4 1 14 2 16 3 14 4 15
2 3 1 33 2 39 3 41
3 5 1 37 2 40 3 37 4 35 5 36
4 3 1 27 4 29 5 31
5 4 1 40 2 36 4 41 5 41
6 1 2 43
7 2 3 34 5 31
8 4 1 37 2 38 4 33 5 34
9 2 3 23 5 26
10 3 2 32 3 31 4 25
11 4 2 30 3 29 4 25 5 28
12 2 4 24 5 27
13 3 1 33 2 37 4 29
14 2 1 36 3 36
15 3 1 37 3 30 5 29
16 2 2 31 3 28
17 2 2 28 3 26
18 3 1 29 3 23 4 26
19 end
