1 5 22
out
0 1 2
1 21
2 (3,6) 
3 4
4 5
5 21
6 (8,11,13) 
7 21
8 9
9 10
10 7
11 12
12 7
13 15 17 14
14 20
15 16
16 14
17 18
18 19
19 14
20 7
in
21 (7,5)
7 (20,10,12)
info
0 start
1 4 1 18 2 19 3 14 5 15
2 3 1 42 4 42 5 38
3 1 2 39
4 1 3 29
5 3 1 24 4 28 5 29
6 4 1 21 2 22 3 22 4 18
7 2 1 37 5 43
8 4 1 34 3 38 4 35 5 31
9 2 3 17 4 19
10 4 2 24 3 18 4 19 5 15
11 1 1 13
12 3 1 32 3 30 5 31
13 2 1 15 4 11
14 4 1 15 2 13 3 15 4 15
15 3 3 19 4 18 5 19
16 4 1 18 2 21 3 21 4 20
17 3 1 12 4 7 5 11
18 3 1 13 2 13 5 9
19 4 1 45 2 39 3 42 4 39
20 3 2 45 4 38 5 38
21 end
