1 5 21
out
0 1 2 3 4 5 10
1 7
2 6
3 8 6 7
4 (15,16,18) 8 9
5 8 9
6 12 13
7 12 14
8 11 14
9 11 13 14
10 13
11 20
12 20
13 20
14 20
15 6
16 17
17 6
18 19
19 6
in
6 (15,17,19)
info
0 start
1 1 4 16
2 2 2 40 5 46
3 3 1 21 3 12 4 20
4 3 1 35 2 37 4 33
5 4 1 39 2 40 3 45 5 42
6 3 1 43 2 43 3 42
7 4 1 45 2 40 3 39 5 41
8 3 2 24 4 24 5 23
9 1 4 37
10 4 1 34 2 39 3 41 4 40
11 2 1 36 5 40
12 2 1 18 2 20
13 2 1 33 5 27
14 2 1 11 4 12
15 4 1 28 3 23 4 27 5 23
16 4 1 10 2 14 4 9 5 11
17 3 1 19 2 23 3 20
18 3 1 17 2 13 4 13
19 1 5 38
20 end
