1 5 19
out
0 1 2 3 4 5 6 13
1 10 11 7
2 8 10
3 9
4 (16,17) 7
5 7
6 9 11
7 12 15
8 12
9 12 14 15
10 12 14 15
11 12 14 15
12 18
13 18
14 18
15 18
16 11
17 11
in
11 (16,17)
info
0 start
1 4 1 21 2 20 4 17 5 15
2 3 1 41 4 38 5 39
3 4 1 47 3 43 4 47 5 41
4 2 3 19 5 20
5 3 2 22 3 21 4 18
6 4 1 8 2 9 3 12 4 10
7 4 2 18 3 16 4 20 5 18
8 2 1 11 2 12
9 2 1 38 5 37
10 4 1 13 3 17 4 19 5 20
11 2 2 10 3 11
12 3 1 35 2 38 4 30
13 1 4 15
14 4 1 20 2 20 3 20 5 19
15 5 1 46 2 43 3 39 4 40 5 40
16 1 2 16
17 2 2 36 5 36
18 end
