1 5 22
out
0 1 2
1 (8,11,14) 3
2 3 4
3 (7,5,6) 
4 21
5 21
6 21
7 21
8 9
9 10
10 4
11 12
12 13
13 4
14 15 16 18 20
15 4
16 17
17 15
18 19
19 15
20 15
in
21 (7,5,6)
4 (15,10,13)
info
0 start
1 2 2 36 3 38
2 1 2 32
3 4 2 18 3 18 4 18 5 20
4 2 2 32 3 30
5 3 1 38 2 39 5 41
6 3 1 25 3 23 4 27
7 4 1 34 2 43 4 38 5 43
8 4 2 38 3 44 4 47 5 41
9 4 1 34 2 33 4 33 5 32
10 2 1 13 5 13
11 2 4 37 5 33
12 3 1 13 2 16 3 17
13 3 3 20 4 21 5 26
14 2 4 24 5 15
15 3 1 39 2 44 3 39
16 1 2 27
17 5 1 35 2 33 3 32 4 37 5 30
18 4 1 30 3 28 4 29 5 26
19 2 3 28 5 37
20 3 2 30 3 35 5 30
21 end
