1 5 21
out
0 (16,18,19) 1 2 3
1 5 6
2 (15,13) 6 7
3 5 7
4 (8,11) 7
5 20
6 20
7 20
8 9
9 10
10 5
11 5
12 5
13 14
14 12
15 12
16 17
17 4
18 4
19 4
in
5 (10,11)
12 (15,14)
4 (17,18,19)
info
0 start
1 2 1 36 4 35
2 3 1 28 4 28 5 28
3 3 3 21 4 25 5 24
4 3 1 41 2 37 5 36
5 3 1 11 2 11 3 16
6 2 1 10 3 12
7 1 5 32
8 2 2 28 5 30
9 4 1 31 3 37 4 33 5 31
10 1 3 38
11 4 2 15 3 20 4 15 5 12
12 supernode
13 2 3 18 5 23
14 3 1 14 3 14 4 16
15 3 1 13 3 11 4 10
16 2 4 19 5 25
17 2 4 23 5 23
18 3 1 20 2 16 3 24
19 1 3 32
20 end
