1 5 21
out
0 1 2 3 4 9 10
1 5 6
2 5 6
3 5 6
4 6
5 11 7
6 8
7 20
8 (15,18,12) 
9 20
10 20
11 20
12 13
13 14
14 20
15 16
16 17
17 20
18 19
19 20
in
20 (17,19,14)
info
0 start
1 3 1 21 3 24 5 25
2 4 1 29 2 34 3 33 5 30
3 1 1 10
4 2 2 28 3 30
5 1 5 27
6 3 1 37 4 38 5 34
7 3 1 32 2 32 3 27
8 2 2 27 5 20
9 1 4 42
10 3 1 46 2 43 4 46
11 2 1 33 4 32
12 2 2 31 4 32
13 3 1 16 3 18 5 20
14 4 2 34 3 39 4 34 5 31
15 3 1 20 3 25 4 24
16 3 1 21 2 21 4 31
17 2 1 39 4 45
18 3 2 21 4 27 5 21
19 3 1 38 3 40 5 41
20 end
