1 5 22
out
0 1 2 3 4
1 8
2 5 6 7
3 8 5 7
4 (19,20) 5 7
5 9 11
6 9 10 11
7 9 10 11
8 (12,13) 10 11
9 21
10 21
11 21
12 9
13 15 16 17 14
14 18
15 14
16 14
17 14
18 9
19 8
20 8
in
9 (18,12)
8 (19,20)
info
0 start
1 3 2 34 4 29 5 29
2 1 5 46
3 4 1 13 3 17 4 14 5 14
4 2 1 18 3 22
5 3 1 20 2 18 3 20
6 1 1 35
7 1 3 31
8 3 1 8 2 13 5 9
9 2 4 33 5 33
10 2 1 13 2 10
11 4 1 34 2 41 4 34 5 36
12 3 1 45 2 43 5 39
13 4 1 16 3 16 4 12 5 17
14 3 2 16 3 18 5 15
15 1 2 36
16 3 1 42 2 45 5 45
17 3 1 18 3 20 5 19
18 3 1 37 3 36 4 30
19 1 5 45
20 3 3 17 4 15 5 14
21 end
