1 5 21
out
0 1 2 4
1 (5,14) 
2 20
3 (15,16,18) 
4 20
5 6
6 7 8 11
7 3
8 9
9 10
10 7
11 12
12 13
13 7
14 3
15 20
16 17
17 20
18 19
19 20
in
3 (7,14)
20 (15,17,19)
info
0 start
1 2 2 12 4 14
2 3 1 44 3 46 4 46
3 2 2 45 3 44
4 3 1 28 4 29 5 28
5 2 1 39 5 39
6 3 2 47 4 46 5 45
7 3 1 22 3 18 5 19
8 4 1 25 2 29 3 30 4 28
9 1 3 47
10 3 2 26 4 28 5 27
11 4 1 14 2 14 4 18 5 18
12 4 1 10 2 6 4 5 5 5
13 4 2 38 3 37 4 36 5 38
14 3 1 30 4 25 5 25
15 2 2 23 3 26
16 2 2 26 5 29
17 3 2 17 4 14 5 21
18 3 2 37 4 39 5 38
19 2 1 36 4 38
20 end
