1 5 21
out
0 1 2 3 4 5 9
1 7
2 6 7
3 8
4 10 6
5 10 6 7
6 14
7 11 12 13
8 11
9 11 13 14
10 11 12 14
11 18
12 16 19
13 17 19
14 18 15
15 20
16 20
17 20
18 20
19 20
in
info
0 start
1 4 1 46 2 48 3 45 5 47
2 5 1 30 2 35 3 33 4 33 5 37
3 3 2 7 4 11 5 16
4 4 2 39 3 47 4 38 5 39
5 3 2 11 3 15 4 14
6 5 1 37 2 36 3 35 4 36 5 33
7 3 1 19 2 21 3 20
8 4 1 11 2 19 3 12 4 11
9 4 1 23 2 27 3 31 5 27
10 3 3 23 4 26 5 27
11 3 1 26 2 19 3 24
12 2 1 43 2 41
13 3 1 20 2 17 4 13
14 2 1 29 2 32
15 1 2 15
16 3 1 42 4 38 5 40
17 4 1 39 3 36 4 38 5 40
18 1 1 38
19 1 3 37
20 end
