1 5 22
out
0 1 2 3
1 21
2 (7,4,6) 
3 21
4 5
5 21
6 (17,10,19) 
7 8
8 21
9 21
10 11
11 16 12 13
12 9
13 14
14 15
15 12
16 12
17 18
18 9
19 20
20 9
in
21 (8,9,5)
9 (20,18,12)
info
0 start
1 3 1 34 3 35 5 26
2 3 1 12 3 13 4 12
3 3 2 22 3 21 4 27
4 3 1 41 2 42 3 40
5 3 1 16 2 16 3 14
6 3 1 24 3 31 5 32
7 1 3 32
8 2 1 17 4 15
9 supernode
10 3 1 38 4 31 5 39
11 3 1 40 2 35 4 40
12 3 1 40 2 37 4 41
13 2 3 28 4 31
14 3 1 36 2 39 4 36
15 3 2 36 3 36 4 41
16 4 2 40 3 35 4 43 5 35
17 3 2 34 3 35 5 25
18 2 1 40 5 36
19 4 1 27 3 20 4 27 5 28
20 3 3 20 4 26 5 22
21 end
