1 5 22
out
0 (15,18,12) 1 3 4 5
1 8 7
2 (9,10) 8
3 7
4 6 7
5 8 6 7
6 21
7 21
8 21
9 7
10 11
11 7
12 13
13 14
14 2
15 16
16 17
17 2
18 19
19 20
20 2
in
7 (9,11)
2 (17,20,14)
info
0 start
1 3 2 42 3 43 5 39
2 5 1 13 2 14 3 17 4 18 5 15
3 1 1 24
4 2 3 18 4 24
5 3 3 9 4 8 5 8
6 2 1 22 3 19
7 1 3 16
8 1 4 26
9 4 1 40 2 46 4 37 5 41
10 3 3 33 4 34 5 39
11 5 1 26 2 19 3 27 4 26 5 21
12 4 1 33 2 33 3 38 5 33
13 3 2 34 3 37 5 36
14 3 1 23 2 24 4 21
15 4 1 15 2 13 3 7 5 16
16 1 1 49
17 3 2 40 3 35 4 34
18 4 2 33 3 33 4 34 5 35
19 4 2 38 3 33 4 37 5 30
20 2 2 19 5 23
21 end
