1 5 21
out
0 (14,4,6) 1 2
1 (15,16) 
2 20
3 20
4 5
5 3
6 7 8 9 12
7 (18,19) 
8 7
9 10
10 11
11 7
12 7
13 3
14 3
15 20
16 17
17 20
18 13
19 13
in
3 (14,5,13)
20 (15,17)
13 (18,19)
info
0 start
1 3 1 31 2 27 3 32
2 3 3 28 4 31 5 32
3 2 3 33 5 27
4 2 3 31 4 30
5 1 5 29
6 3 1 45 4 42 5 41
7 2 2 20 3 21
8 2 3 18 4 28
9 4 1 32 2 28 4 29 5 30
10 3 2 26 3 27 4 25
11 3 1 28 3 32 4 32
12 3 1 39 2 39 4 38
13 4 1 38 2 36 3 45 5 39
14 5 1 44 2 48 3 48 4 46 5 47
15 1 5 22
16 3 1 9 3 9 4 10
17 2 3 35 5 35
18 3 1 13 2 15 5 16
19 4 2 19 3 21 4 22 5 21
20 end
