1 5 22
out
0 1 2 3 4 5
1 9 6
2 8 7
3 7
4 9 7
5 8
6 13 14
7 10 14
8 10 11 13
9 10 12
10 16 18
11 18 15
12 16 17
13 16
14 16 17 18
15 21
16 21
17 (19,20) 
18 21
19 21
20 21
in
21 (19,20)
info
0 start
1 4 1 20 3 21 4 19 5 22
2 3 2 19 3 23 5 24
3 1 2 32
4 4 2 12 3 18 4 18 5 18
5 3 1 19 3 18 4 21
6 1 4 22
7 4 2 29 3 24 4 29 5 22
8 3 1 17 2 11 3 13
9 2 1 13 4 13
10 4 2 36 3 32 4 33 5 30
11 2 3 43 5 40
12 2 1 41 2 42
13 2 1 36 3 36
14 3 1 40 2 43 5 33
15 2 1 12 5 18
16 4 1 28 2 31 3 28 5 30
17 1 5 41
18 3 2 37 3 43 4 40
19 3 1 37 2 39 5 40
20 1 3 13
21 end
