1 5 21
out
0 1 2 3 4 5 6 7 8
1 12
2 9 10
3 9 13
4 9 11 13
5 12
6 11 12 13
7 10 11
8 13
9 16 14
10 16 15
11 15
12 17 14
13 17 14
14 18 19
15 18 19
16 18 19
17 18 19
18 20
19 20
in
info
0 start
1 3 1 40 4 43 5 38
2 2 1 17 2 23
3 1 5 45
4 1 5 23
5 1 1 28
6 2 1 43 2 48
7 3 1 42 2 35 5 38
8 1 1 16
9 4 1 32 2 35 3 37 4 40
10 3 3 17 4 17 5 22
11 1 1 41
12 2 2 36 5 43
13 3 1 27 3 28 5 32
14 2 2 6 3 12
15 5 1 25 2 24 3 28 4 27 5 25
16 3 1 11 2 13 4 13
17 4 1 29 3 24 4 30 5 31
18 1 4 41
19 3 1 37 2 43 3 39
20 end
