1 5 22
out
0 1 2 3 4 7 15
1 9 10
2 8 10
3 5
4 6
5 12
6 11 13 14
7 14
8 (18,20) 11 13
9 11 12 13
10 11 12
11 21
12 21
13 21
14 (16,17) 
15 21
16 21
17 21
18 19
19 12
20 12
in
21 (16,17)
12 (19,20)
info
0 start
1 3 1 12 2 14 3 8
2 3 3 34 4 34 5 31
3 2 4 40 5 43
4 1 2 28
5 3 1 9 2 15 5 11
6 3 2 18 3 19 4 24
7 2 4 21 5 17
8 4 1 38 2 34 4 36 5 36
9 4 1 36 2 37 3 41 4 38
10 5 1 33 2 31 3 36 4 31 5 38
11 4 2 24 3 30 4 24 5 23
12 2 1 45 4 35
13 2 2 17 4 13
14 4 1 17 2 16 3 12 5 18
15 2 3 21 5 18
16 3 1 44 3 49 4 48
17 2 1 38 2 42
18 2 2 45 5 45
19 2 1 17 4 24
20 1 3 45
21 end
