1 5 20
out
0 1 2 3 4
1 (11,13) 
2 5 6 7
3 5 6 7
4 6 7
5 9 10
6 8 9 10
7 8 10
8 19
9 19
10 (15,18) 
11 12
12 7
13 14
14 7
15 16
16 17
17 19
18 19
in
7 (12,14)
19 (17,18)
info
0 start
1 3 2 35 3 40 4 35
2 2 1 44 5 42
3 1 5 18
4 4 1 30 2 23 3 29 5 29
5 1 5 32
6 2 3 27 5 27
7 1 5 8
8 1 4 16
9 4 1 39 2 46 3 44 5 44
10 3 2 45 3 47 4 46
11 2 3 22 5 21
12 3 2 13 3 14 4 10
13 4 1 19 2 27 3 23 4 26
14 4 1 12 2 9 4 10 5 11
15 4 1 8 2 13 3 6 4 13
16 2 4 17 5 22
17 4 1 33 3 29 4 35 5 29
18 4 1 29 2 26 4 27 5 27
19 end
