1 5 21
out
0 (7,8) 2 3
1 6
2 4 5
3 4 5 6
4 (9,10) 
5 20
6 20
7 1
8 1
9 20
10 11
11 15 18 12 13
12 20
13 14
14 12
15 16
16 17
17 12
18 19
19 12
in
1 (7,8)
20 (9,12)
info
0 start
1 4 1 30 2 33 3 28 5 28
2 2 1 34 5 33
3 2 4 14 5 11
4 4 1 27 2 27 3 25 4 22
5 4 1 16 3 14 4 19 5 14
6 5 1 46 2 41 3 44 4 41 5 43
7 2 4 29 5 25
8 3 2 29 4 30 5 30
9 3 1 43 3 41 5 43
10 3 2 29 3 28 4 26
11 3 1 21 2 27 5 20
12 1 2 25
13 3 1 41 3 37 4 40
14 3 1 35 3 37 5 42
15 2 1 12 2 10
16 3 1 39 2 39 5 44
17 4 1 42 2 44 4 44 5 44
18 2 4 41 5 36
19 2 1 32 5 30
20 end
