1 5 22
out
0 (16,18,20) 1 2
1 (10,11) 4 5
2 4 6
3 4 5 6
4 9
5 8 9 7
6 8 9 7
7 (15,13,14) 
8 21
9 21
10 6
11 12
12 6
13 21
14 21
15 21
16 17
17 3
18 19
19 3
20 3
in
6 (10,12)
21 (15,13,14)
3 (17,19,20)
info
0 start
1 3 1 24 4 22 5 27
2 1 5 49
3 3 2 17 4 17 5 19
4 4 1 23 2 25 3 24 5 23
5 1 5 42
6 3 3 22 4 17 5 18
7 5 1 12 2 11 3 8 4 7 5 7
8 2 2 29 3 27
9 4 1 12 2 9 3 10 5 8
10 3 2 34 3 29 5 29
11 4 1 28 2 31 4 35 5 35
12 2 1 14 5 19
13 2 2 16 4 17
14 2 2 39 3 33
15 2 2 30 5 35
16 3 1 43 2 39 5 37
17 2 1 19 5 9
18 1 5 15
19 1 5 25
20 2 1 19 5 18
21 end
