1 5 22
out
0 1 2 6
1 (18,11,20) 
2 3 4 5
3 21
4 21
5 21
6 (7,10) 
7 8
8 9
9 21
10 21
11 12 13 14
12 17
13 12
14 15
15 16
16 12
17 3
18 19
19 3
20 3
in
21 (9,10)
3 (17,19,20)
info
0 start
1 1 3 21
2 4 1 28 2 23 3 22 5 26
3 3 1 42 2 39 5 38
4 2 2 25 5 19
5 1 3 13
6 2 1 35 5 32
7 3 2 23 3 20 4 23
8 3 2 37 3 34 4 34
9 1 4 28
10 2 2 14 3 14
11 2 4 16 5 22
12 4 1 28 2 28 3 29 4 26
13 2 1 42 3 38
14 2 3 41 4 45
15 1 2 20
16 1 3 44
17 4 1 44 3 42 4 41 5 41
18 2 2 26 4 29
19 4 1 39 3 44 4 36 5 42
20 1 1 25
21 end
