1 5 22
out
0 1 2
1 (3,4,5) 
2 21
3 21
4 (7,8) 
5 21
6 (15,11,14) 
7 6
8 9
9 6
10 21
11 12
12 13
13 10
14 10
15 16 17 20
16 10
17 18
18 19
19 16
20 16
in
21 (10,3,5)
6 (7,9)
10 (16,13,14)
info
0 start
1 2 1 40 4 37
2 4 2 8 3 11 4 18 5 10
3 2 2 23 3 28
4 1 2 36
5 2 3 40 5 41
6 supernode
7 3 1 38 3 36 4 37
8 4 2 17 3 20 4 15 5 17
9 3 1 12 3 15 5 13
10 supernode
11 2 2 40 3 34
12 2 1 29 2 30
13 3 2 41 4 38 5 42
14 3 1 17 2 20 4 16
15 1 3 24
16 3 1 29 3 29 5 26
17 1 4 20
18 3 1 28 3 28 5 29
19 2 2 35 5 35
20 3 1 12 3 8 4 9
21 end
