1 5 21
out
0 1 2 3
1 (15,4) 
2 20
3 20
4 5
5 7 10 13 6
6 (17,18) 
7 8
8 9
9 6
10 11
11 12
12 6
13 14
14 6
15 20
16 20
17 16
18 19
19 16
in
20 (15,16)
16 (17,19)
info
0 start
1 3 1 21 3 23 4 19
2 2 1 22 2 25
3 3 1 34 3 27 4 32
4 1 4 31
5 2 2 43 3 40
6 1 1 15
7 2 1 22 3 14
8 2 1 14 2 14
9 4 1 46 2 46 4 47 5 43
10 5 1 11 2 13 3 18 4 15 5 15
11 2 1 14 5 13
12 1 4 44
13 5 1 19 2 14 3 11 4 17 5 16
14 2 1 12 5 10
15 2 1 24 5 30
16 supernode
17 5 1 34 2 35 3 37 4 35 5 39
18 2 3 35 4 36
19 3 1 31 4 35 5 36
20 end
