1 5 19
out
0 (7,4) 1 2
1 18
2 18
3 (12,14) 
4 (15,17) 
5 6
6 3
7 8 9 11
8 3
9 10
10 8
11 8
12 13
13 18
14 18
15 16
16 5
17 5
in
3 (8,6)
18 (13,14)
5 (16,17)
info
0 start
1 2 3 46 4 43
2 4 1 18 2 27 4 18 5 26
3 3 2 43 3 38 4 37
4 4 1 22 3 12 4 20 5 15
5 4 1 23 2 17 3 17 5 20
6 4 2 37 3 37 4 35 5 31
7 4 1 28 3 24 4 23 5 19
8 4 1 18 2 26 4 26 5 20
9 1 3 25
10 1 5 27
11 2 1 9 4 16
12 4 1 24 2 24 3 24 5 21
13 3 2 28 3 35 5 31
14 3 1 28 2 25 3 24
15 2 1 30 3 31
16 3 1 13 2 12 3 18
17 3 2 25 3 28 5 23
18 end
