1 5 21
out
0 1 2 7
1 3 5
2 (17,11,14) 3
3 9
4 8 10
5 9 6
6 20
7 20
8 20
9 20
10 (18,19) 
11 12
12 13
13 4
14 15
15 16
16 4
17 4
18 20
19 20
in
4 (16,17,13)
20 (18,19)
info
0 start
1 3 2 14 3 10 4 7
2 1 2 14
3 2 2 9 5 12
4 1 4 39
5 2 2 14 5 12
6 4 1 32 2 32 3 31 4 30
7 2 1 45 4 43
8 3 2 43 3 42 4 43
9 2 2 36 3 36
10 1 3 24
11 3 1 41 4 38 5 42
12 3 1 39 2 30 4 37
13 3 1 15 3 14 5 12
14 3 1 15 4 8 5 9
15 1 5 17
16 4 2 44 3 39 4 44 5 46
17 3 2 18 4 22 5 23
18 4 1 23 2 21 4 19 5 25
19 3 1 14 3 11 4 16
20 end
