1 5 21
out
0 1 2 3 4
1 (12,13) 
2 5
3 (9,6) 
4 5
5 20
6 7
7 8
8 5
9 10
10 5
11 5
12 (16,18) 
13 14
14 11
15 11
16 17
17 15
18 19
19 15
in
5 (8,10)
11 (15,14)
15 (17,19)
info
0 start
1 4 1 43 2 45 4 44 5 42
2 3 1 32 2 31 5 37
3 3 2 20 3 24 5 25
4 2 4 24 5 19
5 4 1 37 2 36 3 34 4 34
6 2 2 44 5 36
7 3 1 36 2 33 3 31
8 4 1 34 3 32 4 34 5 32
9 2 1 33 3 34
10 1 4 23
11 supernode
12 5 1 32 2 27 3 34 4 26 5 29
13 3 1 24 2 24 3 22
14 2 3 28 4 28
15 supernode
16 4 1 41 2 44 3 45 4 47
17 3 1 41 3 36 5 44
18 3 1 9 2 9 4 10
19 2 4 38 5 30
20 end
