1 5 22
out
0 1 2
1 (3,4) 
2 21
3 21
4 (8,6) 
5 21
6 7
7 5
8 9 10 12 14
9 17
10 (18,19,20) 
11 9
12 13
13 9
14 15
15 16
16 9
17 5
18 11
19 11
20 11
in
21 (3,5)
5 (7,17)
11 (18,19,20)
info
0 start
1 3 2 36 3 36 5 39
2 2 1 14 4 21
3 3 2 43 3 40 4 43
4 3 1 35 4 33 5 36
5 3 1 28 2 29 5 27
6 2 2 32 5 28
7 3 1 18 4 15 5 13
8 3 1 45 3 47 4 42
9 1 3 45
10 3 1 14 3 12 5 14
11 1 1 20
12 4 1 18 3 17 4 25 5 19
13 3 1 25 2 25 4 23
14 3 2 46 3 41 4 45
15 3 1 9 2 7 5 14
16 4 1 39 2 34 4 34 5 36
17 3 1 43 2 42 4 34
18 3 3 9 4 14 5 8
19 1 1 32
20 3 1 38 2 32 4 32
21 end
