1 5 22
out
0 1 2 3 4 6 10
1 8 9 7
2 5
3 8 9 7
4 9 5 7
5 11 13 14
6 16 11
7 14
8 11 15
9 12
10 16 14 15
11 17 18 20
12 17 18
13 17 18
14 19 20
15 18 19 20
16 19 20
17 21
18 21
19 21
20 21
in
info
0 start
1 3 1 47 4 43 5 43
2 3 1 31 2 24 3 24
3 3 3 33 4 35 5 35
4 3 2 14 3 13 4 18
5 3 1 44 4 39 5 39
6 3 2 37 4 31 5 31
7 3 2 29 3 26 4 31
8 3 1 37 4 36 5 37
9 3 3 35 4 29 5 31
10 2 1 31 3 31
11 3 1 22 2 21 4 28
12 1 3 33
13 3 1 42 2 44 5 40
14 1 2 31
15 2 1 21 4 24
16 3 1 38 4 30 5 34
17 5 1 34 2 37 3 31 4 33 5 31
18 1 1 13
19 1 1 25
20 3 1 21 3 27 4 25
21 end
