1 5 20
out
0 1 2 3 4
1 9 5 6
2 8 5
3 7
4 8 10 5
5 12 14 15
6 11 14
7 13
8 12 13
9 13 14
10 11 14 15
11 17 18
12 16 17
13 16 17 18
14 17
15 16 18
16 19
17 19
18 19
in
info
0 start
1 4 2 14 3 21 4 18 5 15
2 3 1 24 2 28 4 28
3 1 3 42
4 2 4 42 5 44
5 3 1 14 3 11 5 13
6 2 2 28 3 32
7 2 3 42 4 39
8 3 2 13 4 17 5 13
9 2 2 13 4 14
10 3 2 22 3 22 5 24
11 3 1 21 2 17 3 18
12 2 4 38 5 39
13 2 1 38 2 33
14 2 2 18 3 18
15 4 1 40 2 35 3 40 5 34
16 3 1 14 2 18 5 13
17 4 1 34 2 28 4 28 5 31
18 4 1 23 2 23 4 23 5 29
19 end
