1 5 22
out
0 (20,12) 1 2
1 (8,9) 
2 4 5
3 5
4 (7,6) 
5 21
6 21
7 21
8 4
9 10
10 11
11 4
12 17 19 13 14
13 3
14 15
15 16
16 13
17 18
18 13
19 13
20 3
in
21 (7,6)
4 (8,11)
3 (20,13)
info
0 start
1 4 1 17 2 26 4 25 5 17
2 2 1 22 2 20
3 1 1 35
4 1 5 23
5 2 1 21 4 25
6 4 1 48 2 47 3 50 5 46
7 2 2 25 4 27
8 3 3 13 4 20 5 20
9 2 1 26 5 25
10 3 1 13 3 16 4 17
11 2 1 39 2 42
12 3 2 43 4 40 5 41
13 2 4 23 5 29
14 2 1 30 3 31
15 3 1 25 3 18 4 25
16 4 1 15 2 17 3 20 4 20
17 3 3 49 4 45 5 48
18 2 3 38 4 40
19 2 4 28 5 28
20 3 2 21 4 24 5 24
21 end
