1 5 22
out
0 1 2
1 3 4 5
2 21
3 21
4 (10,11) 
5 (8,6) 
6 (20,14) 
7 21
8 21
9 21
10 9
11 12
12 13
13 9
14 15 16 19
15 7
16 17
17 18
18 15
19 15
20 7
in
21 (7,8)
9 (10,13)
7 (15,20)
info
0 start
1 2 1 24 3 26
2 1 5 28
3 4 1 9 2 11 3 18 5 11
4 3 2 34 3 31 5 32
5 1 4 16
6 3 1 22 2 20 3 26
7 1 1 22
8 2 2 35 5 37
9 supernode
10 2 2 36 4 32
11 4 1 16 2 12 4 9 5 10
12 3 2 18 3 23 4 23
13 4 2 37 3 42 4 41 5 38
14 4 1 31 2 31 4 37 5 36
15 1 2 22
16 3 2 44 4 37 5 43
17 2 2 9 4 14
18 3 2 14 4 23 5 17
19 2 2 28 5 25
20 3 1 21 3 27 4 28
21 end
