1 5 22
out
0 1 2 3 4 5
1 6 7
2 8
3 (19,12) 6 7
4 8 6 7
5 6 7
6 (9,11) 
7 21
8 21
9 10
10 21
11 21
12 13
13 15 18 14
14 8
15 16
16 17
17 14
18 14
19 20
20 8
in
21 (10,11)
8 (20,14)
info
0 start
1 2 2 14 3 17
2 3 2 46 3 44 5 43
3 3 1 31 4 32 5 32
4 2 3 21 5 23
5 2 1 24 5 27
6 4 1 30 3 35 4 25 5 34
7 4 1 42 2 44 3 47 5 42
8 1 3 39
9 3 1 28 3 21 4 22
10 1 4 26
11 4 1 34 3 32 4 37 5 31
12 2 3 25 4 18
13 4 1 34 2 36 4 33 5 35
14 2 2 15 4 20
15 2 1 38 5 41
16 1 5 29
17 1 1 13
18 2 2 31 5 33
19 1 3 29
20 4 1 10 2 16 3 12 4 10
21 end
