1 5 22
out
0 1 2
1 (8,9) 
2 (3,5,6) 
3 4
4 21
5 21
6 21
7 21
8 7
9 (11,12,14) 
10 7
11 10
12 13
13 10
14 15 16 18
15 10
16 17
17 15
18 19
19 20
20 15
in
21 (4,5,6)
7 (8,10)
10 (15,11,13)
info
0 start
1 2 2 11 4 15
2 2 2 18 5 18
3 1 5 27
4 2 2 31 4 37
5 3 3 25 4 28 5 27
6 3 1 22 3 29 4 25
7 supernode
8 5 1 20 2 21 3 20 4 24 5 19
9 1 2 16
10 2 1 39 3 38
11 3 3 14 4 19 5 16
12 3 3 40 4 44 5 39
13 1 3 31
14 3 1 37 2 34 3 29
15 3 3 30 4 24 5 25
16 3 2 34 3 33 4 35
17 1 5 39
18 4 2 29 3 29 4 30 5 29
19 4 1 35 2 45 3 42 5 35
20 2 4 24 5 21
21 end
