1 5 22
out
0 (11,13) 8 2 3 4
1 (15,17,18) 
2 5 6 7
3 (9,10) 
4 6
5 21
6 21
7 21
8 21
9 6
10 6
11 12
12 1
13 14
14 1
15 16
16 5
17 5
18 19
19 20
20 5
in
6 (9,10)
1 (12,14)
5 (16,17,20)
info
0 start
1 3 2 10 3 13 5 14
2 2 1 38 3 41
3 4 1 28 2 28 3 28 5 32
4 3 2 19 3 23 4 20
5 3 1 17 2 20 3 19
6 3 1 34 3 30 5 29
7 2 1 21 2 20
8 1 4 42
9 4 1 22 2 20 3 18 4 16
10 3 1 34 2 36 4 36
11 2 4 12 5 13
12 3 1 26 4 27 5 28
13 3 3 33 4 31 5 33
14 2 2 36 5 39
15 4 1 37 2 35 3 35 5 35
16 3 3 31 4 27 5 24
17 2 1 20 5 22
18 1 2 13
19 2 2 44 5 45
20 3 1 20 2 13 3 14
21 end
