1 5 21
out
0 1 2 3
1 (7,13,14) 
2 4 5 6
3 4 5 6
4 20
5 20
6 20
7 8 9 10
8 12
9 8
10 11
11 8
12 5
13 5
14 (16,17) 
15 5
16 15
17 18
18 19
19 15
in
5 (15,12,13)
15 (16,19)
info
0 start
1 3 2 41 3 36 4 31
2 2 2 43 3 38
3 3 1 16 2 14 4 20
4 3 2 35 3 30 4 32
5 2 1 27 4 23
6 2 1 12 3 11
7 2 3 28 5 28
8 2 2 10 4 12
9 3 1 34 3 38 4 36
10 3 3 35 4 33 5 27
11 2 3 15 4 12
12 4 1 13 3 14 4 14 5 15
13 3 2 42 3 32 4 38
14 4 1 27 2 33 3 28 5 35
15 supernode
16 4 1 11 2 15 3 14 5 16
17 1 4 23
18 2 4 30 5 27
19 2 2 41 3 44
20 end
