1 5 22
out
0 1 2 3 4 5 6 8 11 13
1 7
2 7
3 7
4 7
5 7
6 7
7 9 10 12
8 16
9 20 15
10 16 18
11 17 14
12 18 14 15
13 18 19
14 21
15 21
16 21
17 21
18 21
19 21
20 21
in
info
0 start
1 3 1 11 4 11 5 9
2 1 2 13
3 3 3 14 4 15 5 9
4 2 1 22 4 19
5 2 2 41 3 40
6 4 1 39 2 41 4 44 5 47
7 3 1 33 3 35 5 34
8 3 2 42 3 43 4 43
9 2 1 17 5 20
10 4 2 27 3 28 4 33 5 33
11 3 3 32 4 28 5 32
12 2 2 40 3 42
13 3 2 22 3 27 5 25
14 3 1 8 4 8 5 12
15 3 1 21 2 21 4 26
16 1 5 38
17 3 2 46 3 39 4 38
18 3 1 25 3 24 4 23
19 3 1 23 2 18 5 25
20 3 1 36 4 33 5 37
21 end
