1 5 21
out
0 (5,6) 1 3
1 4
2 4
3 (7,13,14) 
4 20
5 2
6 2
7 8 9 12
8 4
9 10
10 11
11 8
12 8
13 4
14 15
15 16 17 18
16 4
17 16
18 19
19 16
in
2 (5,6)
4 (8,13,16)
info
0 start
1 3 1 27 3 27 4 26
2 3 2 41 3 47 5 39
3 3 1 43 2 43 4 45
4 3 1 11 3 16 5 15
5 2 3 40 5 35
6 2 4 45 5 45
7 5 1 45 2 41 3 45 4 46 5 47
8 4 1 18 2 22 3 22 4 19
9 3 1 21 3 14 4 12
10 3 1 29 4 31 5 26
11 1 3 27
12 4 1 14 2 13 3 13 4 13
13 3 1 44 2 41 4 41
14 4 1 31 2 27 4 32 5 26
15 2 1 39 3 39
16 2 3 20 5 19
17 3 3 34 4 35 5 35
18 3 2 38 3 43 4 39
19 2 3 32 4 32
20 end
