1 5 19
out
0 1 2 3 5 8
1 (9,10,11) 4
2 4 6 7
3 6
4 18
5 18
6 18
7 18
8 18
9 7
10 7
11 (15,13,14) 
12 7
13 12
14 12
15 16
16 17
17 12
in
7 (9,10,12)
12 (17,13,14)
info
0 start
1 3 1 24 4 27 5 26
2 3 2 25 4 21 5 21
3 4 1 10 3 12 4 8 5 13
4 2 1 39 2 37
5 4 1 32 2 27 3 28 4 30
6 3 2 34 4 40 5 39
7 4 1 33 2 29 3 33 4 34
8 2 2 19 3 23
9 3 1 19 2 20 4 13
10 2 1 40 4 43
11 4 1 27 2 27 3 32 4 29
12 supernode
13 3 3 35 4 35 5 27
14 2 4 27 5 27
15 3 1 34 3 40 4 34
16 3 1 28 2 27 4 28
17 2 1 41 5 42
18 end
