1 5 21
out
0 1 2 3 4 5 6 7 13
1 9
2 9 10
3 8 9 10
4 8 9 10
5 8 10
6 8
7 8 9 10
8 11 14
9 11 12 14
10 11 14
11 (15,17) 
12 20
13 20
14 20
15 16
16 20
17 18
18 19
19 20
in
20 (16,19)
info
0 start
1 3 1 34 2 37 5 33
2 2 1 32 2 32
3 5 1 18 2 18 3 21 4 16 5 22
4 3 1 19 3 16 4 16
5 4 1 9 3 16 4 8 5 9
6 1 3 20
7 4 2 16 3 12 4 11 5 13
8 3 2 36 3 36 5 36
9 3 1 20 3 16 5 14
10 3 3 44 4 44 5 48
11 1 1 20
12 4 1 23 3 19 4 20 5 22
13 5 1 42 2 42 3 41 4 42 5 34
14 3 1 36 3 33 5 33
15 4 1 26 2 26 4 32 5 27
16 2 2 35 4 37
17 2 2 20 3 22
18 5 1 42 2 37 3 40 4 41 5 36
19 2 4 25 5 23
20 end
