1 5 22
out
0 1 2 3 4 6 9 16
1 7
2 8 10 7
3 8 10 5
4 10
5 13 14
6 11 12 13
7 12 13 15
8 11 12 13
9 12 15
10 11 13 14
11 17 18 19
12 17 19 20
13 20
14 17 18
15 18
16 21
17 21
18 21
19 21
20 21
in
info
0 start
1 3 1 28 2 29 4 28
2 2 1 30 2 28
3 4 1 41 2 40 3 43 5 41
4 4 1 36 2 44 3 34 5 41
5 2 2 34 5 34
6 5 1 34 2 36 3 38 4 35 5 38
7 1 2 31
8 1 2 45
9 1 2 7
10 2 2 27 5 31
11 4 1 46 3 40 4 46 5 45
12 2 2 26 4 24
13 3 2 28 4 32 5 34
14 3 2 39 3 39 5 38
15 4 1 22 3 25 4 19 5 19
16 5 1 13 2 15 3 14 4 13 5 18
17 3 1 46 4 46 5 47
18 3 2 14 3 8 4 15
19 3 2 35 3 39 5 40
20 2 1 15 5 10
21 end
