1 5 22
out
0 1 2 4
1 3 5
2 (8,6) 
3 21
4 (19,20) 
5 21
6 7
7 21
8 9
9 16 10 11 14
10 21
11 12
12 13
13 10
14 15
15 10
16 17
17 10
18 21
19 18
20 18
in
21 (7,10)
18 (19,20)
info
0 start
1 2 1 14 5 15
2 4 1 24 2 23 4 25 5 19
3 3 2 29 3 31 4 34
4 4 2 30 3 33 4 32 5 33
5 1 3 22
6 3 3 17 4 21 5 17
7 4 1 22 2 28 4 19 5 28
8 1 5 34
9 1 5 43
10 1 2 33
11 4 1 28 3 30 4 29 5 30
12 2 2 22 4 22
13 4 1 12 2 14 3 8 5 12
14 2 1 32 3 28
15 2 1 47 4 46
16 2 2 13 5 14
17 2 3 42 4 43
18 supernode
19 1 5 13
20 3 3 19 4 14 5 9
21 end
