1 5 22
out
0 1 2 3 4 5 12
1 7
2 8
3 8
4 6 7
5 8 6 7
6 9
7 9
8 (16,13) 9 10
9 21
10 21
11 21
12 21
13 14
14 15
15 (18,19) 
16 11
17 11
18 17
19 20
20 17
in
11 (16,17)
17 (18,20)
info
0 start
1 2 1 29 5 27
2 2 2 31 4 31
3 4 1 31 2 32 4 31 5 31
4 2 2 24 5 22
5 2 1 34 4 32
6 2 4 37 5 32
7 2 3 36 5 40
8 2 3 31 4 30
9 3 2 12 3 9 4 9
10 3 2 30 3 29 4 25
11 2 4 29 5 22
12 2 2 37 4 36
13 2 3 39 5 37
14 4 1 44 2 44 4 36 5 44
15 2 1 16 2 19
16 3 2 13 3 14 4 11
17 supernode
18 4 1 15 2 15 3 11 5 10
19 2 2 22 3 18
20 3 1 12 2 13 3 15
21 end
