1 5 22
out
0 (15,18) 1 2
1 4
2 5
3 4 5
4 21
5 (8,6) 
6 7
7 21
8 (10,11,14) 
9 21
10 9
11 12
12 13
13 9
14 9
15 16
16 17
17 3
18 19
19 20
20 3
in
21 (7,9)
9 (10,13,14)
3 (17,20)
info
0 start
1 4 1 35 2 38 4 32 5 31
2 3 1 17 3 21 4 20
3 2 1 38 2 42
4 3 1 14 2 9 4 18
5 1 4 24
6 3 3 17 4 20 5 20
7 1 1 21
8 4 1 17 2 20 3 20 4 14
9 supernode
10 3 1 12 2 14 4 11
11 1 4 37
12 1 3 46
13 4 1 30 2 33 3 27 5 30
14 2 3 16 4 14
15 1 3 14
16 2 2 35 3 39
17 1 3 13
18 1 2 24
19 4 1 27 2 31 3 32 5 32
20 3 1 7 4 7 5 14
21 end
