1 5 22
out
0 1 2 3 5 7 10 13
1 (15,17,18) 4
2 6
3 4
4 14
5 9 14
6 8 11
7 8 11 12
8 21
9 21
10 21
11 21
12 21
13 21
14 21
15 16
16 6
17 6
18 19
19 20
20 6
in
6 (16,17,20)
info
0 start
1 4 1 14 2 6 3 8 4 8
2 3 2 43 3 46 4 43
3 1 2 35
4 2 1 39 3 38
5 3 1 16 2 16 4 14
6 2 1 20 2 20
7 4 1 18 2 21 3 19 5 15
8 3 2 21 3 21 5 25
9 1 3 22
10 5 1 46 2 50 3 48 4 40 5 49
11 4 1 45 2 46 4 44 5 39
12 3 1 17 4 13 5 10
13 1 2 42
14 3 3 28 4 26 5 27
15 3 3 25 4 22 5 25
16 4 1 19 2 24 3 19 5 25
17 2 1 8 2 16
18 2 4 15 5 20
19 3 2 35 4 36 5 41
20 2 2 22 5 20
21 end
