1 5 20
out
0 1 2 3 4 5 6
1 8 9 7
2 8 9 7
3 8 9 7
4 8 7
5 8
6 8 9 7
7 10 11 12
8 (17,18) 
9 10 11 13
10 19
11 (15,16,14) 
12 19
13 19
14 19
15 19
16 19
17 10
18 10
in
19 (15,16,14)
10 (17,18)
info
0 start
1 2 2 30 3 29
2 4 2 16 3 10 4 9 5 11
3 2 1 37 2 41
4 2 4 20 5 17
5 1 3 45
6 2 3 22 4 22
7 3 1 24 3 22 5 22
8 3 2 32 3 35 4 38
9 4 1 21 3 15 4 18 5 17
10 2 2 31 5 31
11 1 4 34
12 3 1 40 3 42 4 40
13 2 1 36 4 36
14 3 1 13 4 14 5 13
15 4 1 9 2 9 4 16 5 12
16 1 1 25
17 2 3 44 5 43
18 4 1 36 2 36 3 37 4 39
19 end
