1 5 22
out
0 1 2 3 4
1 7
2 (17,19,20) 
3 (15,16,14) 
4 5 7
5 21
6 (8,9,11) 
7 21
8 21
9 10
10 21
11 12
12 13
13 21
14 5
15 5
16 5
17 18
18 6
19 6
20 6
in
21 (8,10,13)
5 (15,16,14)
6 (18,19,20)
info
0 start
1 4 1 40 2 42 3 44 4 38
2 4 1 30 2 34 3 35 5 30
3 1 1 20
4 2 2 21 5 21
5 2 1 23 4 27
6 2 3 30 4 27
7 2 2 32 5 31
8 3 1 15 2 16 4 16
9 4 1 41 2 37 3 40 4 43
10 5 1 37 2 40 3 39 4 41 5 37
11 2 2 35 4 32
12 5 1 14 2 11 3 8 4 12 5 5
13 1 5 38
14 5 1 13 2 16 3 18 4 23 5 22
15 3 1 39 4 41 5 42
16 5 1 17 2 19 3 19 4 19 5 20
17 3 1 30 3 36 4 38
18 2 1 47 4 47
19 4 1 43 3 48 4 47 5 48
20 1 5 20
21 end
