1 5 21
out
0 1 2 3 4 10 16
1 9 5 7
2 8 5
3 5 6
4 9
5 12 14 15
6 12 13 14
7 11 13
8 12 14 15
9 12 13 15
10 12 13 15
11 17 18 19
12 18
13 19
14 17 19
15 17 18 19
16 20
17 20
18 20
19 20
in
info
0 start
1 2 1 12 3 15
2 2 1 28 3 28
3 3 1 23 2 21 4 27
4 3 1 19 4 20 5 22
5 2 4 20 5 23
6 3 1 19 3 12 4 13
7 2 1 42 3 40
8 2 3 11 5 11
9 2 2 39 4 39
10 3 1 20 2 18 4 23
11 4 2 19 3 20 4 17 5 19
12 2 2 19 5 18
13 2 2 9 5 15
14 2 2 39 4 40
15 1 1 29
16 4 1 41 3 42 4 36 5 39
17 1 3 20
18 3 1 11 2 10 5 10
19 1 4 36
20 end
