1 5 22
out
0 1 2 3 4 12 14 15 16 17
1 5 6
2 7
3 8 10
4 9
5 (18,19,20) 
6 11
7 11
8 11
9 11
10 11
11 13
12 21
13 21
14 21
15 21
16 21
17 21
18 11
19 11
20 11
in
11 (18,19,20)
info
0 start
1 2 1 28 3 28
2 2 2 13 4 19
3 4 1 18 2 16 3 19 5 16
4 2 1 29 2 31
5 4 1 10 2 11 4 9 5 10
6 3 2 28 3 28 4 31
7 3 1 43 2 37 4 35
8 1 2 43
9 4 1 31 3 33 4 36 5 36
10 2 4 35 5 37
11 3 1 40 4 39 5 38
12 3 2 27 4 31 5 32
13 2 1 17 2 17
14 2 2 11 4 13
15 2 1 35 5 36
16 3 1 21 2 23 3 22
17 1 5 19
18 3 1 17 2 16 5 18
19 4 1 26 3 20 4 23 5 21
20 3 1 46 2 44 3 41
21 end
