1 5 22
out
0 (7,9) 1 4 6
1 5
2 3 5
3 21
4 (10,11,14) 
5 21
6 21
7 8
8 2
9 2
10 21
11 12
12 13
13 21
14 15 16 17 18
15 21
16 (19,20) 
17 15
18 15
19 15
20 15
in
2 (8,9)
21 (15,10,13)
15 (19,20)
info
0 start
1 4 1 7 2 10 3 10 5 9
2 4 2 13 3 13 4 16 5 16
3 2 2 30 4 29
4 2 2 41 4 35
5 2 3 25 4 29
6 3 2 10 3 15 4 15
7 4 1 24 3 21 4 21 5 21
8 2 3 33 4 27
9 2 2 28 3 33
10 4 1 16 2 14 4 16 5 14
11 3 1 44 3 42 5 36
12 3 3 39 4 42 5 38
13 1 2 38
14 2 3 43 4 43
15 1 1 17
16 4 1 25 2 29 4 28 5 31
17 3 2 48 3 47 5 43
18 2 1 35 5 35
19 3 1 15 4 9 5 9
20 4 1 38 3 38 4 37 5 42
21 end
