1 5 21
out
0 (13,14) 2 3 4 5
1 8 6 7
2 9
3 (16,17) 9 7
4 6 7
5 6 7
6 12
7 10 11
8 (18,19) 10
9 10 11 12
10 20
11 20
12 20
13 1
14 15
15 1
16 6
17 6
18 12
19 12
in
1 (15,13)
6 (16,17)
12 (18,19)
info
0 start
1 4 1 45 2 41 4 42 5 41
2 1 1 20
3 1 4 24
4 2 2 40 3 40
5 2 3 27 5 32
6 3 2 23 4 22 5 23
7 3 2 29 3 23 5 22
8 1 2 23
9 3 2 25 3 23 5 24
10 1 5 31
11 2 3 32 4 30
12 2 4 19 5 20
13 1 2 8
14 4 1 36 2 29 3 30 4 31
15 3 1 24 3 30 4 24
16 4 1 30 2 29 3 31 4 34
17 3 2 18 3 21 4 16
18 4 1 37 2 29 3 37 4 35
19 5 1 15 2 16 3 19 4 15 5 20
20 end
