1 5 22
out
0 1 2 3 4 5 6
1 8
2 9 11
3 11 7
4 10
5 9
6 10 11
7 13 14
8 13 14 15
9 12 15
10 12 13 15
11 14 15
12 21
13 21
14 21
15 (16,17,18) 
16 21
17 21
18 19
19 20
20 21
in
21 (16,17,20)
info
0 start
1 4 1 16 2 11 3 14 5 11
2 3 2 34 3 28 5 27
3 2 1 37 4 35
4 4 1 27 2 26 3 23 5 24
5 2 2 36 3 40
6 3 2 37 3 38 4 37
7 2 3 14 4 16
8 3 1 23 3 23 5 22
9 3 3 28 4 31 5 27
10 2 1 23 4 29
11 3 2 23 3 18 5 23
12 1 4 18
13 2 2 44 5 34
14 5 1 24 2 25 3 27 4 28 5 21
15 2 1 39 5 38
16 2 3 27 4 28
17 2 1 23 3 22
18 3 2 39 4 40 5 44
19 2 2 21 5 23
20 2 1 9 4 13
21 end
