1 5 22
out
0 1 2
1 4
2 (7,8) 4
3 (5,6) 
4 21
5 21
6 21
7 (10,11,20) 
8 3
9 3
10 9
11 12
12 17 13 14
13 9
14 15
15 16
16 13
17 18
18 19
19 13
20 9
in
21 (5,6)
3 (8,9)
9 (10,20,13)
info
0 start
1 5 1 30 2 28 3 29 4 29 5 26
2 4 1 19 3 20 4 24 5 25
3 4 2 37 3 41 4 39 5 39
4 2 1 17 3 19
5 2 1 25 3 19
6 1 1 32
7 3 2 14 3 9 4 17
8 3 1 13 3 11 4 7
9 supernode
10 3 1 42 4 40 5 40
11 4 2 8 3 10 4 14 5 9
12 3 1 34 4 34 5 43
13 2 2 31 5 41
14 2 1 17 4 13
15 1 2 41
16 3 2 41 3 42 4 44
17 2 3 22 4 26
18 1 4 27
19 2 2 14 3 11
20 2 2 29 5 30
21 end
