1 5 22
out
0 1 2 3
1 (7,4) 
2 21
3 21
4 5
5 (15,10,11) 
6 21
7 8
8 9
9 21
10 6
11 12 13 14
12 6
13 12
14 12
15 (17,18) 
16 6
17 16
18 19
19 20
20 16
in
21 (9,6)
6 (16,10,12)
16 (17,20)
info
0 start
1 3 2 35 3 35 5 34
2 1 4 47
3 3 2 16 3 17 4 19
4 3 1 37 3 35 4 39
5 1 3 21
6 4 2 18 3 14 4 16 5 18
7 1 4 17
8 2 2 11 3 17
9 2 3 33 5 36
10 2 3 37 5 44
11 3 1 35 3 42 4 38
12 2 1 20 4 24
13 1 2 12
14 3 3 14 4 14 5 11
15 3 1 47 3 41 4 45
16 4 1 17 2 14 4 17 5 12
17 1 4 30
18 4 1 14 2 15 4 14 5 15
19 2 1 32 3 39
20 4 1 15 2 21 3 21 4 20
21 end
