1 5 21
out
0 1 2 3
1 4
2 4 5
3 4 5
4 (18,19) 
5 (7,6) 
6 20
7 8
8 9
9 (11,14) 
10 20
11 12
12 13
13 10
14 15
15 16
16 10
17 20
18 17
19 17
in
20 (10,6)
10 (16,13)
17 (18,19)
info
0 start
1 4 2 41 3 48 4 39 5 39
2 2 3 35 4 32
3 2 2 14 3 14
4 4 2 19 3 14 4 12 5 17
5 2 1 20 4 20
6 4 1 9 2 13 4 14 5 9
7 4 1 24 3 22 4 23 5 23
8 3 1 22 3 20 5 18
9 3 2 16 3 15 5 15
10 supernode
11 2 2 34 5 38
12 4 1 16 2 21 3 16 5 19
13 1 4 19
14 3 1 44 2 45 5 42
15 4 1 13 2 17 3 14 4 19
16 2 1 31 3 32
17 supernode
18 3 3 25 4 26 5 30
19 3 1 22 3 19 4 22
20 end
