1 5 21
out
0 1 2 3 4 5
1 7
2 9 6
3 9 7
4 6 7
5 8
6 11 12
7 13
8 10 13 14
9 13 14
10 17 15
11 16 18 19
12 18 19
13 16 17 19
14 16
15 20
16 20
17 20
18 20
19 20
in
info
0 start
1 2 2 21 3 19
2 4 1 21 2 27 3 22 4 26
3 2 1 26 2 32
4 3 3 30 4 30 5 38
5 2 1 35 2 31
6 2 1 42 2 41
7 1 1 35
8 3 1 23 3 19 4 20
9 2 2 18 5 17
10 3 1 17 2 22 5 22
11 2 1 17 3 13
12 2 4 30 5 32
13 2 4 37 5 46
14 5 1 24 2 18 3 16 4 21 5 19
15 2 1 8 5 12
16 3 2 38 3 41 5 38
17 2 2 9 4 7
18 5 1 29 2 30 3 30 4 27 5 24
19 3 2 14 3 13 4 10
20 end
