1 5 22
out
0 1 2 4 5
1 6
2 3 6
3 21
4 (7,15,13) 
5 21
6 21
7 8 9 12
8 21
9 10
10 11
11 8
12 8
13 14
14 21
15 16 17 18 19
16 21
17 16
18 16
19 20
20 16
in
21 (8,16,14)
info
0 start
1 2 2 41 4 41
2 3 1 38 3 37 5 42
3 3 1 32 3 30 4 25
4 4 1 26 2 28 3 27 5 27
5 1 2 38
6 3 1 23 2 21 5 21
7 2 3 16 4 11
8 2 4 23 5 28
9 3 1 16 2 15 3 20
10 1 4 17
11 2 2 31 4 35
12 2 1 22 2 19
13 5 1 27 2 22 3 25 4 26 5 29
14 4 1 37 3 39 4 38 5 37
15 2 2 18 5 22
16 3 2 41 3 44 5 37
17 3 2 38 3 33 5 37
18 1 4 21
19 3 3 27 4 35 5 28
20 2 2 38 4 39
21 end
