1 5 22
out
0 1 2 3
1 4 5
2 4
3 4
4 8 6 7
5 (10,12) 9
6 21
7 21
8 21
9 21
10 (18,19,14) 
11 6
12 13
13 6
14 15 16 17
15 11
16 15
17 15
18 11
19 20
20 11
in
6 (11,13)
11 (15,18,20)
info
0 start
1 4 1 11 2 18 3 14 5 19
2 1 2 25
3 4 1 19 3 21 4 19 5 21
4 2 1 22 5 15
5 4 2 31 3 36 4 31 5 34
6 2 3 33 4 29
7 1 3 36
8 3 2 21 3 18 5 19
9 4 2 32 3 25 4 29 5 27
10 1 3 11
11 3 3 11 4 16 5 15
12 2 2 27 4 33
13 3 2 17 4 13 5 10
14 2 3 20 5 23
15 2 1 24 3 14
16 1 4 46
17 2 1 35 3 37
18 1 4 28
19 2 1 5 5 14
20 1 4 43
21 end
