1 5 22
out
0 1 2 3 4 6
1 8 5 7
2 5 7
3 5
4 5
5 10
6 9 11 12
7 9 11 12
8 9 10 12
9 16 13 15
10 14
11 16 13
12 16 13 15
13 (17,18) 
14 21
15 21
16 21
17 21
18 19
19 20
20 21
in
21 (17,20)
info
0 start
1 3 1 26 3 23 4 25
2 2 1 37 3 43
3 1 3 38
4 3 2 14 4 15 5 17
5 4 1 17 2 16 3 18 5 16
6 4 1 35 2 34 4 29 5 34
7 3 1 26 3 30 4 30
8 3 2 26 3 26 4 27
9 3 3 35 4 37 5 36
10 4 1 22 3 23 4 20 5 15
11 3 1 24 2 22 3 21
12 2 1 33 3 28
13 2 3 38 4 41
14 2 2 27 3 27
15 3 2 23 3 16 4 18
16 5 1 16 2 25 3 17 4 18 5 20
17 2 3 42 4 40
18 2 2 20 4 22
19 3 2 23 4 29 5 28
20 2 4 41 5 38
21 end
