1 5 21
out
0 1 2 3 4 5 12 13
1 8 7
2 6 7
3 9 6
4 8 9 6
5 9 7
6 15
7 11 15
8 11 14
9 10 14
10 20
11 20
12 20
13 (16,17) 
14 20
15 20
16 20
17 18
18 19
19 20
in
20 (16,19)
info
0 start
1 2 1 48 3 47
2 4 1 20 2 13 3 20 5 16
3 3 2 17 3 21 4 22
4 2 4 45 5 41
5 5 1 41 2 40 3 38 4 41 5 40
6 1 4 39
7 2 1 21 3 26
8 4 1 21 2 26 3 27 5 25
9 4 1 21 2 23 3 23 4 28
10 2 2 30 3 28
11 2 2 25 4 33
12 3 1 27 4 30 5 29
13 4 2 36 3 39 4 31 5 31
14 2 1 27 4 27
15 1 5 15
16 3 2 46 3 50 4 49
17 3 3 38 4 37 5 41
18 2 4 23 5 19
19 3 1 32 3 29 4 35
20 end
