1 5 22
out
0 1 2 3 8 9
1 4 6
2 (17,18) 4
3 4 5 6
4 12
5 10 12 7
6 10 11
7 16 14 15
8 16 14 15
9 16 15
10 16
11 13 14 15
12 14 15
13 21
14 21
15 21
16 21
17 5
18 19
19 20
20 5
in
5 (17,20)
info
0 start
1 4 1 11 3 8 4 9 5 10
2 1 2 26
3 4 2 39 3 34 4 31 5 34
4 2 1 18 4 15
5 2 2 11 5 8
6 3 1 28 2 29 3 25
7 4 1 28 2 31 3 26 5 29
8 2 1 39 5 43
9 3 1 37 2 37 3 36
10 4 1 29 2 25 4 27 5 27
11 3 2 32 3 29 5 26
12 3 2 30 3 31 4 36
13 3 1 20 2 16 3 21
14 1 2 24
15 3 1 39 4 38 5 46
16 2 1 13 4 8
17 3 2 34 4 37 5 34
18 2 2 11 3 21
19 2 1 34 5 30
20 5 1 20 2 16 3 16 4 13 5 15
21 end
