1 5 22
out
0 1 2
1 (7,5) 
2 3 4
3 (17,18) 
4 21
5 6
6 3
7 (15,9) 
8 3
9 10 11 12
10 14
11 10
12 13
13 10
14 8
15 16
16 8
17 21
18 19
19 20
20 21
in
3 (8,6)
8 (16,14)
21 (17,20)
info
0 start
1 1 2 20
2 2 2 31 3 30
3 4 2 16 3 13 4 19 5 13
4 1 3 15
5 2 1 7 5 9
6 3 2 36 3 33 5 31
7 2 3 34 4 31
8 4 1 11 2 8 3 11 5 13
9 2 1 14 2 7
10 5 1 28 2 25 3 27 4 26 5 22
11 2 1 6 4 6
12 3 3 46 4 49 5 42
13 4 1 29 2 24 4 29 5 25
14 3 1 18 3 20 4 22
15 3 1 18 3 15 5 16
16 3 1 38 2 44 5 43
17 3 1 44 2 39 5 46
18 4 1 27 2 28 3 30 4 34
19 2 3 20 5 25
20 4 1 23 2 20 3 20 4 27
21 end
