1 5 21
out
0 1 2 4 6 7 9
1 8 5
2 3 5
3 12 14
4 10 12
5 10
6 10 11 12
7 12 13
8 10 11 13
9 10 12 13
10 17 18
11 18
12 16 15
13 17 19
14 16 17 15
15 20
16 20
17 20
18 20
19 20
in
info
0 start
1 3 2 36 3 39 5 38
2 4 2 11 3 12 4 12 5 15
3 3 1 31 2 29 3 27
4 2 2 32 5 32
5 2 2 33 5 35
6 2 4 23 5 24
7 1 3 26
8 3 2 47 3 47 5 47
9 2 1 29 5 32
10 2 1 42 4 40
11 3 1 43 2 38 3 40
12 3 1 6 4 9 5 13
13 2 4 35 5 32
14 3 1 40 2 45 3 37
15 3 1 27 2 24 4 22
16 2 1 40 3 34
17 2 2 28 4 34
18 4 1 37 2 43 3 36 4 36
19 4 1 37 3 46 4 45 5 36
20 end
