1 5 21
out
0 1 2 3
1 (11,4,6) 
2 20
3 20
4 5
5 20
6 (17,14) 8 10
7 20
8 9
9 7
10 7
11 12
12 13
13 20
14 15
15 16
16 7
17 18
18 19
19 7
in
20 (7,5,13)
7 (16,19)
info
0 start
1 1 5 15
2 3 2 28 3 29 5 25
3 3 1 32 2 32 3 36
4 2 2 22 5 21
5 3 1 39 2 44 5 42
6 3 1 41 3 39 5 42
7 2 2 45 5 45
8 1 1 14
9 4 2 26 3 29 4 29 5 29
10 4 2 13 3 10 4 18 5 15
11 4 1 34 3 38 4 34 5 37
12 3 1 20 2 21 4 21
13 4 1 18 3 14 4 17 5 12
14 3 1 24 2 25 3 26
15 1 1 8
16 1 2 18
17 1 2 28
18 1 1 13
19 4 1 31 3 35 4 34 5 27
20 end
