1 5 22
out
0 1 2 3
1 (7,8,6) 
2 (15,18) 5
3 4 5
4 21
5 21
6 4
7 4
8 9 10 12
9 4
10 11
11 9
12 13
13 9
14 4
15 16
16 17
17 14
18 19
19 20
20 14
in
4 (7,9,6)
14 (17,20)
info
0 start
1 2 1 35 2 37
2 4 1 18 2 18 3 22 5 19
3 4 1 30 2 26 3 31 4 35
4 1 2 31
5 2 2 33 5 30
6 3 1 8 3 12 4 13
7 1 3 25
8 2 1 30 3 26
9 3 1 37 2 32 5 31
10 2 1 21 2 14
11 3 1 33 2 35 4 32
12 2 3 20 4 19
13 3 1 25 4 25 5 24
14 supernode
15 3 3 21 4 22 5 25
16 3 1 30 4 26 5 27
17 3 2 40 3 38 4 45
18 2 4 30 5 29
19 2 1 43 2 37
20 3 1 41 2 43 4 43
21 end
