1 5 22
out
0 1 2 3 4 5 6 13
1 8 9
2 8 7
3 10 7
4 8 10 7
5 8
6 8
7 14 15
8 15
9 11 12 15
10 12
11 19
12 16 17 18
13 17 19 20
14 16
15 17 18
16 21
17 21
18 21
19 21
20 21
in
info
0 start
1 5 1 21 2 24 3 26 4 21 5 23
2 3 1 36 2 32 3 36
3 2 2 32 4 31
4 3 3 11 4 10 5 19
5 1 1 8
6 2 1 29 3 27
7 3 1 19 2 20 5 24
8 3 1 36 2 33 4 35
9 3 1 40 3 42 5 42
10 4 2 31 3 33 4 31 5 35
11 2 3 34 5 36
12 4 1 12 2 15 3 12 5 15
13 4 1 28 2 23 3 25 4 28
14 4 2 20 3 13 4 20 5 16
15 2 3 27 4 33
16 2 1 14 2 17
17 2 4 20 5 16
18 1 3 36
19 4 1 24 2 27 3 25 5 27
20 4 1 42 2 36 3 38 4 42
21 end
