1 5 22
out
0 1 3 4
1 2 5 6
2 21
3 (7,8,9) 
4 21
5 21
6 21
7 21
8 21
9 (20,11,12) 
10 21
11 10
12 17 13 14
13 19
14 15
15 16
16 13
17 18
18 13
19 10
20 10
in
21 (7,8,10)
10 (20,11,19)
info
0 start
1 4 1 35 2 35 3 38 4 43
2 3 1 16 4 14 5 16
3 2 1 10 2 7
4 3 1 39 2 40 5 32
5 1 4 32
6 3 2 25 3 33 5 30
7 4 2 30 3 33 4 33 5 34
8 2 4 32 5 35
9 3 2 26 3 23 4 20
10 supernode
11 3 1 24 3 20 5 25
12 4 1 38 2 36 3 36 5 42
13 1 3 28
14 4 1 17 2 19 3 17 5 15
15 2 3 36 4 40
16 3 1 30 2 29 3 30
17 4 1 32 2 29 3 34 5 32
18 1 5 12
19 2 2 20 4 25
20 4 2 41 3 40 4 40 5 45
21 end
