1 5 22
out
0 1 2 3 4
1 8 6 7
2 8 5 6
3 7
4 8 5 6
5 9
6 (10,12,13) 
7 9
8 9
9 21
10 11
11 9
12 9
13 14
14 15 16 17 18
15 9
16 15
17 15
18 19
19 20
20 15
in
9 (15,11,12)
info
0 start
1 2 1 35 5 35
2 3 1 33 2 36 4 38
3 2 3 12 5 19
4 2 3 44 4 40
5 3 3 32 4 35 5 31
6 1 4 9
7 3 2 32 3 29 5 31
8 4 1 25 2 35 3 33 4 32
9 3 2 32 3 36 4 33
10 3 2 34 4 26 5 28
11 2 1 28 3 31
12 2 2 13 5 12
13 4 1 44 3 39 4 35 5 34
14 3 1 25 2 25 3 25
15 2 2 34 3 39
16 2 3 47 5 40
17 2 2 38 4 43
18 3 1 27 2 28 5 25
19 5 1 17 2 18 3 22 4 17 5 20
20 2 1 14 5 15
21 end
