1 5 21
out
0 1 2
1 (9,10,11) 
2 3 4
3 (7,8,5) 
4 20
5 6
6 20
7 20
8 20
9 (15,17,19) 
10 3
11 12
12 13
13 3
14 3
15 16
16 14
17 18
18 14
19 14
in
20 (7,8,6)
3 (10,13,14)
14 (16,18,19)
info
0 start
1 4 1 19 2 21 4 22 5 21
2 1 3 15
3 1 2 38
4 2 1 17 5 15
5 3 1 26 2 25 4 24
6 1 2 36
7 4 1 35 2 34 3 33 4 32
8 3 1 45 2 44 3 44
9 2 1 37 3 33
10 3 1 37 3 41 5 42
11 2 4 41 5 40
12 2 3 44 4 44
13 2 3 42 4 43
14 supernode
15 3 1 32 3 27 5 29
16 2 1 9 5 15
17 2 3 25 4 23
18 3 3 16 4 11 5 12
19 2 1 12 3 8
20 end
