1 5 22
out
0 1 2 3
1 4 5 6
2 4 5 6
3 5
4 (7,15) 
5 21
6 21
7 8 9 12 14
8 21
9 10
10 11
11 8
12 (17,19,20) 
13 8
14 8
15 16
16 21
17 18
18 13
19 13
20 13
in
21 (8,16)
13 (18,19,20)
info
0 start
1 2 1 28 4 29
2 2 1 44 2 46
3 2 1 33 4 40
4 4 1 16 2 20 3 18 5 17
5 4 1 45 2 41 4 36 5 45
6 2 3 33 4 29
7 3 1 40 3 36 4 34
8 2 4 10 5 10
9 3 1 19 2 21 5 18
10 5 1 33 2 35 3 34 4 33 5 39
11 2 4 27 5 31
12 4 1 14 2 9 3 15 4 9
13 3 1 27 2 18 5 17
14 2 1 23 5 22
15 2 1 46 4 45
16 3 1 25 3 30 4 27
17 3 1 38 3 34 4 39
18 4 1 30 2 29 4 32 5 29
19 3 1 29 2 27 5 30
20 2 1 27 3 21
21 end
