1 5 22
out
0 (16,13) 1 2 3
1 21
2 21
3 (8,10,5) 
4 21
5 6
6 7
7 21
8 9
9 (18,20) 
10 11
11 12
12 21
13 14
14 15
15 4
16 4
17 21
18 19
19 17
20 17
in
21 (7,17,12)
4 (15,16)
17 (19,20)
info
0 start
1 4 1 18 2 25 3 21 5 15
2 2 1 38 4 31
3 1 5 13
4 2 3 30 5 37
5 3 1 32 3 34 4 36
6 2 2 23 3 26
7 4 1 29 2 33 3 32 4 28
8 2 2 35 3 33
9 5 1 34 2 36 3 29 4 28 5 35
10 4 1 19 2 21 3 13 4 17
11 2 3 17 4 13
12 1 1 39
13 4 1 17 2 20 3 20 4 18
14 2 3 43 4 41
15 4 1 13 3 13 4 13 5 14
16 3 1 24 2 22 5 21
17 supernode
18 3 1 42 4 38 5 36
19 1 4 43
20 2 4 38 5 36
21 end
