1 5 20
out
0 (7,8) 1 5
1 3 4 6
2 19
3 19
4 19
5 19
6 19
7 (15,11,14) 
8 (16,17) 
9 2
10 2
11 12
12 13
13 10
14 10
15 10
16 9
17 18
18 9
in
2 (9,10)
10 (15,13,14)
9 (16,18)
info
0 start
1 2 1 16 3 16
2 3 1 23 2 26 5 27
3 3 3 11 4 12 5 6
4 3 1 18 4 25 5 17
5 4 1 23 2 22 3 21 4 20
6 3 1 38 2 31 3 34
7 2 2 44 5 44
8 3 3 20 4 20 5 23
9 5 1 38 2 38 3 32 4 36 5 36
10 supernode
11 4 1 21 2 12 3 14 4 16
12 2 4 30 5 26
13 1 1 35
14 2 1 40 3 48
15 3 1 20 2 24 4 20
16 3 1 35 4 37 5 43
17 3 2 25 3 23 5 28
18 4 1 49 2 42 3 46 5 46
19 end
