1 5 20
out
0 1 2 3
1 5 6
2 4
3 19
4 19
5 (7,8) 
6 19
7 19
8 (15,16,18) 
9 10 11 12 14
10 19
11 10
12 13
13 10
14 10
15 9
16 17
17 9
18 9
in
19 (7,10)
9 (15,17,18)
info
0 start
1 2 2 46 5 44
2 2 3 34 5 37
3 3 1 17 2 8 3 15
4 4 2 11 3 13 4 16 5 10
5 3 1 22 4 15 5 17
6 3 2 38 3 38 5 35
7 4 1 31 2 30 3 29 4 26
8 4 2 23 3 26 4 30 5 25
9 3 2 38 3 38 5 33
10 2 1 44 4 45
11 4 2 41 3 44 4 42 5 49
12 3 1 36 2 38 4 30
13 5 1 40 2 36 3 37 4 36 5 36
14 2 4 47 5 42
15 4 1 13 2 10 4 13 5 12
16 1 5 15
17 3 1 8 3 14 5 12
18 3 1 16 2 20 5 16
19 end
