1 5 22
out
0 1 2 3 4
1 10 6 7
2 9 5 6
3 9 7
4 (18,19) 6
5 11 12 13
6 11 12 14
7 11 12 13
8 12
9 (15,16) 
10 12 13 14
11 21
12 21
13 21
14 21
15 12
16 17
17 12
18 8
19 20
20 8
in
12 (15,17)
8 (18,20)
info
0 start
1 1 4 44
2 2 1 30 3 29
3 2 1 37 3 37
4 1 2 34
5 1 2 36
6 1 4 35
7 2 2 33 3 28
8 4 2 29 3 31 4 29 5 35
9 2 4 15 5 19
10 4 1 34 2 35 3 38 4 40
11 2 3 29 5 26
12 3 1 19 2 15 5 15
13 2 2 7 3 11
14 3 1 32 2 36 3 31
15 1 5 30
16 2 3 37 5 31
17 2 3 18 4 25
18 1 1 38
19 1 2 42
20 2 2 37 4 39
21 end
