1 5 20
out
0 (15,10,13) 1 2
1 6
2 4 5
3 (7,9) 5 6
4 19
5 (16,17) 
6 19
7 8
8 4
9 4
10 11
11 12
12 3
13 14
14 3
15 3
16 19
17 18
18 19
in
4 (8,9)
3 (15,12,14)
19 (16,18)
info
0 start
1 2 1 25 2 21
2 4 1 37 3 34 4 35 5 34
3 3 1 22 2 25 5 24
4 3 3 37 4 34 5 38
5 4 2 34 3 31 4 38 5 32
6 2 4 35 5 37
7 3 2 35 4 36 5 35
8 3 3 23 4 26 5 25
9 2 2 32 5 30
10 3 1 28 3 30 4 29
11 4 1 39 2 39 3 39 4 38
12 3 1 41 3 42 4 41
13 5 1 34 2 39 3 41 4 41 5 37
14 2 3 18 5 17
15 1 1 20
16 3 1 20 3 20 4 22
17 2 1 30 5 32
18 1 4 27
19 end
