1 5 20
out
0 1 2 3
1 (9,12,6) 4
2 4 5
3 4 5
4 19
5 19
6 7
7 8
8 5
9 10
10 (15,16) 
11 5
12 13
13 14
14 5
15 11
16 17
17 18
18 11
in
5 (8,11,14)
11 (15,18)
info
0 start
1 3 2 23 3 23 5 22
2 3 2 24 3 27 4 29
3 4 1 43 2 43 3 42 4 42
4 2 4 44 5 40
5 2 3 31 4 26
6 2 1 34 5 36
7 3 2 29 3 25 4 29
8 3 1 21 2 23 4 22
9 3 1 41 3 42 5 40
10 3 1 14 3 15 4 14
11 4 1 14 2 15 3 17 4 22
12 2 1 19 4 26
13 3 1 40 2 48 5 48
14 3 1 24 3 24 5 30
15 4 2 25 3 27 4 29 5 21
16 4 1 39 2 33 4 29 5 37
17 4 1 32 2 34 3 31 5 34
18 3 1 11 3 9 4 16
19 end
