1 5 21
out
0 1 2 3
1 (17,13,14) 
2 (7,9,4) 
3 20
4 5
5 6
6 20
7 8
8 20
9 10
10 11
11 20
12 20
13 12
14 15
15 16
16 12
17 18
18 19
19 12
in
20 (8,11,6)
12 (16,19,13)
info
0 start
1 4 2 12 3 11 4 10 5 14
2 3 1 44 2 46 5 44
3 2 1 43 4 46
4 4 1 16 3 16 4 10 5 9
5 2 1 24 4 27
6 3 2 10 3 9 5 11
7 4 1 13 2 15 3 19 5 12
8 2 2 14 5 20
9 4 1 29 3 30 4 28 5 28
10 2 4 25 5 20
11 4 2 32 3 38 4 40 5 38
12 supernode
13 2 3 43 4 47
14 3 1 39 2 35 4 39
15 5 1 43 2 43 3 41 4 45 5 46
16 2 1 17 3 13
17 1 3 16
18 3 2 18 3 18 5 13
19 1 2 21
20 end
