1 5 21
out
0 1 2 3 4 5 6 8
1 10
2 9
3 7
4 9 11
5 14
6 12 14 15
7 13
8 13 14 15
9 13
10 13 14 15
11 12 13
12 17 18
13 17 18 19
14 16 18
15 16 17 18
16 20
17 20
18 20
19 20
in
info
0 start
1 1 4 37
2 4 1 48 2 44 3 46 5 47
3 3 1 9 2 16 4 9
4 2 1 33 2 34
5 1 3 37
6 2 2 20 3 16
7 2 4 42 5 40
8 3 2 36 3 41 5 34
9 1 1 28
10 5 1 25 2 29 3 26 4 31 5 24
11 5 1 42 2 33 3 35 4 38 5 34
12 4 1 8 2 10 3 13 5 10
13 1 4 17
14 3 1 26 2 32 4 32
15 2 3 29 4 27
16 2 2 37 5 38
17 3 1 47 2 46 4 42
18 3 1 27 2 27 3 28
19 3 2 23 3 23 4 24
20 end
