1 5 22
out
0 1 2
1 3 4 5
2 5
3 21
4 (15,14,6) 
5 21
6 7 8 10
7 13
8 9
9 7
10 11
11 12
12 7
13 21
14 21
15 16 17 20
16 21
17 18
18 19
19 16
20 16
in
21 (16,13,14)
info
0 start
1 2 1 24 3 26
2 1 5 22
3 3 3 20 4 23 5 28
4 4 1 43 2 42 3 42 4 43
5 1 1 23
6 2 1 24 4 21
7 4 1 28 2 31 3 28 5 25
8 1 5 50
9 3 1 47 3 47 4 44
10 4 2 39 3 41 4 37 5 35
11 2 1 17 2 8
12 4 1 28 2 25 3 25 5 28
13 4 2 36 3 36 4 37 5 41
14 4 1 33 3 31 4 33 5 29
15 3 1 38 2 37 4 32
16 1 5 17
17 4 1 29 2 33 3 30 4 32
18 2 3 24 5 22
19 2 1 14 2 16
20 4 1 26 3 30 4 26 5 24
21 end
