1 5 22
out
0 1 2 3 12 15
1 4 5 6
2 5 7
3 8 4 6
4 9 10
5 9 10
6 9 10
7 9 10
8 9 10
9 16 11 14
10 (17,19) 13
11 21
12 21
13 21
14 21
15 21
16 21
17 18
18 11
19 20
20 11
in
11 (18,20)
info
0 start
1 3 1 43 3 46 5 40
2 2 2 10 5 12
3 1 5 31
4 3 1 18 2 14 4 18
5 2 1 27 4 34
6 2 3 21 5 21
7 2 3 12 4 18
8 2 1 19 5 18
9 3 2 22 3 26 4 25
10 4 2 43 3 50 4 43 5 44
11 2 1 28 5 34
12 1 4 34
13 3 2 37 3 38 5 36
14 5 1 27 2 26 3 28 4 24 5 26
15 3 1 29 4 30 5 29
16 2 1 37 2 37
17 1 5 23
18 2 1 35 2 33
19 3 1 42 2 47 3 43
20 3 1 47 2 49 4 44
21 end
