1 5 21
out
0 (7,8,5) 2
1 3 4
2 3 4
3 20
4 (17,19) 
5 6
6 1
7 (11,14) 
8 9
9 1
10 1
11 12
12 13
13 10
14 15
15 16
16 10
17 18
18 20
19 20
in
1 (9,10,6)
10 (16,13)
20 (18,19)
info
0 start
1 1 1 19
2 4 1 32 2 32 4 32 5 35
3 2 2 35 3 33
4 2 2 42 5 37
5 4 2 16 3 16 4 17 5 18
6 2 4 24 5 21
7 1 1 36
8 2 1 38 5 37
9 3 1 20 3 19 5 20
10 supernode
11 3 1 40 2 45 5 41
12 1 2 13
13 3 1 18 2 11 4 13
14 3 1 41 3 39 4 40
15 2 2 16 4 15
16 1 5 22
17 3 2 13 3 16 5 11
18 4 1 29 2 31 3 29 5 29
19 4 1 20 2 24 3 22 5 18
20 end
