1 5 21
out
0 1 2 3 4 5 6 7 11 12 14
1 8 9
2 8 9
3 9
4 8 9
5 8 9
6 8 9
7 9
8 10 15
9 13
10 16 17 18
11 17
12 18 19
13 19
14 16 17 18
15 16 18
16 20
17 20
18 20
19 20
in
info
0 start
1 3 1 17 3 13 4 14
2 4 1 22 3 23 4 26 5 20
3 3 1 22 3 27 5 22
4 1 2 21
5 3 3 42 4 44 5 45
6 3 1 30 4 34 5 34
7 2 4 38 5 44
8 4 1 38 2 37 3 35 5 31
9 2 2 32 5 34
10 2 1 40 4 42
11 2 4 21 5 14
12 4 1 35 2 32 3 35 5 38
13 2 1 19 3 20
14 3 1 9 4 14 5 15
15 3 2 45 4 42 5 43
16 1 4 17
17 2 1 26 5 24
18 4 1 22 2 23 4 20 5 20
19 1 5 40
20 end
