1 5 22
out
0 1 2 3 4 5 7
1 10
2 6
3 9 11 6
4 8
5 16 17
6 13
7 17 12
8 17 12
9 17 13 15
10 17
11 16 14
12 18 19
13 20
14 20
15 20
16 18 19 20
17 18 19
18 21
19 21
20 21
in
info
0 start
1 4 1 14 2 10 3 8 5 10
2 2 2 10 3 16
3 2 3 31 4 29
4 4 2 35 3 36 4 36 5 39
5 3 1 34 2 30 4 32
6 2 1 40 5 44
7 4 2 44 3 41 4 39 5 40
8 1 3 38
9 1 3 33
10 3 1 14 2 21 5 21
11 2 2 32 3 27
12 1 1 13
13 1 5 28
14 5 1 11 2 12 3 11 4 14 5 16
15 2 2 40 4 37
16 2 4 28 5 23
17 2 1 28 2 28
18 4 2 39 3 38 4 38 5 40
19 3 1 29 2 27 4 31
20 1 2 43
21 end
