1 5 21
out
0 1 2 4
1 (7,8,9) 5 6
2 3 5
3 20
4 20
5 20
6 (15,17) 
7 3
8 3
9 10
10 (12,13) 
11 3
12 11
13 14
14 11
15 16
16 20
17 18
18 19
19 20
in
3 (7,8,11)
11 (12,14)
20 (16,19)
info
0 start
1 1 1 22
2 3 1 15 3 17 5 16
3 4 1 29 2 32 3 34 4 32
4 3 1 44 3 43 5 39
5 4 1 20 2 19 4 21 5 17
6 2 2 43 3 42
7 1 5 32
8 3 1 35 4 38 5 39
9 3 1 16 2 17 3 15
10 2 2 31 3 32
11 4 2 35 3 30 4 35 5 33
12 1 2 20
13 2 4 36 5 39
14 4 2 40 3 38 4 38 5 45
15 1 4 31
16 2 1 14 5 10
17 2 1 21 3 23
18 1 2 11
19 4 2 6 3 11 4 13 5 15
20 end
