1 5 22
out
0 1 2
1 (7,3,6) 
2 21
3 4
4 5
5 21
6 (16,11,14) 
7 8
8 9
9 21
10 21
11 (17,18) 
12 13
13 10
14 15
15 10
16 10
17 12
18 19
19 20
20 12
in
21 (9,10,5)
10 (15,16,13)
12 (17,20)
info
0 start
1 4 2 24 3 24 4 26 5 29
2 1 1 28
3 3 1 11 2 9 4 11
4 4 2 29 3 31 4 30 5 38
5 3 2 41 4 42 5 40
6 2 2 24 4 24
7 2 3 42 4 43
8 2 1 27 5 24
9 1 3 23
10 supernode
11 2 1 24 5 31
12 3 1 34 3 33 5 36
13 4 1 27 2 31 3 28 5 28
14 3 1 41 3 42 4 44
15 1 2 16
16 2 1 7 2 8
17 2 3 18 4 18
18 4 2 24 3 27 4 29 5 26
19 3 1 14 3 14 4 10
20 3 2 38 3 36 5 33
21 end
