1 5 20
out
0 (15,18) 1 2 4 5 10
1 6 7
2 7
3 (11,12,14) 
4 6 7
5 6 7
6 8 9
7 8 9
8 19
9 19
10 19
11 6
12 13
13 6
14 6
15 16
16 17
17 3
18 3
in
6 (11,13,14)
3 (17,18)
info
0 start
1 1 1 41
2 3 1 36 2 36 3 40
3 2 1 35 4 35
4 4 2 40 3 35 4 33 5 34
5 3 2 29 3 24 4 24
6 2 1 31 5 28
7 2 1 15 2 15
8 3 1 13 3 10 5 11
9 5 1 26 2 24 3 24 4 23 5 23
10 2 1 29 2 30
11 1 4 46
12 4 1 21 3 26 4 22 5 16
13 2 4 40 5 40
14 4 1 8 3 9 4 10 5 11
15 3 2 31 3 32 4 34
16 2 4 43 5 44
17 4 2 25 3 17 4 27 5 20
18 3 1 29 2 33 5 27
19 end
