1 5 20
out
0 1 2 3 4 5 8
1 6
2 6
3 6
4 6
5 6
6 (11,12,13) 9 7
7 19
8 19
9 19
10 19
11 10
12 10
13 15 16 14
14 18
15 14
16 17
17 14
18 10
in
10 (18,11,12)
info
0 start
1 2 1 14 4 12
2 3 3 20 4 17 5 19
3 3 1 20 3 19 4 23
4 4 2 28 3 26 4 27 5 33
5 1 1 17
6 3 2 30 4 32 5 34
7 2 3 15 5 11
8 3 3 19 4 24 5 21
9 2 1 33 3 35
10 2 1 32 2 37
11 3 1 44 2 44 5 40
12 2 2 10 3 12
13 3 1 18 3 17 4 15
14 4 1 33 3 36 4 30 5 30
15 4 1 12 2 11 3 15 4 12
16 4 2 30 3 35 4 33 5 33
17 3 1 24 2 28 5 25
18 2 4 20 5 22
19 end
