1 5 20
out
0 1 2 3 4 5
1 8 6 7
2 8 6 7
3 8 7
4 8 7
5 6 7
6 9 10 11
7 9
8 9 10 11
9 16 12
10 16 13 15
11 16 14
12 19
13 19
14 19
15 19
16 (17,18) 
17 19
18 19
in
19 (17,18)
info
0 start
1 3 1 35 2 33 3 40
2 3 3 24 4 34 5 25
3 3 1 22 3 27 5 23
4 3 1 34 4 36 5 35
5 2 1 23 2 24
6 4 1 41 3 40 4 38 5 40
7 3 1 37 2 39 4 40
8 4 1 28 2 21 4 30 5 27
9 3 1 36 2 34 4 38
10 1 3 24
11 4 1 17 3 23 4 17 5 23
12 4 1 8 2 8 3 11 5 8
13 1 3 26
14 2 4 11 5 8
15 2 1 21 4 26
16 1 4 28
17 2 1 35 2 33
18 3 1 23 2 31 4 29
19 end
