1 5 22
out
0 (12,4) 2 3
1 21
2 21
3 (17,20) 
4 (15,14) 5 6
5 11
6 7
7 8
8 5
9 10
10 5
11 1
12 13
13 1
14 9
15 16
16 9
17 18
18 19
19 21
20 21
in
1 (11,13)
9 (16,14)
21 (19,20)
info
0 start
1 3 1 29 3 28 5 32
2 4 1 14 2 12 4 12 5 11
3 2 2 27 5 21
4 3 3 16 4 20 5 16
5 5 1 30 2 31 3 35 4 33 5 36
6 2 2 16 5 12
7 2 2 40 4 39
8 3 2 33 3 36 4 28
9 2 3 9 5 15
10 3 1 31 4 34 5 35
11 3 1 10 2 12 4 7
12 3 1 24 2 29 3 22
13 3 3 9 4 10 5 11
14 4 1 30 2 34 3 32 5 30
15 2 3 15 5 12
16 3 1 20 2 16 3 23
17 3 1 41 2 39 5 40
18 3 1 31 4 32 5 32
19 3 3 20 4 21 5 24
20 4 1 29 2 24 3 29 5 21
21 end
