1 5 22
out
0 1 2 3 6 8
1 4 5 7
2 4 7
3 5 7
4 9 13
5 13
6 10 11 14
7 11 12
8 9 10 11
9 (15,16,19) 
10 21
11 21
12 21
13 21
14 21
15 21
16 17
17 18
18 21
19 20
20 21
in
21 (15,18,20)
info
0 start
1 3 2 15 3 15 5 16
2 4 1 18 3 22 4 16 5 22
3 3 3 35 4 39 5 40
4 3 3 17 4 22 5 21
5 2 3 16 4 17
6 2 2 35 4 40
7 2 2 32 5 33
8 2 1 27 5 28
9 2 3 32 4 31
10 2 1 16 3 11
11 3 3 45 4 37 5 44
12 3 1 33 2 41 5 41
13 3 1 21 4 21 5 21
14 1 2 28
15 2 1 23 5 23
16 3 1 23 2 19 4 19
17 2 2 14 5 11
18 2 1 15 2 20
19 1 1 33
20 4 1 41 2 39 3 44 4 39
21 end
