1 5 22
out
0 1 2
1 4 5 6
2 3 4 6
3 8 9 10
4 (15,17) 
5 (11,12,13) 10
6 9 10 7
7 21
8 21
9 21
10 21
11 8
12 8
13 14
14 8
15 16
16 (19,20) 
17 9
18 9
19 18
20 18
in
8 (11,12,14)
9 (17,18)
18 (19,20)
info
0 start
1 3 2 24 3 19 5 18
2 4 1 45 2 45 3 42 4 41
3 2 1 42 4 49
4 2 2 45 5 46
5 3 2 44 3 43 5 42
6 3 1 16 4 8 5 15
7 1 2 47
8 4 1 29 2 34 4 30 5 28
9 4 1 25 2 22 3 27 4 24
10 2 3 29 4 32
11 2 4 29 5 23
12 2 1 44 3 46
13 3 1 24 2 25 5 24
14 3 1 39 3 36 4 35
15 2 2 32 5 26
16 2 3 17 5 16
17 4 1 39 3 44 4 43 5 35
18 supernode
19 4 1 42 2 41 4 41 5 42
20 1 3 12
21 end
