1 5 21
out
0 1 2 3 4 5 6 13 17
1 8 10 7
2 8
3 8 7
4 9 10 7
5 8 7
6 8 9 10
7 11 12
8 12 14
9 11 12 14
10 12
11 15
12 16 19 15
13 18
14 16 18 19
15 20
16 20
17 20
18 20
19 20
in
info
0 start
1 2 1 27 4 21
2 4 1 22 2 26 3 21 4 19
3 4 1 42 2 42 3 45 5 47
4 2 1 28 2 24
5 3 2 21 3 18 4 15
6 2 1 47 2 43
7 5 1 13 2 23 3 21 4 21 5 23
8 4 1 39 2 36 3 38 5 32
9 2 1 20 5 26
10 3 1 30 3 29 4 20
11 3 1 21 2 21 3 20
12 3 1 12 3 14 5 11
13 4 1 24 3 27 4 27 5 29
14 1 2 19
15 2 1 19 3 19
16 1 5 7
17 2 1 35 4 40
18 2 1 46 2 39
19 3 1 38 2 37 4 40
20 end
