1 5 22
out
0 (13,14) 1 2 4
1 5 6 7
2 8 9 6
3 8 9
4 (17,18) 8 6
5 10 11 12
6 12
7 12
8 10
9 11 12
10 21
11 21
12 21
13 3
14 15
15 16
16 3
17 7
18 19
19 20
20 7
in
3 (16,13)
7 (17,20)
info
0 start
1 1 4 41
2 4 1 36 2 38 3 35 4 40
3 3 3 7 4 7 5 13
4 2 2 36 3 36
5 4 1 24 3 21 4 18 5 24
6 2 3 31 4 28
7 2 1 17 5 21
8 1 4 33
9 1 4 39
10 2 2 42 5 40
11 2 2 10 5 18
12 3 2 24 4 22 5 22
13 4 1 8 2 14 4 8 5 6
14 3 2 24 3 23 4 23
15 2 1 33 2 34
16 4 1 35 2 31 4 39 5 39
17 2 1 40 4 45
18 3 1 26 4 25 5 32
19 1 1 16
20 3 2 12 4 15 5 11
21 end
