1 5 21
out
0 1 2 3 4 5 6 7 11 12 13
1 9
2 8 9 10
3 8 10
4 8 9
5 (16,19) 
6 8 9 10
7 8
8 14 15
9 14 15
10 14
11 20
12 20
13 20
14 20
15 20
16 17
17 18
18 10
19 10
in
10 (18,19)
info
0 start
1 3 1 28 2 32 3 32
2 3 1 18 2 16 3 20
3 3 1 25 3 26 5 16
4 2 2 13 4 11
5 2 3 16 4 17
6 3 1 28 3 27 5 24
7 3 2 36 3 36 5 41
8 4 1 38 3 38 4 43 5 43
9 2 1 14 5 21
10 3 2 34 4 26 5 28
11 2 3 15 4 15
12 3 1 13 3 17 5 19
13 2 3 41 4 40
14 2 2 40 3 40
15 3 2 38 4 39 5 41
16 4 1 23 3 22 4 19 5 23
17 1 1 20
18 2 1 29 4 31
19 2 2 6 4 16
20 end
