1 5 22
out
0 1 2
1 (10,3,4) 
2 21
3 (12,13,14) 
4 9 5 6
5 21
6 7
7 8
8 5
9 5
10 21
11 (16,17,20) 
12 11
13 11
14 11
15 21
16 15
17 18
18 19
19 15
20 15
in
21 (15,10,5)
11 (12,13,14)
15 (16,19,20)
info
0 start
1 4 1 34 2 34 3 34 5 35
2 2 2 32 5 27
3 1 5 28
4 3 2 38 4 40 5 33
5 1 4 34
6 4 2 26 3 31 4 25 5 28
7 3 1 31 3 35 5 37
8 2 1 36 4 39
9 1 3 35
10 2 1 10 3 19
11 supernode
12 3 3 16 4 17 5 16
13 2 2 35 5 41
14 1 1 32
15 supernode
16 1 2 28
17 3 1 14 3 19 4 13
18 4 1 9 2 10 4 14 5 11
19 3 1 32 4 25 5 29
20 2 1 15 5 13
21 end
