1 5 21
out
0 1 2 3
1 5 6
2 4
3 4 5 6
4 (17,14) 
5 20
6 (7,10,12) 
7 8
8 9
9 20
10 11
11 20
12 20
13 20
14 15
15 16
16 13
17 18
18 19
19 13
in
20 (9,11,12)
13 (16,19)
info
0 start
1 3 1 19 3 15 5 16
2 3 2 35 4 32 5 28
3 2 4 25 5 22
4 1 2 42
5 2 3 25 5 23
6 4 2 42 3 43 4 35 5 37
7 3 1 31 4 35 5 29
8 3 2 38 4 37 5 37
9 3 2 41 3 42 5 37
10 4 1 43 2 41 3 38 5 42
11 2 3 10 5 14
12 1 4 17
13 supernode
14 3 2 19 3 24 4 24
15 3 1 28 2 28 5 31
16 3 2 12 3 13 5 10
17 1 3 38
18 1 5 39
19 2 3 20 5 21
20 end
