1 5 21
out
0 1 2 3 4
1 5 6
2 5 6
3 (7,10,11) 5
4 5 6
5 20
6 20
7 8
8 9
9 (13,14) 
10 6
11 6
12 6
13 (17,18,19) 
14 15
15 12
16 12
17 16
18 16
19 16
in
6 (10,11,12)
12 (15,16)
16 (17,18,19)
info
0 start
1 2 1 19 2 25
2 1 5 39
3 4 1 24 2 22 3 27 5 27
4 2 3 39 4 40
5 1 1 30
6 2 3 37 4 37
7 2 2 37 3 43
8 3 1 16 3 19 4 21
9 2 2 38 4 37
10 2 1 37 3 35
11 3 1 10 3 12 4 18
12 supernode
13 3 2 23 3 21 5 19
14 3 1 25 3 26 4 26
15 4 1 44 2 45 3 46 4 40
16 supernode
17 2 1 20 2 24
18 1 4 15
19 3 3 18 4 19 5 13
20 end
