1 5 21
out
0 1 2
1 (3,5) 
2 20
3 4
4 (13,14) 
5 7 9 6
6 20
7 8
8 6
9 10
10 (15,17,19) 
11 6
12 20
13 12
14 12
15 16
16 11
17 18
18 11
19 11
in
20 (12,6)
12 (13,14)
11 (16,18,19)
info
0 start
1 2 2 47 3 48
2 1 3 17
3 2 2 9 3 10
4 2 2 28 5 28
5 4 2 37 3 37 4 39 5 38
6 2 1 30 5 30
7 2 3 40 5 39
8 2 2 38 5 35
9 2 2 40 5 44
10 2 3 16 5 20
11 4 2 33 3 32 4 36 5 38
12 supernode
13 3 1 24 2 22 4 28
14 3 1 29 2 30 5 32
15 2 2 31 3 32
16 3 2 36 4 34 5 34
17 1 4 36
18 3 2 42 4 43 5 44
19 3 1 50 3 40 4 43
20 end
