1 5 22
out
0 1 2 3 4 5
1 8 6 7
2 9 10 6
3 8 7
4 9 6 7
5 8 9 10
6 11 12 15
7 11 13
8 12 14 15
9 11 12 15
10 12 14 15
11 16 17 19
12 16 18 19
13 16 17 18
14 18 20
15 17 19 20
16 21
17 21
18 21
19 21
20 21
in
info
0 start
1 1 4 41
2 3 1 36 4 37 5 39
3 1 5 14
4 4 2 21 3 14 4 21 5 16
5 2 4 37 5 33
6 2 2 39 5 33
7 3 1 26 3 22 4 25
8 1 1 24
9 5 1 39 2 39 3 36 4 36 5 37
10 4 1 36 2 34 3 36 5 35
11 2 3 39 4 43
12 4 1 21 3 22 4 21 5 25
13 3 1 39 2 42 4 37
14 4 1 18 2 19 3 13 4 17
15 1 3 31
16 2 1 22 2 17
17 3 1 40 2 41 3 38
18 3 2 26 3 27 5 22
19 4 1 34 3 30 4 30 5 32
20 2 3 38 4 44
21 end
