1 5 21
out
0 1 2
1 3 4
2 4
3 (17,5,14) 
4 20
5 7 8 11 6
6 20
7 6
8 9
9 10
10 6
11 12
12 13
13 6
14 15
15 16
16 20
17 18
18 19
19 20
in
20 (16,19,6)
info
0 start
1 1 3 21
2 4 1 34 2 31 4 35 5 35
3 2 3 37 5 32
4 3 1 21 2 16 4 22
5 2 1 23 4 20
6 3 1 43 3 47 4 41
7 4 1 10 2 12 3 12 5 15
8 3 2 21 4 24 5 24
9 3 1 38 4 39 5 33
10 5 1 17 2 20 3 17 4 17 5 18
11 4 1 36 2 35 4 41 5 35
12 5 1 16 2 12 3 14 4 15 5 13
13 2 3 35 5 34
14 5 1 38 2 35 3 34 4 38 5 36
15 5 1 36 2 45 3 38 4 42 5 42
16 2 4 42 5 38
17 1 2 21
18 2 3 41 4 40
19 2 1 23 5 26
20 end
