1 5 22
out
0 1 2 3 4 5 6 17
1 8 7
2 8 9 10
3 8 9
4 9 10
5 8 9 10
6 8
7 13
8 11 13 14
9 11 12 13
10 11 13 14
11 16 18
12 20 15
13 19
14 16 15
15 21
16 21
17 21
18 21
19 21
20 21
in
info
0 start
1 5 1 30 2 31 3 31 4 32 5 33
2 3 1 34 2 38 4 38
3 2 2 21 3 22
4 3 1 8 3 10 5 12
5 3 2 31 3 35 4 35
6 1 3 31
7 2 1 38 4 46
8 1 2 33
9 4 2 12 3 10 4 13 5 11
10 4 1 19 2 20 3 19 5 13
11 2 3 17 4 15
12 1 2 15
13 1 1 16
14 3 1 33 3 38 4 35
15 1 1 31
16 2 2 47 5 44
17 2 2 21 3 18
18 4 1 27 2 26 3 21 4 23
19 1 2 38
20 4 1 37 3 35 4 34 5 34
21 end
