1 5 20
out
0 1 2 3
1 19
2 19
3 (4,6) 
4 (16,18) 
5 19
6 7 8 9
7 19
8 7
9 (10,13) 
10 11
11 12
12 7
13 14
14 15
15 7
16 17
17 5
18 5
in
19 (7,5)
7 (15,12)
5 (17,18)
info
0 start
1 2 1 38 4 36
2 3 1 31 2 24 5 31
3 4 2 32 3 37 4 40 5 35
4 3 2 36 3 39 5 33
5 3 2 27 4 31 5 26
6 3 3 28 4 19 5 25
7 3 2 9 3 9 5 8
8 3 1 24 2 20 3 20
9 2 1 19 3 18
10 3 1 10 2 12 4 8
11 1 5 44
12 2 1 28 5 31
13 3 1 30 4 35 5 30
14 4 2 24 3 30 4 25 5 26
15 2 1 7 3 10
16 2 2 32 3 29
17 2 3 42 5 44
18 3 1 30 2 36 5 35
19 end
