1 5 22
out
0 1 2 3
1 21
2 21
3 (7,15,4) 
4 5
5 6
6 21
7 8
8 9 10 11 12
9 21
10 9
11 9
12 13
13 14
14 9
15 16
16 17
17 (19,20) 
18 21
19 18
20 18
in
21 (9,18,6)
18 (19,20)
info
0 start
1 2 1 30 5 29
2 2 1 28 2 35
3 3 1 23 3 16 4 22
4 5 1 11 2 5 3 10 4 10 5 15
5 1 5 41
6 2 1 14 2 13
7 2 2 30 4 26
8 3 1 29 2 28 3 27
9 2 4 12 5 16
10 5 1 13 2 10 3 13 4 10 5 9
11 2 1 34 3 36
12 4 1 29 2 29 3 29 5 29
13 3 1 34 2 32 4 34
14 3 1 40 3 38 4 41
15 3 1 21 3 25 5 26
16 1 5 37
17 1 5 13
18 supernode
19 3 1 28 2 23 5 23
20 2 1 21 5 28
21 end
