1 5 22
out
0 (12,13) 8 1 3
1 4 5
2 5 6
3 5 6
4 (15,14) 10 11
5 9 7
6 9 7
7 (18,19) 
8 21
9 21
10 21
11 21
12 2
13 2
14 7
15 16
16 17
17 7
18 21
19 20
20 21
in
2 (12,13)
7 (17,14)
21 (18,20)
info
0 start
1 3 3 43 4 41 5 37
2 2 3 21 5 18
3 4 1 11 3 19 4 12 5 14
4 4 2 35 3 29 4 29 5 33
5 4 1 44 3 42 4 42 5 39
6 1 5 19
7 3 1 46 2 41 3 48
8 1 3 48
9 4 2 19 3 23 4 28 5 23
10 1 5 14
11 2 1 42 4 42
12 4 1 29 3 33 4 30 5 31
13 1 3 16
14 3 1 40 2 34 5 36
15 3 2 33 4 37 5 38
16 1 4 37
17 3 1 18 2 15 3 18
18 2 1 26 5 29
19 3 1 33 2 41 5 37
20 2 2 18 3 17
21 end
