1 5 22
out
0 1 2 3 4
1 8 6 7
2 (17,14) 5 6
3 8 5 6
4 (9,11,12) 7
5 21
6 21
7 21
8 21
9 10
10 8
11 8
12 (19,20) 
13 8
14 15
15 16
16 13
17 13
18 8
19 18
20 18
in
8 (18,10,11)
13 (16,17)
18 (19,20)
info
0 start
1 2 1 33 5 31
2 4 1 28 2 27 3 22 4 29
3 4 1 10 3 12 4 7 5 15
4 4 2 30 3 33 4 33 5 34
5 4 1 15 3 15 4 10 5 9
6 5 1 39 2 46 3 44 4 45 5 45
7 4 1 32 3 31 4 31 5 35
8 2 2 46 4 41
9 4 1 24 2 25 4 25 5 23
10 1 5 24
11 2 1 9 2 15
12 5 1 33 2 32 3 34 4 34 5 32
13 supernode
14 2 2 33 3 37
15 1 5 9
16 1 1 23
17 1 2 33
18 supernode
19 3 2 44 4 47 5 42
20 2 3 13 5 17
21 end
