1 5 22
out
0 1 2 3 4 5 13
1 8 10
2 10 6
3 9 10
4 9 7
5 7
6 16 12
7 16 12
8 11 14
9 14 15
10 14
11 18
12 17 18
13 20
14 18
15 17
16 18 19
17 21
18 21
19 21
20 21
in
info
0 start
1 1 2 36
2 2 3 38 5 36
3 1 4 23
4 2 1 41 5 39
5 1 3 25
6 2 3 19 4 22
7 3 2 34 3 33 5 29
8 2 1 35 3 32
9 3 3 38 4 34 5 38
10 2 1 17 4 19
11 3 1 9 3 16 4 14
12 4 1 6 2 16 3 14 5 15
13 4 2 19 3 17 4 20 5 13
14 4 1 12 3 12 4 10 5 13
15 4 1 27 3 32 4 32 5 30
16 3 2 43 4 44 5 46
17 3 1 8 3 9 5 14
18 4 2 41 3 36 4 34 5 40
19 2 2 35 4 31
20 1 3 25
21 end
