1 5 21
out
0 1 2 3 4 5
1 10 7
2 6
3 10
4 9 6 7
5 8 9 7
6 16 11 12
7 14
8 11 14
9 16 13
10 13 14 15
11 18 19
12 17 18 19
13 19
14 19
15 17 18 19
16 19
17 20
18 20
19 20
in
info
0 start
1 3 2 19 3 23 4 19
2 3 2 16 3 14 4 6
3 3 1 41 2 43 3 43
4 3 3 25 4 20 5 21
5 4 1 30 2 31 4 29 5 29
6 3 2 10 4 10 5 14
7 4 2 22 3 17 4 18 5 23
8 2 1 15 5 13
9 3 1 22 3 20 4 22
10 4 1 13 2 21 3 20 4 18
11 2 2 21 4 22
12 2 2 32 4 30
13 2 2 21 3 26
14 2 1 36 3 38
15 2 2 43 4 45
16 4 1 13 3 10 4 10 5 14
17 2 2 17 3 13
18 3 1 21 2 21 3 20
19 2 2 27 5 21
20 end
