1 5 19
out
0 1 2 3 4 5
1 (12,14) 6
2 6 7
3 6 7
4 (8,11) 7
5 6 7
6 18
7 18
8 9
9 10
10 6
11 6
12 (15,17) 
13 7
14 7
15 16
16 13
17 13
in
6 (10,11)
7 (13,14)
13 (16,17)
info
0 start
1 2 2 15 3 12
2 1 1 15
3 3 2 16 4 13 5 15
4 3 1 19 3 21 5 18
5 2 1 11 5 8
6 3 2 33 3 33 5 33
7 3 1 17 2 20 4 18
8 2 1 14 2 11
9 3 2 34 3 35 5 30
10 4 1 44 2 40 4 43 5 40
11 4 1 17 3 16 4 23 5 20
12 2 1 41 2 39
13 3 3 12 4 16 5 11
14 3 2 24 3 25 4 27
15 3 1 15 2 14 4 9
16 3 1 12 4 13 5 15
17 4 1 13 2 15 4 14 5 15
18 end
