1 5 21
out
0 1 2 3 4
1 5 7
2 (15,18,13) 5 7
3 5 6 7
4 (8,9) 7
5 20
6 20
7 20
8 6
9 10
10 11
11 6
12 6
13 14
14 12
15 16
16 17
17 12
18 19
19 12
in
6 (8,11)
12 (17,19,14)
info
0 start
1 2 1 28 4 28
2 3 1 17 2 14 5 13
3 2 2 40 3 37
4 3 2 48 4 42 5 44
5 4 2 10 3 15 4 15 5 13
6 2 1 43 3 40
7 4 2 14 3 7 4 8 5 8
8 2 1 18 5 21
9 4 1 21 2 20 4 17 5 18
10 1 5 15
11 2 1 32 3 31
12 supernode
13 2 3 30 5 28
14 5 1 12 2 5 3 10 4 5 5 13
15 4 1 13 2 15 3 15 5 13
16 4 1 13 2 13 3 13 5 20
17 5 1 36 2 34 3 31 4 35 5 33
18 5 1 43 2 48 3 42 4 47 5 42
19 3 1 16 4 15 5 16
20 end
