1 5 21
out
0 (7,6) 2
1 3 4 5
2 3 4 5
3 20
4 20
5 (9,10,11) 
6 1
7 8
8 1
9 20
10 (15,16,17) 
11 12
12 13
13 20
14 20
15 14
16 14
17 18
18 19
19 14
in
1 (8,6)
20 (9,13,14)
14 (15,16,19)
info
0 start
1 1 3 42
2 2 2 34 4 36
3 2 1 42 2 48
4 5 1 8 2 18 3 15 4 13 5 16
5 3 2 49 4 43 5 49
6 4 2 15 3 18 4 12 5 18
7 1 3 34
8 1 4 19
9 2 2 15 3 18
10 2 3 38 5 35
11 4 2 13 3 14 4 21 5 16
12 4 1 40 2 37 3 41 5 39
13 4 1 12 2 16 4 13 5 18
14 supernode
15 4 2 38 3 42 4 35 5 34
16 5 1 16 2 17 3 22 4 20 5 18
17 2 1 9 2 8
18 2 4 40 5 40
19 1 4 36
20 end
