1 5 21
out
0 (7,9) 1 2 4
1 5
2 5 6
3 5 6
4 (15,12,13) 5
5 (16,17) 
6 20
7 8
8 3
9 10
10 11
11 3
12 6
13 14
14 6
15 6
16 20
17 18
18 19
19 20
in
3 (8,11)
6 (15,12,14)
20 (16,19)
info
0 start
1 1 2 13
2 4 1 24 2 28 3 29 5 25
3 1 4 14
4 3 1 26 3 26 4 23
5 2 1 10 4 17
6 2 3 15 5 16
7 1 1 23
8 1 2 16
9 5 1 9 2 12 3 18 4 16 5 14
10 3 2 36 4 33 5 36
11 2 4 19 5 20
12 3 1 28 2 31 4 34
13 2 4 25 5 27
14 4 1 38 2 41 3 37 5 35
15 2 3 25 4 28
16 2 3 16 4 23
17 1 5 25
18 3 3 32 4 39 5 34
19 3 2 38 3 33 5 38
20 end
