1 5 22
out
0 1 2 3 4 5 12
1 9 6
2 8 7
3 9 6 7
4 8 6 7
5 6
6 10 11
7 10 11
8 10 11
9 10 11
10 13 14
11 16 14 15
12 (17,20) 
13 21
14 21
15 21
16 21
17 18
18 19
19 21
20 21
in
21 (19,20)
info
0 start
1 3 2 23 3 27 4 27
2 3 1 43 4 37 5 35
3 3 2 40 3 42 4 46
4 2 2 27 4 26
5 2 1 41 2 45
6 2 2 16 4 14
7 3 2 45 4 45 5 39
8 2 2 28 4 20
9 4 1 20 2 21 4 22 5 18
10 2 1 17 2 21
11 1 5 21
12 1 4 34
13 3 1 31 2 30 5 25
14 4 1 8 2 17 3 7 5 10
15 2 1 42 4 47
16 3 1 17 4 19 5 18
17 3 2 16 3 20 4 20
18 3 1 31 2 26 4 31
19 2 1 44 3 46
20 2 1 13 3 19
21 end
