1 5 21
out
0 1 2 3 4 5
1 8 7
2 7
3 8 7
4 8 6 7
5 8 7
6 9 11
7 9 10 11
8 10
9 20
10 (15,17,12) 
11 20
12 13
13 14
14 20
15 16
16 20
17 18
18 19
19 20
in
20 (16,19,14)
info
0 start
1 3 2 28 3 21 4 23
2 3 3 45 4 44 5 46
3 3 3 46 4 44 5 46
4 2 1 10 4 10
5 3 2 13 3 18 4 18
6 2 1 42 2 40
7 2 1 43 4 39
8 2 1 26 5 21
9 3 1 35 4 34 5 38
10 3 2 41 3 39 4 36
11 2 2 41 5 46
12 1 2 40
13 4 1 31 2 31 3 30 5 29
14 1 5 44
15 3 1 14 4 14 5 10
16 4 1 37 2 35 3 38 4 32
17 3 2 27 3 30 5 33
18 2 3 16 5 22
19 1 5 33
20 end
