1 5 20
out
0 1 2 3 4 5
1 9
2 8
3 10 7
4 6 7
5 8 10
6 11
7 11 12 13
8 11 12
9 12 13
10 (17,18) 
11 19
12 19
13 (16,14) 
14 15
15 19
16 19
17 11
18 11
in
19 (15,16)
11 (17,18)
info
0 start
1 4 1 30 3 34 4 30 5 37
2 3 1 42 2 43 3 44
3 4 1 40 2 36 3 37 5 35
4 1 4 28
5 4 1 41 2 42 3 46 4 49
6 2 2 42 3 46
7 3 1 38 2 35 5 37
8 2 2 27 3 21
9 3 1 25 2 20 4 19
10 1 3 38
11 4 2 10 3 14 4 10 5 12
12 2 2 31 5 32
13 1 1 21
14 2 1 31 5 30
15 3 1 12 2 8 5 11
16 3 1 34 2 28 5 28
17 4 1 40 3 41 4 39 5 41
18 2 1 31 3 23
19 end
