1 5 19
out
0 (17,13,14) 1 2 3 4 6
1 8 7
2 8 7
3 8
4 (9,10) 7
5 8 7
6 8 7
7 18
8 18
9 8
10 11
11 12
12 8
13 5
14 15
15 16
16 5
17 5
in
8 (9,12)
5 (16,17,13)
info
0 start
1 4 1 37 2 38 4 41 5 44
2 1 4 8
3 4 1 35 2 35 4 29 5 32
4 4 2 16 3 14 4 12 5 11
5 4 1 12 3 12 4 16 5 11
6 3 2 31 3 26 4 25
7 1 3 20
8 2 2 19 3 17
9 2 2 16 4 17
10 4 2 37 3 36 4 34 5 36
11 4 1 16 3 17 4 13 5 15
12 2 1 14 5 14
13 5 1 31 2 29 3 25 4 30 5 34
14 5 1 39 2 41 3 41 4 40 5 36
15 3 1 25 3 25 4 18
16 4 1 19 3 22 4 25 5 23
17 2 1 22 5 19
18 end
