1 5 21
out
0 1 2 3 4
1 5 6
2 5 6
3 (7,10,12) 6
4 5
5 20
6 20
7 8
8 9
9 5
10 11
11 5
12 17 13 14
13 19
14 15
15 16
16 13
17 18
18 13
19 5
in
5 (9,11,19)
info
0 start
1 3 2 46 3 44 4 48
2 1 3 11
3 5 1 35 2 33 3 29 4 35 5 37
4 3 1 23 4 23 5 23
5 2 2 28 3 30
6 3 1 38 4 37 5 39
7 2 2 47 4 43
8 1 4 23
9 3 1 38 2 34 4 36
10 3 2 9 4 9 5 13
11 2 2 18 3 28
12 4 1 33 2 37 3 38 5 36
13 2 3 42 5 43
14 2 3 39 5 44
15 2 1 35 5 36
16 2 2 20 5 21
17 2 3 19 5 20
18 3 2 40 3 45 5 43
19 4 2 34 3 41 4 39 5 39
20 end
