1 5 22
out
0 (18,20) 1 3 4 5 6 10 11
1 7
2 8 7
3 7
4 8 7
5 8 7
6 7
7 9
8 12
9 (16,17,13) 
10 21
11 21
12 21
13 14
14 15
15 21
16 21
17 21
18 19
19 2
20 2
in
21 (15,16,17)
2 (19,20)
info
0 start
1 1 2 31
2 2 1 38 5 37
3 3 1 39 2 38 4 43
4 4 2 44 3 41 4 37 5 45
5 2 4 20 5 22
6 2 1 44 3 38
7 2 3 8 4 12
8 2 2 18 5 22
9 3 3 21 4 25 5 24
10 2 1 19 5 23
11 4 1 13 3 8 4 5 5 8
12 3 1 37 3 37 4 37
13 3 1 38 2 44 3 45
14 5 1 43 2 39 3 43 4 37 5 45
15 3 1 23 4 15 5 15
16 2 4 30 5 24
17 3 1 23 4 23 5 28
18 3 1 42 3 47 5 46
19 3 1 21 4 22 5 21
20 3 3 20 4 20 5 19
21 end
