1 5 21
out
0 1 2 3 4 5 6 7 13
1 9
2 8 10 11
3 8 10
4 8 9 10
5 9
6 8
7 8
8 15
9 12 14 15
10 12 14
11 14
12 17 18 19
13 16
14 16 18 19
15 16 17 19
16 20
17 20
18 20
19 20
in
info
0 start
1 2 2 15 4 16
2 3 2 35 4 35 5 38
3 5 1 14 2 15 3 13 4 9 5 16
4 3 2 17 3 14 4 17
5 3 3 23 4 24 5 24
6 2 2 21 4 20
7 3 2 36 4 29 5 39
8 2 2 27 5 28
9 3 1 24 3 20 5 16
10 2 1 20 5 19
11 3 2 28 3 27 4 27
12 2 1 40 2 42
13 1 3 18
14 2 2 45 3 43
15 2 3 34 5 41
16 1 2 18
17 4 2 39 3 40 4 46 5 43
18 4 1 14 2 10 3 10 4 10
19 4 1 42 3 36 4 41 5 40
20 end
