1 5 22
out
0 1 2 3 4 5 10 11
1 6 7
2 6 7
3 6 7
4 (20,12,13) 
5 7
6 9
7 8
8 21
9 21
10 21
11 21
12 7
13 15 16 14
14 19
15 14
16 17
17 18
18 14
19 7
20 7
in
7 (20,19,12)
info
0 start
1 1 4 33
2 3 1 33 2 34 3 31
3 1 2 42
4 1 1 21
5 2 1 43 4 46
6 3 1 34 2 35 4 34
7 4 1 32 2 33 4 31 5 33
8 2 2 35 5 36
9 2 1 25 5 26
10 3 2 36 4 34 5 35
11 3 3 24 4 28 5 29
12 3 2 17 3 18 5 17
13 2 3 35 5 40
14 1 2 18
15 1 1 24
16 4 1 43 3 43 4 43 5 43
17 4 1 11 2 15 4 7 5 8
18 4 2 8 3 9 4 11 5 7
19 4 1 32 2 32 3 28 4 30
20 2 4 32 5 31
21 end
