1 5 22
out
0 1 2 3 4 5 6 7 12
1 13
2 8 9 11
3 9 13
4 8
5 9 13
6 10 11 13
7 8
8 16 17
9 14 15
10 14
11 16 17
12 17 15
13 14
14 18 19 20
15 18 20
16 18 19 20
17 18 19 20
18 21
19 21
20 21
in
info
0 start
1 1 3 27
2 3 1 27 3 31 5 25
3 1 1 27
4 5 1 29 2 25 3 30 4 28 5 28
5 4 1 26 2 24 3 25 4 23
6 4 1 17 2 11 3 9 4 13
7 3 3 23 4 23 5 24
8 1 1 23
9 2 3 32 5 33
10 1 2 44
11 2 1 14 3 11
12 3 1 23 3 21 5 15
13 1 2 47
14 3 1 14 2 9 3 13
15 1 1 23
16 1 1 10
17 1 4 30
18 2 2 28 3 27
19 3 1 39 3 40 5 39
20 3 1 39 2 43 4 37
21 end
