1 5 22
out
0 1 2 3
1 (4,14) 
2 21
3 21
4 8 11 5 6
5 (15,17) 
6 7
7 5
8 9
9 10
10 5
11 12
12 5
13 21
14 21
15 (19,20) 
16 13
17 18
18 13
19 16
20 16
in
21 (13,14)
13 (16,18)
16 (19,20)
info
0 start
1 1 4 41
2 1 5 20
3 1 3 27
4 1 1 40
5 3 3 38 4 44 5 36
6 2 2 23 4 26
7 3 1 17 3 18 4 18
8 4 1 39 2 44 3 44 4 39
9 2 2 38 5 36
10 2 3 15 5 13
11 2 2 11 3 15
12 4 1 26 2 25 3 20 5 19
13 2 3 47 4 42
14 2 1 19 4 19
15 3 1 11 2 14 3 12
16 3 1 25 2 29 5 24
17 4 1 42 2 43 4 40 5 44
18 4 1 32 2 32 4 32 5 26
19 1 2 21
20 2 3 38 5 32
21 end
