1 5 22
out
0 (15,10,13) 1 3
1 (7,4) 
2 21
3 21
4 (16,18) 
5 6
6 21
7 8
8 9
9 21
10 11
11 12
12 2
13 14
14 2
15 2
16 17
17 5
18 19
19 20
20 5
in
21 (9,6)
2 (15,12,14)
5 (17,20)
info
0 start
1 2 2 44 5 48
2 2 3 42 5 42
3 3 1 23 2 27 4 26
4 2 1 34 4 39
5 3 1 43 2 33 5 40
6 1 4 12
7 3 2 39 3 38 5 34
8 3 2 15 3 13 5 14
9 4 1 19 2 22 3 25 4 17
10 4 2 19 3 16 4 14 5 19
11 2 2 27 5 24
12 1 3 35
13 2 1 24 4 32
14 3 1 9 2 16 3 13
15 2 1 23 5 25
16 4 1 32 2 24 3 24 5 28
17 2 1 15 4 15
18 1 4 25
19 3 2 11 3 16 4 12
20 3 1 23 3 25 5 22
21 end
