1 5 22
out
0 1 2 3 4 6 7 11
1 8 5
2 5
3 8 5
4 9
5 10 12
6 13
7 10 12 13
8 13
9 10
10 21
11 21
12 (16,14) 
13 21
14 15
15 21
16 17 18 19
17 20
18 17
19 17
20 21
in
21 (15,20)
info
0 start
1 3 1 22 4 24 5 25
2 3 1 20 4 17 5 21
3 5 1 17 2 13 3 21 4 13 5 17
4 3 2 16 3 19 4 17
5 1 5 32
6 3 1 38 2 41 3 44
7 2 2 15 5 13
8 2 4 33 5 31
9 2 1 33 3 28
10 2 4 40 5 46
11 2 3 32 5 35
12 3 1 29 2 32 3 31
13 4 1 33 2 35 3 35 5 33
14 2 2 32 5 34
15 2 1 15 5 14
16 4 1 47 2 48 4 41 5 44
17 3 1 10 2 15 3 7
18 3 2 21 4 17 5 22
19 2 4 43 5 42
20 2 1 33 5 38
21 end
