1 5 21
out
0 1 2 3 4
1 (9,10) 7
2 6
3 (15,12) 7
4 8
5 20
6 20
7 20
8 (17,18) 
9 5
10 5
11 5
12 13
13 14
14 11
15 16
16 11
17 20
18 19
19 20
in
5 (9,10)
11 (16,14)
20 (17,19)
info
0 start
1 3 1 26 2 22 3 17
2 3 1 41 2 43 5 41
3 3 1 47 2 38 4 44
4 3 1 14 3 14 5 13
5 1 1 48
6 1 5 14
7 3 1 20 3 11 4 13
8 2 2 10 4 12
9 3 3 30 4 22 5 25
10 2 2 13 3 16
11 supernode
12 1 3 24
13 2 2 35 5 39
14 3 2 33 4 28 5 33
15 3 1 47 2 45 3 47
16 3 2 27 3 32 5 27
17 2 1 41 4 39
18 4 1 41 2 42 3 41 4 42
19 3 2 27 3 32 5 34
20 end
