1 5 22
out
0 1 2
1 (9,11) 
2 (7,3,6) 
3 4
4 5
5 21
6 21
7 21
8 (15,17,20) 
9 10
10 8
11 12
12 13
13 8
14 21
15 16
16 14
17 18
18 19
19 14
20 14
in
21 (7,5,6)
8 (10,13)
14 (16,19,20)
info
0 start
1 4 1 39 2 39 3 38 4 37
2 4 1 33 2 34 4 33 5 33
3 2 3 23 4 21
4 4 1 28 2 28 4 26 5 27
5 2 3 35 5 35
6 2 3 13 5 7
7 3 2 38 4 40 5 41
8 supernode
9 1 3 21
10 3 1 7 3 15 4 14
11 3 2 22 3 23 4 22
12 3 1 34 3 35 5 37
13 3 1 22 2 23 3 26
14 supernode
15 4 1 41 2 34 3 39 5 40
16 4 1 16 2 12 4 10 5 16
17 3 3 29 4 31 5 31
18 3 1 38 2 37 4 38
19 1 4 20
20 3 1 39 4 39 5 40
21 end
