1 5 20
out
0 1 2
1 (3,4,6) 
2 19
3 19
4 5
5 (16,18) 
6 7
7 (9,12) 
8 19
9 10
10 11
11 8
12 13
13 14
14 8
15 19
16 17
17 15
18 15
in
19 (15,8,3)
8 (11,14)
15 (17,18)
info
0 start
1 2 1 24 2 26
2 1 1 9
3 3 1 27 2 28 5 29
4 3 1 21 2 19 4 22
5 1 3 42
6 2 3 36 4 42
7 1 1 28
8 2 1 40 4 41
9 2 4 25 5 29
10 4 1 36 2 36 4 35 5 32
11 3 1 22 3 19 5 21
12 3 1 10 2 14 3 7
13 4 1 36 2 43 3 40 5 43
14 5 1 44 2 44 3 48 4 42 5 41
15 supernode
16 3 1 27 3 25 5 22
17 3 1 43 2 42 3 43
18 4 1 33 3 34 4 35 5 38
19 end
