1 5 21
out
0 1 2 11 9
1 3 4 6
2 3 5
3 10 7
4 7
5 8
6 8 10
7 20
8 20
9 (12,13) 
10 20
11 20
12 20
13 15 18 14
14 19
15 16
16 17
17 14
18 14
19 20
in
20 (19,12)
info
0 start
1 4 1 14 2 16 4 9 5 13
2 4 2 17 3 21 4 24 5 23
3 2 3 45 4 45
4 4 2 32 3 33 4 28 5 25
5 2 3 30 4 35
6 2 3 45 5 43
7 2 3 29 5 38
8 1 1 32
9 3 1 12 3 7 5 13
10 3 1 33 2 33 4 32
11 3 2 15 4 16 5 14
12 4 1 29 2 36 3 27 5 30
13 1 3 14
14 2 3 33 4 28
15 2 1 19 5 20
16 3 1 36 2 32 3 32
17 2 1 29 2 33
18 1 1 26
19 4 1 16 3 14 4 9 5 15
20 end
