1 5 22
out
0 (17,18,20) 1 2 3 4 8 11
1 5 6
2 5
3 9 10 12
4 12
5 9 12
6 9 10 12
7 10
8 13 14
9 14
10 15
11 16 13 15
12 15
13 21
14 21
15 21
16 21
17 7
18 19
19 7
20 7
in
7 (17,19,20)
info
0 start
1 1 5 18
2 3 1 38 3 40 5 39
3 3 1 22 2 15 3 22
4 3 1 36 2 36 4 33
5 2 1 32 5 38
6 4 1 47 2 47 3 42 4 46
7 2 1 34 5 31
8 3 2 35 3 35 5 34
9 3 2 37 3 33 4 40
10 4 1 38 2 35 4 41 5 35
11 2 2 32 3 36
12 2 4 10 5 9
13 3 1 13 2 16 4 11
14 2 1 13 2 17
15 3 1 34 4 29 5 33
16 3 1 15 4 18 5 20
17 2 4 34 5 35
18 2 2 44 4 41
19 3 1 20 2 12 4 14
20 2 3 12 4 15
21 end
