1 5 22
out
0 1 2 3
1 (9,14) 
2 (7,4) 
3 21
4 5
5 6
6 (16,18,19) 
7 21
8 21
9 10 11 12
10 8
11 10
12 13
13 10
14 8
15 21
16 17
17 15
18 15
19 20
20 15
in
21 (15,7)
8 (10,14)
15 (17,18,20)
info
0 start
1 3 1 19 2 11 3 11
2 2 1 34 2 34
3 2 3 43 4 44
4 3 1 25 3 22 5 26
5 1 3 21
6 3 1 10 2 12 4 15
7 3 1 18 2 18 3 20
8 supernode
9 3 1 38 2 37 3 42
10 4 1 29 2 32 3 26 5 28
11 1 5 35
12 5 1 30 2 22 3 26 4 23 5 31
13 3 2 16 3 24 5 23
14 3 2 29 3 37 5 30
15 supernode
16 2 2 9 4 9
17 2 2 9 3 13
18 2 2 29 3 34
19 3 1 35 3 34 4 40
20 2 2 41 3 47
21 end
