1 5 21
out
0 1 2 3 4 5
1 (19,13) 6
2 8 6 7
3 8 6
4 6
5 6 7
6 9 12
7 10 11 12
8 9 10 11
9 20
10 20
11 20
12 20
13 15 16 14
14 8
15 14
16 17
17 18
18 14
19 8
in
8 (19,14)
info
0 start
1 2 2 20 4 15
2 3 1 9 2 11 3 13
3 2 2 36 4 32
4 4 2 23 3 15 4 21 5 25
5 4 1 40 3 36 4 34 5 34
6 2 3 45 4 46
7 4 1 16 3 21 4 14 5 21
8 3 2 22 3 19 4 22
9 2 3 24 5 28
10 4 1 37 2 41 3 37 4 39
11 1 4 37
12 4 1 42 2 41 3 36 5 37
13 3 1 13 2 17 4 20
14 4 2 37 3 37 4 35 5 34
15 1 1 21
16 1 3 38
17 2 1 32 4 35
18 4 2 26 3 21 4 26 5 26
19 2 1 33 2 36
20 end
