1 5 22
out
0 1 2 3 10 13
1 4 7
2 5 6
3 5 6 7
4 9 11
5 (17,18) 8
6 8
7 8
8 15
9 12
10 16
11 16 14
12 21
13 21
14 21
15 21
16 21
17 9
18 19
19 20
20 9
in
9 (17,20)
info
0 start
1 3 3 43 4 37 5 39
2 1 4 34
3 4 1 34 2 37 4 30 5 32
4 1 3 32
5 3 1 23 3 21 4 29
6 3 2 45 3 45 4 42
7 2 3 33 5 36
8 5 1 12 2 11 3 14 4 17 5 12
9 2 1 25 2 27
10 2 2 41 4 41
11 3 3 43 4 43 5 44
12 2 4 26 5 23
13 2 4 14 5 16
14 4 1 26 2 23 3 24 5 25
15 3 1 16 3 13 4 16
16 2 2 18 3 14
17 1 5 42
18 1 2 35
19 3 1 22 3 26 4 21
20 2 1 26 2 34
21 end
