1 5 20
out
0 1 2 3 4
1 9
2 8
3 9 5 7
4 8 5 6
5 10 12
6 11 12
7 12
8 10 12
9 10
10 19
11 19
12 (16,13) 
13 14
14 15
15 19
16 17
17 18
18 19
in
19 (15,18)
info
0 start
1 4 2 30 3 25 4 28 5 26
2 3 3 36 4 35 5 32
3 4 2 15 3 13 4 10 5 14
4 2 1 19 5 25
5 1 5 14
6 3 2 46 3 48 5 48
7 2 3 19 4 19
8 5 1 23 2 26 3 19 4 25 5 19
9 2 1 10 3 9
10 3 1 22 2 26 5 29
11 4 1 42 2 41 4 43 5 43
12 4 1 35 2 34 3 29 4 29
13 1 4 43
14 2 2 39 3 37
15 1 3 15
16 4 1 27 3 27 4 24 5 27
17 3 3 16 4 11 5 8
18 4 2 48 3 46 4 49 5 49
19 end
