1 5 22
out
0 1 2 4
1 (13,14) 
2 3 6
3 8
4 (10,11) 
5 9 7
6 8 9 7
7 21
8 (16,19) 
9 21
10 7
11 12
12 7
13 5
14 15
15 5
16 17
17 18
18 21
19 20
20 21
in
7 (10,12)
5 (15,13)
21 (18,20)
info
0 start
1 1 5 39
2 2 1 21 5 22
3 3 1 25 2 26 5 31
4 2 4 49 5 50
5 3 1 18 2 21 4 23
6 2 2 15 4 18
7 4 1 19 2 19 4 17 5 18
8 2 3 16 4 17
9 2 2 28 4 23
10 3 2 9 3 14 4 10
11 3 1 23 2 28 5 27
12 3 3 46 4 46 5 42
13 1 5 38
14 1 5 27
15 3 1 20 4 24 5 24
16 2 1 34 2 32
17 2 1 14 5 15
18 1 3 39
19 3 1 35 2 37 4 34
20 2 1 44 4 37
21 end
