1 5 22
out
0 1 2 3
1 5
2 4 6 7
3 4 5 6
4 21
5 21
6 (12,14) 
7 (8,9) 
8 21
9 10
10 21
11 21
12 13
13 (16,19) 
14 11
15 11
16 17
17 18
18 15
19 20
20 15
in
21 (8,10)
11 (15,14)
15 (18,20)
info
0 start
1 2 1 15 3 18
2 4 1 11 2 12 3 11 5 7
3 4 1 25 3 27 4 25 5 22
4 2 1 38 5 35
5 2 1 25 5 26
6 4 2 36 3 31 4 35 5 32
7 3 2 19 4 20 5 22
8 3 1 17 4 15 5 19
9 4 1 43 2 40 3 43 5 44
10 2 1 25 5 24
11 supernode
12 2 1 31 3 24
13 3 1 16 2 17 3 16
14 4 1 29 2 30 4 26 5 30
15 supernode
16 3 2 12 3 13 4 14
17 3 1 28 3 29 4 21
18 2 1 10 3 11
19 2 2 49 3 47
20 1 1 36
21 end
