1 5 19
out
0 1 2 3 4
1 9
2 8 5 6
3 6 7
4 9 5 6
5 10 13 14
6 11
7 10 11 13
8 12 13
9 14
10 15
11 16 17 15
12 16 17
13 16 17 15
14 17
15 18
16 18
17 18
in
info
0 start
1 3 3 39 4 43 5 45
2 3 1 39 2 43 3 42
3 4 1 46 2 43 3 47 5 46
4 3 1 24 4 24 5 25
5 4 1 25 3 29 4 27 5 28
6 3 1 31 3 38 4 38
7 2 3 24 5 19
8 3 1 18 2 12 5 15
9 2 1 35 3 35
10 1 2 19
11 5 1 17 2 14 3 12 4 13 5 13
12 4 2 32 3 29 4 25 5 25
13 4 2 33 3 36 4 41 5 40
14 2 1 20 4 18
15 3 1 30 4 31 5 26
16 2 1 31 2 33
17 4 1 35 2 38 3 39 4 39
18 end
