1 5 20
out
0 1 2 3
1 5
2 4 5
3 (9,6) 4
4 19
5 19
6 7
7 (11,12,14) 
8 5
9 10
10 5
11 (16,18) 
12 13
13 8
14 8
15 8
16 17
17 15
18 15
in
5 (8,10)
8 (15,13,14)
15 (17,18)
info
0 start
1 3 3 45 4 38 5 40
2 4 2 26 3 30 4 25 5 25
3 4 1 22 2 26 3 23 5 24
4 3 1 10 4 14 5 16
5 2 2 10 4 15
6 2 1 26 3 29
7 4 2 40 3 43 4 38 5 44
8 3 2 10 3 14 5 10
9 3 1 34 2 30 4 29
10 2 1 19 5 17
11 3 3 26 4 17 5 20
12 4 1 33 2 33 4 31 5 30
13 4 1 26 2 28 4 31 5 23
14 1 4 25
15 supernode
16 1 5 25
17 2 2 25 5 26
18 2 1 22 4 19
19 end
