1 5 22
out
0 1 2 3 9 10
1 5 6
2 4 6 7
3 4 5
4 12
5 11
6 8 12
7 11
8 16
9 16 13 15
10 13
11 16 13
12 13 14
13 (17,18,19) 
14 21
15 21
16 21
17 21
18 21
19 20
20 21
in
21 (17,18,20)
info
0 start
1 3 1 9 3 14 4 11
2 2 2 38 4 37
3 4 1 45 2 39 3 40 5 37
4 2 1 41 5 40
5 2 2 24 3 21
6 2 1 31 3 33
7 3 2 48 3 49 5 49
8 1 5 23
9 2 2 13 5 14
10 2 1 14 4 8
11 3 2 30 3 39 5 31
12 1 1 33
13 3 2 38 3 33 4 31
14 3 3 31 4 28 5 27
15 3 1 16 2 19 4 23
16 1 5 8
17 5 1 46 2 48 3 43 4 44 5 47
18 3 1 49 3 49 4 43
19 3 1 42 2 39 3 36
20 3 2 15 4 14 5 17
21 end
