1 5 20
out
0 1 2
1 3 4
2 3 4
3 (11,5) 
4 19
5 7 9 10 6
6 19
7 8
8 (15,12,13) 
9 6
10 6
11 19
12 (17,18) 
13 14
14 6
15 6
16 6
17 16
18 16
in
19 (11,6)
6 (15,16,14)
16 (17,18)
info
0 start
1 1 2 30
2 1 1 19
3 3 1 12 3 15 5 15
4 2 3 41 4 43
5 2 1 35 5 41
6 4 1 16 2 16 3 13 4 19
7 5 1 21 2 18 3 23 4 21 5 20
8 4 1 26 2 26 3 25 5 22
9 4 1 15 2 19 4 12 5 18
10 2 1 31 4 26
11 4 1 23 2 20 4 23 5 24
12 1 4 25
13 4 1 29 2 29 3 30 4 32
14 4 1 8 2 9 3 10 4 7
15 2 1 43 3 38
16 supernode
17 4 2 21 3 23 4 30 5 22
18 2 2 36 5 33
19 end
