1 5 22
out
0 (10,12) 1 2
1 5
2 6
3 4 5 6
4 8 9 7
5 9 7
6 7
7 21
8 21
9 21
10 11
11 3
12 (17,18,14) 
13 3
14 15
15 16
16 13
17 13
18 19
19 20
20 13
in
3 (11,13)
13 (16,17,20)
info
0 start
1 1 3 26
2 4 1 27 2 19 3 27 4 27
3 3 3 23 4 26 5 27
4 4 1 10 2 11 4 12 5 10
5 4 1 34 3 36 4 34 5 37
6 2 1 27 2 34
7 3 1 39 3 35 5 39
8 3 2 35 3 30 4 32
9 4 1 42 2 44 4 48 5 47
10 3 1 20 3 19 5 14
11 2 1 26 2 28
12 3 2 22 3 22 5 20
13 supernode
14 2 2 40 4 34
15 4 1 19 2 21 3 23 4 17
16 2 1 45 5 42
17 2 1 41 5 42
18 3 1 31 2 30 4 30
19 3 2 10 3 10 4 12
20 4 2 37 3 43 4 44 5 40
21 end
