1 5 20
out
0 1 2 3
1 (13,14) 
2 4 5
3 7
4 11 12
5 9 12
6 9 11 12
7 8 10 11
8 19
9 19
10 19
11 19
12 19
13 6
14 15 16 17
15 18
16 15
17 15
18 6
in
6 (18,13)
info
0 start
1 2 3 32 5 31
2 3 2 28 3 23 4 25
3 5 1 29 2 25 3 27 4 28 5 28
4 3 1 32 2 38 4 38
5 3 1 10 2 15 3 8
6 3 1 34 2 38 5 35
7 2 3 41 5 36
8 3 2 29 3 26 5 29
9 3 1 40 2 39 4 39
10 3 1 42 2 42 3 40
11 2 4 18 5 20
12 2 3 13 5 13
13 4 2 19 3 19 4 24 5 28
14 4 2 37 3 40 4 35 5 36
15 3 1 49 3 48 4 44
16 2 1 9 2 9
17 2 1 18 5 22
18 2 2 30 5 27
19 end
