1 5 22
out
0 1 2 3 4 5 6
1 8 9
2 8 10 7
3 10
4 8 10 7
5 10
6 7
7 11 14
8 12 13 14
9 13 14
10 12
11 16 17 15
12 16
13 17 15
14 (18,19) 16
15 21
16 21
17 21
18 17
19 20
20 17
in
17 (18,20)
info
0 start
1 2 4 8 5 10
2 3 1 42 4 41 5 36
3 3 1 16 2 15 3 20
4 4 1 27 2 22 3 27 5 25
5 2 1 31 5 30
6 1 1 19
7 3 2 17 3 13 4 13
8 3 1 26 2 18 3 19
9 2 1 22 2 20
10 3 1 11 2 12 5 15
11 2 3 24 4 26
12 3 2 16 3 15 5 16
13 1 2 33
14 2 4 38 5 42
15 2 2 23 4 27
16 3 2 43 4 37 5 44
17 4 1 26 2 23 4 27 5 26
18 3 2 38 3 38 4 38
19 3 1 12 3 15 4 17
20 1 4 22
21 end
