1 5 20
out
0 1 2 3 4 5
1 8 6
2 8
3 (16,17) 6 7
4 8 7
5 (9,11) 
6 19
7 19
8 19
9 10
10 19
11 (15,13) 
12 19
13 14
14 12
15 12
16 8
17 18
18 8
in
19 (10,12)
12 (15,14)
8 (16,18)
info
0 start
1 3 1 14 2 14 5 13
2 2 2 20 3 19
3 3 2 42 3 41 4 42
4 3 1 26 2 27 5 23
5 3 1 40 2 38 5 38
6 4 1 7 2 12 4 6 5 14
7 3 1 26 3 30 5 26
8 5 1 32 2 31 3 39 4 36 5 40
9 1 4 33
10 3 1 33 2 40 4 33
11 3 2 16 4 18 5 20
12 supernode
13 2 4 14 5 14
14 3 1 23 3 24 4 24
15 3 1 21 3 17 4 19
16 2 1 38 3 37
17 4 2 17 3 20 4 16 5 18
18 2 1 19 2 12
19 end
