1 5 20
out
0 1 2 3 4 9
1 (12,13,14) 5 7
2 7
3 5 6 7
4 7
5 8
6 10 11
7 10 11
8 19
9 19
10 19
11 19
12 6
13 6
14 15
15 (17,18) 
16 6
17 16
18 16
in
6 (16,12,13)
16 (17,18)
info
0 start
1 2 4 32 5 29
2 3 3 43 4 46 5 44
3 3 1 24 3 27 5 28
4 3 1 41 2 36 5 37
5 2 2 18 3 18
6 2 1 17 2 18
7 1 3 30
8 2 3 43 5 46
9 4 2 11 3 14 4 14 5 17
10 4 1 21 2 16 4 20 5 22
11 3 2 42 4 35 5 37
12 3 1 22 3 18 5 20
13 2 1 28 5 28
14 4 1 14 2 20 3 18 5 12
15 2 4 32 5 29
16 3 1 14 3 20 4 15
17 3 2 16 4 17 5 17
18 1 3 36
19 end
