1 5 21
out
0 (8,9,6) 2
1 (3,5) 
2 (16,19) 
3 4
4 20
5 20
6 7
7 1
8 1
9 10 11 14
10 1
11 12
12 13
13 10
14 10
15 20
16 17
17 18
18 15
19 15
in
20 (4,5)
1 (7,8,10)
15 (18,19)
info
0 start
1 4 1 11 3 10 4 15 5 12
2 2 3 31 4 30
3 1 1 9
4 3 1 10 2 10 3 12
5 2 2 35 5 27
6 3 1 12 4 17 5 17
7 2 1 34 4 30
8 2 1 28 4 28
9 2 2 9 3 8
10 2 1 38 2 31
11 4 2 42 3 44 4 39 5 36
12 2 2 45 5 40
13 3 2 22 4 21 5 16
14 1 5 26
15 supernode
16 2 2 34 3 36
17 3 3 35 4 34 5 34
18 4 1 12 2 15 3 18 4 17
19 3 1 20 3 19 5 14
20 end
