1 5 22
out
0 1 2
1 (9,3,6) 
2 21
3 4
4 5
5 (15,11,13) 
6 7
7 8
8 21
9 21
10 21
11 12
12 10
13 14
14 10
15 16
16 (18,20) 
17 10
18 19
19 17
20 17
in
21 (8,9,10)
10 (17,12,14)
17 (19,20)
info
0 start
1 1 4 27
2 1 2 39
3 2 1 28 5 29
4 3 2 18 3 16 4 23
5 4 1 20 2 20 4 30 5 21
6 3 1 28 3 30 5 25
7 4 2 27 3 25 4 24 5 25
8 3 3 49 4 43 5 46
9 2 4 36 5 34
10 supernode
11 4 1 15 3 21 4 18 5 17
12 1 1 45
13 2 1 20 5 23
14 3 1 42 3 39 5 38
15 3 1 11 3 10 5 11
16 3 1 16 3 12 5 10
17 1 1 19
18 1 5 31
19 5 1 27 2 27 3 33 4 33 5 35
20 3 2 44 4 43 5 41
21 end
