1 5 22
out
0 1 2 3 4 5
1 9 10
2 8 10 6
3 9 7
4 9 6
5 9 6 7
6 14
7 (16,18) 11 12
8 13 14
9 14
10 11 12 15
11 21
12 21
13 21
14 21
15 21
16 17
17 15
18 19
19 20
20 15
in
15 (17,20)
info
0 start
1 2 4 34 5 39
2 2 2 31 3 28
3 2 2 19 5 15
4 4 1 28 2 31 3 25 4 25
5 1 2 26
6 3 1 48 3 46 5 45
7 2 3 12 4 13
8 3 3 17 4 19 5 19
9 2 1 43 3 47
10 2 3 24 5 23
11 3 1 26 4 28 5 34
12 3 1 39 4 34 5 31
13 3 3 16 4 10 5 16
14 1 2 33
15 3 2 26 3 28 5 23
16 2 1 12 5 16
17 2 1 30 5 31
18 3 1 42 2 40 3 41
19 2 2 13 5 14
20 4 1 31 3 35 4 32 5 30
21 end
