1 5 22
out
0 1 2 3
1 (17,19,20) 
2 (7,4,6) 
3 21
4 5
5 21
6 21
7 8 9 10
8 21
9 (13,14) 
10 11
11 12
12 8
13 8
14 15
15 8
16 21
17 18
18 16
19 16
20 16
in
21 (8,5,6)
8 (15,13)
16 (18,19,20)
info
0 start
1 2 1 28 2 21
2 1 2 41
3 3 2 14 4 13 5 10
4 4 1 37 2 40 3 40 4 41
5 4 1 23 2 28 3 24 4 26
6 4 1 18 2 18 3 14 4 13
7 2 3 34 5 27
8 2 1 38 3 35
9 3 1 42 2 37 3 41
10 1 3 32
11 5 1 23 2 25 3 24 4 26 5 28
12 1 1 12
13 1 1 9
14 3 1 22 3 31 5 31
15 2 1 17 3 14
16 supernode
17 3 3 27 4 34 5 36
18 4 1 14 2 17 3 21 5 14
19 4 2 33 3 35 4 31 5 32
20 2 4 15 5 24
21 end
