1 5 22
out
0 1 2 3 4 5 14 16 18 19
1 6
2 8 9 6
3 9 6
4 8 7
5 10 11 12
6 10
7 11 13
8 12
9 13
10 20
11 15
12 17 20
13 17 20
14 21
15 21
16 21
17 21
18 21
19 21
20 21
in
info
0 start
1 3 2 41 4 43 5 42
2 3 2 31 3 28 4 33
3 1 1 22
4 2 1 49 5 42
5 3 3 22 4 27 5 24
6 3 1 25 2 27 4 24
7 2 1 34 5 32
8 2 1 18 5 21
9 2 1 41 2 40
10 3 1 29 2 31 4 32
11 1 5 27
12 2 3 34 4 39
13 4 1 38 3 35 4 38 5 35
14 2 3 21 4 26
15 5 1 13 2 11 3 16 4 8 5 7
16 3 1 45 2 39 3 38
17 5 1 26 2 27 3 34 4 32 5 27
18 1 2 31
19 3 1 38 2 34 4 35
20 2 1 17 5 20
21 end
