1 5 22
out
0 1 2
1 3 4
2 (7,8,5) 4
3 21
4 21
5 6
6 3
7 3
8 9
9 (11,13) 
10 3
11 12
12 10
13 15 16 14
14 10
15 (17,19,20) 
16 14
17 18
18 14
19 14
20 14
in
3 (7,10,6)
10 (12,14)
14 (18,19,20)
info
0 start
1 2 3 41 4 42
2 4 1 25 2 28 3 29 4 27
3 2 2 36 3 27
4 2 2 19 4 22
5 1 3 15
6 2 2 11 4 12
7 1 3 20
8 1 3 42
9 3 1 30 3 28 5 34
10 4 1 21 2 24 3 22 4 18
11 2 3 18 4 17
12 4 1 22 2 21 4 24 5 20
13 1 1 37
14 2 1 48 4 40
15 2 1 29 3 30
16 4 1 23 2 23 3 19 5 23
17 2 3 12 5 12
18 4 1 25 2 23 4 25 5 17
19 2 4 25 5 24
20 1 3 41
21 end
