1 5 21
out
0 1 2 3
1 4
2 (7,9,12) 4
3 4 5 6
4 (15,13) 
5 20
6 20
7 (16,19) 
8 6
9 10
10 11
11 6
12 6
13 14
14 20
15 20
16 17
17 18
18 8
19 8
in
6 (8,11,12)
20 (15,14)
8 (18,19)
info
0 start
1 3 2 39 3 41 4 41
2 1 4 26
3 1 3 28
4 3 1 15 2 19 3 21
5 4 1 35 2 38 3 34 4 31
6 2 1 40 3 44
7 5 1 18 2 24 3 16 4 19 5 16
8 1 2 19
9 3 1 39 2 43 4 42
10 3 1 21 2 30 3 29
11 2 1 34 3 31
12 2 1 29 3 20
13 2 1 40 2 36
14 3 3 30 4 33 5 32
15 1 1 17
16 3 1 40 2 46 4 41
17 4 1 48 2 44 3 46 4 47
18 1 5 46
19 3 2 18 4 14 5 18
20 end
