1 5 22
out
0 1 2
1 (7,3,4) 
2 21
3 21
4 5
5 6
6 21
7 8
8 9
9 (11,20) 
10 21
11 16 17 12 13
12 19
13 14
14 15
15 12
16 12
17 18
18 12
19 10
20 10
in
21 (10,3,6)
10 (19,20)
info
0 start
1 4 2 25 3 26 4 28 5 23
2 1 4 27
3 3 1 31 2 29 5 29
4 1 5 22
5 3 1 36 3 33 4 37
6 3 3 29 4 27 5 30
7 4 1 29 3 30 4 31 5 34
8 2 3 27 5 29
9 2 2 27 4 26
10 supernode
11 1 3 18
12 1 2 11
13 2 1 31 5 29
14 4 1 7 2 13 3 7 5 10
15 2 3 33 4 31
16 2 2 17 4 15
17 4 2 34 3 37 4 42 5 41
18 2 3 10 5 15
19 2 3 15 4 14
20 4 1 22 3 30 4 26 5 25
21 end
