1 5 22
out
0 (19,20) 8 1
1 (11,13) 3 5
2 3 4 5
3 10 7
4 9 6 7
5 9
6 21
7 21
8 21
9 21
10 21
11 12
12 4
13 (15,17) 
14 4
15 16
16 14
17 18
18 14
19 2
20 2
in
4 (12,14)
14 (16,18)
2 (19,20)
info
0 start
1 3 2 18 3 19 5 19
2 3 1 20 2 19 5 19
3 2 3 42 5 43
4 2 3 13 5 16
5 3 1 15 2 23 3 19
6 1 2 28
7 2 3 28 4 27
8 1 5 16
9 4 1 37 2 38 3 37 5 37
10 4 1 33 2 25 3 34 4 25
11 4 2 24 3 19 4 16 5 20
12 3 1 39 2 44 4 39
13 2 3 17 4 13
14 supernode
15 4 2 36 3 36 4 39 5 39
16 3 1 34 4 31 5 32
17 4 1 35 3 36 4 40 5 38
18 3 1 15 2 19 4 16
19 4 1 8 2 14 3 12 4 17
20 2 2 28 4 33
21 end
