1 5 21
out
0 1 2 3 5 9
1 8 6
2 8 4 6
3 4 6 7
4 11 14 15
5 10
6 12 13 14
7 14
8 14 15
9 17 18 19
10 19
11 17 18 19
12 17
13 17 18
14 16
15 16 17 18
16 20
17 20
18 20
19 20
in
info
0 start
1 3 1 45 3 40 5 44
2 2 1 28 5 30
3 2 1 11 2 12
4 3 2 21 3 17 4 14
5 2 1 25 4 28
6 2 2 30 5 26
7 2 3 29 4 30
8 1 1 29
9 3 2 24 3 22 4 23
10 1 2 29
11 2 1 34 3 41
12 4 1 42 3 39 4 44 5 46
13 4 1 26 2 26 3 26 5 28
14 2 1 31 4 28
15 3 2 11 3 13 5 14
16 4 1 15 3 14 4 14 5 18
17 2 1 17 2 14
18 4 1 36 2 34 3 37 5 32
19 1 1 46
20 end
