1 5 22
out
0 1 2 3 4 11
1 7
2 5 6 7
3 5 6
4 5 6 7
5 9 10
6 (15,12) 
7 8 10
8 21
9 21
10 (18,19,20) 
11 21
12 13
13 14
14 9
15 16
16 17
17 9
18 21
19 21
20 21
in
9 (17,14)
21 (18,19,20)
info
0 start
1 3 2 16 3 17 5 15
2 5 1 33 2 31 3 34 4 34 5 35
3 2 2 34 3 40
4 3 3 13 4 15 5 7
5 2 1 31 5 30
6 3 1 17 4 18 5 19
7 4 1 11 3 9 4 9 5 9
8 2 1 18 3 16
9 3 1 34 2 34 5 31
10 2 1 29 2 32
11 1 2 38
12 2 1 11 3 7
13 2 3 16 5 19
14 2 3 23 5 18
15 3 2 20 3 26 4 22
16 1 4 23
17 3 2 13 3 19 5 13
18 3 3 33 4 33 5 33
19 4 1 26 2 22 4 24 5 22
20 1 3 21
21 end
