1 5 22
out
0 1 2 3 7
1 4 5 6
2 5 6
3 4 5 6
4 8 9 11
5 8 10
6 (19,20) 9
7 (12,13) 
8 21
9 21
10 21
11 (17,18) 
12 21
13 14
14 15
15 21
16 21
17 16
18 16
19 11
20 11
in
21 (15,12)
16 (17,18)
11 (19,20)
info
0 start
1 1 2 36
2 2 2 28 4 29
3 2 2 20 4 24
4 1 5 34
5 1 4 23
6 1 5 41
7 3 3 27 4 24 5 21
8 2 4 36 5 35
9 5 1 47 2 41 3 42 4 44 5 44
10 1 3 47
11 2 2 11 3 16
12 3 3 33 4 37 5 34
13 4 1 40 3 39 4 37 5 40
14 3 1 42 2 39 4 40
15 3 1 20 2 18 4 18
16 supernode
17 3 1 42 3 46 5 43
18 1 5 31
19 3 2 20 3 20 5 25
20 5 1 34 2 35 3 36 4 33 5 37
21 end
