1 5 22
out
0 (18,19,20) 1 2 3 4 12
1 7
2 6 7
3 6 7
4 7
5 8 6 7
6 11 13
7 9 11
8 9 10 11
9 16 17 15
10 17 14
11 16 17 15
12 15
13 16 17 15
14 21
15 21
16 21
17 21
18 5
19 5
20 5
in
5 (18,19,20)
info
0 start
1 2 1 38 3 40
2 1 3 29
3 3 3 20 4 16 5 18
4 2 3 37 4 41
5 2 1 30 4 31
6 3 1 27 3 34 5 28
7 2 1 30 5 28
8 2 1 37 3 28
9 1 5 46
10 2 3 36 4 42
11 2 3 36 4 36
12 3 1 18 2 19 4 21
13 1 1 22
14 2 2 17 5 21
15 3 1 32 2 31 4 31
16 1 1 34
17 2 1 13 2 15
18 3 3 24 4 25 5 27
19 2 2 18 4 22
20 3 1 26 2 20 4 22
21 end
