1 5 22
out
0 1 2 3 4 5
1 8
2 8 9 7
3 7
4 8 9 7
5 8 9 6
6 10 12
7 10 11 12
8 10 11
9 (16,19,13) 
10 21
11 21
12 21
13 14
14 15
15 10
16 17
17 18
18 10
19 20
20 10
in
10 (15,18,20)
info
0 start
1 5 1 33 2 33 3 32 4 37 5 35
2 2 3 23 4 19
3 2 3 14 5 18
4 2 1 29 3 32
5 2 2 31 4 32
6 2 1 37 2 34
7 2 1 33 3 31
8 3 2 28 3 28 4 23
9 3 1 35 3 28 5 28
10 3 1 6 4 15 5 10
11 2 1 32 2 33
12 2 3 28 5 34
13 2 1 32 3 27
14 3 1 18 3 18 5 17
15 4 1 15 3 20 4 17 5 15
16 1 1 24
17 3 3 17 4 19 5 19
18 4 1 25 2 27 3 27 4 27
19 1 2 36
20 2 1 19 2 28
21 end
