1 5 19
out
0 1 2 3 4 5
1 8 6 7
2 8
3 8 7
4 18
5 18
6 18
7 18
8 (9,17,11) 
9 10
10 18
11 12 13 14
12 18
13 12
14 15
15 16
16 12
17 18
in
18 (17,10,12)
info
0 start
1 3 1 34 4 31 5 31
2 4 1 26 2 26 4 33 5 31
3 5 1 46 2 43 3 43 4 38 5 46
4 3 1 42 2 40 3 46
5 4 1 23 2 23 3 22 5 22
6 3 1 30 2 35 3 29
7 3 1 24 4 26 5 32
8 3 1 21 4 20 5 18
9 3 1 35 2 34 4 35
10 3 3 8 4 8 5 10
11 4 1 7 2 17 4 8 5 16
12 1 2 12
13 4 1 21 2 16 3 20 5 17
14 2 2 16 5 15
15 2 3 20 4 14
16 2 2 24 3 21
17 4 1 16 2 14 4 22 5 21
18 end
