1 5 22
out
0 1 2 3 4 5 6 7 12 20
1 8 10
2 8 9 10
3 10
4 8
5 8
6 8 10
7 9
8 13 14
9 13 15
10 11 14
11 16 17 18
12 18
13 19
14 16 18 19
15 16 17 19
16 21
17 21
18 21
19 21
20 21
in
info
0 start
1 1 5 28
2 1 5 17
3 3 1 17 4 13 5 11
4 3 1 36 3 41 5 40
5 5 1 24 2 23 3 21 4 19 5 22
6 2 1 21 5 19
7 3 2 8 3 14 4 14
8 4 1 42 3 44 4 42 5 45
9 3 2 24 4 19 5 18
10 2 3 45 5 37
11 2 1 15 3 9
12 1 4 34
13 1 4 44
14 4 2 14 3 19 4 19 5 18
15 1 3 32
16 2 2 23 5 23
17 2 3 24 5 25
18 4 1 44 2 40 4 45 5 46
19 1 4 5
20 3 1 20 2 18 3 14
21 end
