1 5 21
out
0 1 2 3 4 5
1 8
2 8
3 8 9 7
4 8 7
5 6 7
6 10 12 14
7 10 12 14
8 12 13 14
9 11
10 17 18 15
11 19 15
12 16 18 19
13 17 18 19
14 16 17 15
15 20
16 20
17 20
18 20
19 20
in
info
0 start
1 2 1 38 3 39
2 2 2 45 3 45
3 3 1 28 3 27 4 25
4 1 5 13
5 1 5 48
6 3 1 11 4 11 5 15
7 2 2 32 4 24
8 4 1 9 2 10 3 9 5 8
9 3 2 27 3 23 4 29
10 4 1 46 3 46 4 47 5 42
11 5 1 30 2 30 3 29 4 29 5 28
12 3 1 16 2 11 5 18
13 3 3 39 4 35 5 36
14 2 2 11 4 14
15 2 1 37 3 32
16 2 1 27 3 30
17 3 2 15 3 15 5 10
18 2 1 32 4 36
19 3 2 33 3 24 5 27
20 end
