1 5 21
out
0 (15,17) 1 2 3 4
1 6
2 8 5
3 (11,13) 
4 8 5 6
5 20
6 20
7 20
8 (9,10) 
9 20
10 20
11 12
12 6
13 14
14 6
15 16
16 7
17 18
18 19
19 7
in
20 (9,10)
6 (12,14)
7 (16,19)
info
0 start
1 2 1 45 4 44
2 1 1 13
3 1 5 31
4 3 1 26 3 21 4 18
5 3 1 38 4 34 5 35
6 2 2 27 5 29
7 3 1 19 2 20 5 19
8 3 2 38 4 36 5 36
9 3 1 13 2 11 5 16
10 3 1 22 3 22 5 23
11 2 2 19 3 14
12 3 1 15 2 15 3 17
13 4 1 9 3 14 4 12 5 15
14 3 1 38 4 38 5 39
15 2 2 36 5 34
16 1 2 32
17 2 4 41 5 38
18 3 1 26 2 27 5 27
19 3 1 25 3 18 5 19
20 end
