1 5 21
out
0 1 2 3 4 5 6 8
1 7
2 7
3 20
4 20
5 (19,14) 
6 20
7 (9,11) 
8 20
9 10
10 20
11 12
12 20
13 20
14 15 16 17
15 18
16 15
17 15
18 13
19 13
in
20 (10,12)
13 (18,19)
info
0 start
1 2 1 41 5 45
2 4 1 33 3 29 4 28 5 32
3 2 1 8 5 9
4 2 1 16 4 10
5 3 1 16 2 14 3 15
6 2 1 31 5 33
7 3 1 28 2 30 4 25
8 1 3 19
9 4 2 40 3 35 4 35 5 36
10 4 1 32 3 32 4 34 5 31
11 4 1 38 3 37 4 42 5 41
12 4 1 22 2 14 3 22 5 18
13 supernode
14 1 2 7
15 3 2 14 3 18 5 12
16 3 2 43 3 49 4 48
17 2 3 22 4 22
18 2 1 19 4 15
19 4 1 39 2 41 3 41 4 42
20 end
