1 5 22
out
0 1 2 3 4 11
1 6
2 8
3 9 5
4 9 6 7
5 13
6 13
7 13
8 (18,19) 13
9 10 13
10 17 15
11 17 14 15
12 16 17 15
13 14
14 21
15 21
16 21
17 21
18 12
19 20
20 12
in
12 (18,20)
info
0 start
1 4 1 31 3 30 4 34 5 31
2 2 4 31 5 29
3 2 4 22 5 22
4 2 1 15 2 19
5 3 2 9 3 14 4 12
6 2 2 26 3 25
7 4 1 28 2 20 3 21 4 20
8 4 1 7 2 11 3 11 4 12
9 4 1 17 3 19 4 13 5 19
10 4 1 20 2 18 3 17 5 17
11 2 2 37 5 35
12 2 1 38 5 46
13 4 1 33 3 27 4 27 5 27
14 2 3 14 4 11
15 2 2 23 5 21
16 2 2 22 5 19
17 4 1 9 2 13 4 15 5 17
18 4 1 38 2 44 4 43 5 37
19 3 3 21 4 18 5 22
20 2 3 42 4 36
21 end
