1 5 22
out
0 (3,5,6) 2
1 21
2 21
3 4
4 1
5 1
6 7
7 (9,12) 
8 1
9 10
10 11
11 8
12 (16,18,14) 
13 8
14 15
15 13
16 17
17 13
18 19
19 20
20 13
in
1 (8,4,5)
8 (11,13)
13 (15,17,20)
info
0 start
1 4 1 12 3 13 4 10 5 14
2 3 1 16 3 14 5 12
3 2 1 28 4 29
4 2 3 13 5 17
5 2 2 31 4 33
6 4 1 45 2 42 3 44 4 39
7 3 1 16 3 17 5 19
8 supernode
9 3 1 39 2 49 3 43
10 3 1 19 2 20 5 19
11 3 1 16 3 18 4 19
12 2 3 44 5 41
13 supernode
14 4 2 35 3 37 4 36 5 43
15 3 1 45 3 47 5 47
16 3 2 26 4 23 5 28
17 1 3 44
18 1 1 16
19 2 2 44 5 41
20 1 4 22
21 end
