1 5 21
out
0 1 2 3 4 5 6
1 10 11 13
2 9 7
3 10 7
4 8 10
5 9 12
6 8 13
7 17 14 15
8 16 14
9 16
10 17
11 16 17 15
12 17
13 16
14 19
15 18 19
16 18 19
17 18 19
18 20
19 20
in
info
0 start
1 3 1 36 3 35 5 40
2 2 4 44 5 40
3 5 1 16 2 21 3 14 4 15 5 20
4 2 2 25 4 18
5 3 1 14 2 17 4 21
6 2 4 16 5 16
7 4 1 13 2 14 3 9 4 14
8 3 1 35 3 37 4 36
9 2 2 39 4 39
10 2 2 46 4 44
11 2 2 34 5 35
12 4 1 39 2 38 3 39 4 42
13 1 5 48
14 3 2 37 4 32 5 42
15 3 1 44 2 45 5 41
16 1 1 42
17 1 2 18
18 2 1 31 3 32
19 3 1 47 3 46 5 45
20 end
