1 5 22
out
0 1 2 3 4
1 5 7
2 5 6 7
3 5 6 7
4 6
5 21
6 (8,9) 
7 21
8 21
9 10 11 14
10 21
11 (17,20) 
12 13
13 10
14 15
15 16
16 10
17 18
18 19
19 12
20 12
in
21 (8,10)
12 (19,20)
info
0 start
1 3 2 26 3 30 4 31
2 2 1 19 3 18
3 3 2 11 3 15 4 15
4 5 1 10 2 9 3 9 4 10 5 11
5 3 2 29 3 23 5 28
6 4 1 16 2 13 3 16 4 14
7 4 1 44 2 40 3 44 5 45
8 1 4 39
9 3 1 32 3 33 4 33
10 4 2 46 3 39 4 39 5 44
11 3 1 20 4 17 5 17
12 4 1 35 2 30 4 29 5 31
13 3 1 32 4 29 5 28
14 2 1 44 2 44
15 1 4 41
16 2 1 20 3 21
17 2 4 37 5 37
18 3 2 27 3 22 4 21
19 2 2 27 3 32
20 2 4 16 5 14
21 end
