1 5 22
out
0 (13,5,6) 2 3
1 4
2 4
3 4
4 21
5 1
6 7 8 10 11
7 1
8 9
9 (17,18,14) 
10 7
11 12
12 7
13 1
14 15
15 16
16 7
17 7
18 19
19 20
20 7
in
1 (7,5,13)
7 (16,17,20)
info
0 start
1 1 5 45
2 1 1 20
3 2 2 26 5 23
4 2 1 32 5 36
5 4 1 22 2 21 4 21 5 17
6 3 1 23 3 22 5 17
7 3 1 24 2 26 3 29
8 2 2 22 5 24
9 3 1 24 2 31 4 22
10 3 1 36 2 36 4 33
11 2 2 33 5 31
12 4 2 36 3 36 4 35 5 34
13 2 3 33 4 31
14 1 3 42
15 2 3 20 4 25
16 2 1 19 4 14
17 3 3 40 4 40 5 39
18 2 3 11 4 8
19 3 2 23 3 24 4 25
20 2 1 13 3 13
21 end
