1 5 22
out
0 (18,3,12) 2
1 21
2 21
3 8 11 4 5
4 1
5 6
6 7
7 4
8 9
9 10
10 4
11 4
12 17 13 14
13 1
14 15
15 16
16 13
17 13
18 19
19 20
20 1
in
1 (20,4,13)
info
0 start
1 4 1 29 2 29 4 32 5 32
2 4 2 47 3 44 4 41 5 48
3 3 2 31 3 35 4 35
4 3 1 31 4 25 5 26
5 3 1 24 2 20 3 24
6 3 1 28 2 26 4 24
7 2 2 24 4 25
8 3 2 12 3 12 5 15
9 3 1 44 3 42 5 47
10 2 1 41 5 41
11 2 3 31 4 30
12 4 1 26 3 22 4 27 5 24
13 2 2 29 5 34
14 3 2 13 4 15 5 13
15 4 1 34 3 36 4 36 5 33
16 2 1 11 2 12
17 3 1 23 2 18 4 24
18 4 1 20 3 21 4 20 5 18
19 3 1 46 2 43 4 43
20 1 5 15
21 end
