1 5 22
out
0 1 2 3
1 (7,5,6) 
2 (16,18,14) 
3 4
4 21
5 4
6 4
7 8
8 (10,11,12) 
9 4
10 9
11 9
12 9
13 4
14 15
15 13
16 17
17 13
18 19
19 20
20 13
in
4 (9,5,6)
9 (10,11,12)
13 (15,17,20)
info
0 start
1 3 1 34 3 36 5 39
2 1 5 44
3 2 2 19 5 11
4 1 2 39
5 3 2 45 3 44 4 44
6 5 1 21 2 19 3 25 4 26 5 25
7 3 2 24 3 30 5 30
8 3 2 35 3 38 5 28
9 supernode
10 2 3 15 5 13
11 3 1 7 2 15 5 6
12 3 3 9 4 13 5 6
13 supernode
14 3 1 17 4 20 5 18
15 1 3 43
16 3 1 26 3 24 4 29
17 3 1 41 2 50 3 40
18 4 1 35 2 33 3 35 4 33
19 2 2 38 4 34
20 3 2 37 4 32 5 38
21 end
