1 5 22
out
0 1 2 4
1 3 5 6
2 3 6
3 (15,16) 8 9
4 8 7
5 (10,13) 
6 8 9 7
7 21
8 21
9 21
10 11
11 12
12 9
13 14
14 9
15 7
16 (18,19) 
17 7
18 17
19 20
20 17
in
9 (12,14)
7 (15,17)
17 (18,20)
info
0 start
1 3 1 39 3 36 5 41
2 4 1 36 2 37 3 35 4 39
3 1 5 14
4 2 2 31 4 25
5 4 1 29 3 28 4 32 5 31
6 5 1 22 2 22 3 15 4 20 5 17
7 2 3 39 4 40
8 5 1 12 2 16 3 13 4 14 5 8
9 3 1 26 2 30 5 25
10 2 3 41 5 41
11 3 1 22 2 15 5 17
12 4 1 27 2 25 3 26 4 32
13 4 1 33 2 34 3 41 4 37
14 3 1 45 3 42 5 43
15 2 2 31 3 30
16 4 2 25 3 32 4 34 5 27
17 supernode
18 4 1 14 2 19 4 17 5 17
19 2 2 18 3 21
20 4 1 35 2 35 3 40 4 37
21 end
