1 5 21
out
0 1 2 3 4
1 5
2 (15,17,6) 
3 5
4 5
5 20
6 7 8 11
7 14
8 9
9 10
10 7
11 12
12 13
13 (18,19) 
14 5
15 16
16 5
17 5
18 7
19 7
in
5 (16,17,14)
7 (18,19)
info
0 start
1 2 1 11 5 12
2 5 1 20 2 24 3 24 4 21 5 23
3 1 4 24
4 3 2 26 4 18 5 23
5 1 4 40
6 1 3 32
7 2 1 44 2 46
8 3 1 26 3 23 5 22
9 1 5 27
10 3 2 11 3 20 4 14
11 2 3 25 4 24
12 2 1 29 4 29
13 2 3 42 4 39
14 3 1 46 3 42 5 42
15 4 1 44 2 43 4 35 5 36
16 4 1 19 2 19 4 27 5 21
17 4 2 10 3 11 4 15 5 12
18 2 3 39 5 38
19 3 1 34 2 37 4 37
20 end
