1 5 22
out
0 (7,6) 2
1 (8,11,14) 3 5
2 3 4 5
3 21
4 21
5 (15,16,19) 
6 1
7 1
8 9
9 10
10 4
11 12
12 13
13 4
14 4
15 21
16 17
17 18
18 21
19 20
20 21
in
1 (7,6)
4 (10,13,14)
21 (15,18,20)
info
0 start
1 3 3 30 4 30 5 32
2 2 3 46 4 45
3 2 2 12 3 10
4 2 4 26 5 23
5 2 4 46 5 44
6 4 2 41 3 46 4 42 5 46
7 2 2 27 3 25
8 2 1 34 4 35
9 1 1 14
10 2 2 26 4 19
11 2 3 35 4 35
12 4 1 33 2 35 3 27 4 36
13 3 1 10 3 11 4 10
14 2 1 9 5 11
15 1 2 27
16 3 2 40 3 39 4 43
17 3 1 16 2 9 5 9
18 4 1 18 2 15 4 17 5 12
19 3 2 41 3 42 5 41
20 5 1 15 2 19 3 17 4 17 5 17
21 end
