1 5 22
out
0 1 2 3 4 5 6
1 8 9 10
2 9
3 10
4 8 7
5 9 7
6 10
7 11
8 (12,13,14) 
9 11
10 (16,18,20) 
11 21
12 11
13 11
14 11
15 11
16 17
17 15
18 19
19 15
20 15
in
11 (12,13,14)
15 (17,19,20)
info
0 start
1 3 1 39 2 38 4 38
2 4 1 40 3 41 4 40 5 40
3 2 3 9 4 13
4 1 3 37
5 4 1 17 2 17 3 12 4 16
6 2 1 28 3 29
7 2 1 33 5 27
8 3 3 35 4 31 5 37
9 1 3 41
10 2 3 18 4 18
11 2 1 32 2 29
12 3 3 19 4 25 5 23
13 4 1 39 2 43 4 46 5 40
14 4 1 34 2 31 4 32 5 30
15 supernode
16 1 1 19
17 1 2 14
18 3 3 13 4 13 5 7
19 3 1 14 2 13 3 15
20 3 2 25 4 28 5 26
21 end
