1 5 21
out
0 1 2 3 4
1 (18,19) 
2 5 6
3 6 7
4 (11,12,13) 9
5 (15,17) 10
6 9 10
7 10
8 9 10
9 20
10 20
11 10
12 10
13 14
14 10
15 16
16 9
17 9
18 8
19 8
in
10 (11,12,14)
9 (16,17)
8 (18,19)
info
0 start
1 1 2 22
2 1 1 38
3 2 2 30 5 33
4 1 1 33
5 3 2 34 4 36 5 36
6 5 1 14 2 9 3 9 4 12 5 11
7 1 2 34
8 3 1 14 3 18 5 18
9 4 1 17 2 21 3 20 5 17
10 3 1 33 3 34 5 35
11 2 2 24 4 16
12 4 1 31 2 30 4 33 5 25
13 3 2 22 3 20 5 21
14 3 2 19 4 27 5 24
15 1 5 25
16 3 2 8 3 6 5 9
17 2 1 17 3 7
18 4 2 29 3 31 4 33 5 30
19 4 2 21 3 21 4 24 5 21
20 end
