1 5 22
out
0 1 2 5
1 4
2 3 4
3 (9,17,6) 
4 21
5 21
6 7
7 8
8 (19,20) 
9 10
10 16 11 12 13
11 21
12 11
13 14
14 15
15 11
16 11
17 21
18 21
19 18
20 18
in
21 (17,18,11)
18 (19,20)
info
0 start
1 5 1 30 2 30 3 39 4 39 5 31
2 2 1 23 2 21
3 1 3 41
4 5 1 15 2 16 3 16 4 11 5 10
5 2 1 44 3 42
6 4 2 37 3 40 4 34 5 38
7 5 1 45 2 39 3 44 4 42 5 44
8 2 1 40 5 33
9 3 1 17 4 11 5 9
10 2 2 33 3 32
11 2 3 24 4 22
12 1 4 30
13 2 1 37 5 33
14 1 3 13
15 4 1 22 2 12 3 12 4 13
16 3 2 20 3 18 4 20
17 3 1 13 2 14 3 14
18 supernode
19 2 1 30 5 29
20 3 1 28 2 23 4 22
21 end
