1 5 22
out
0 1 2 3 12 13 14
1 8 5 6
2 8 7
3 8 4 6
4 10 11 15
5 15
6 11 15
7 16
8 9
9 17 18 19
10 17 18 20
11 20
12 17 18 20
13 17 18 20
14 18 20
15 17 19
16 17 19
17 21
18 21
19 21
20 21
in
info
0 start
1 4 2 29 3 27 4 26 5 27
2 2 2 22 4 29
3 2 2 15 5 15
4 2 1 24 4 24
5 3 2 22 3 23 4 21
6 1 5 24
7 4 2 15 3 13 4 16 5 15
8 5 1 35 2 31 3 35 4 30 5 33
9 3 1 20 3 23 5 21
10 2 4 28 5 35
11 3 2 10 3 14 4 8
12 4 1 45 2 39 3 45 4 39
13 3 3 8 4 9 5 8
14 3 3 40 4 39 5 45
15 3 3 23 4 17 5 19
16 1 5 32
17 2 1 26 3 24
18 4 2 14 3 9 4 13 5 10
19 4 2 30 3 33 4 27 5 23
20 4 1 28 3 26 4 31 5 31
21 end
