1 5 20
out
0 1 2 3 4
1 8 6 7
2 8 5
3 6 7
4 8 5 7
5 9 10
6 9 10
7 9 10
8 9 10
9 (11,13,14) 
10 (16,17) 
11 12
12 19
13 19
14 19
15 19
16 15
17 18
18 15
in
19 (12,13,14)
15 (16,18)
info
0 start
1 4 1 34 2 37 3 38 5 36
2 4 1 17 3 12 4 17 5 14
3 2 4 20 5 13
4 3 1 12 2 10 3 6
5 3 1 41 3 39 4 41
6 1 3 24
7 2 3 43 4 39
8 5 1 39 2 36 3 33 4 39 5 31
9 2 1 19 2 15
10 3 1 35 2 33 4 33
11 3 1 9 3 10 4 13
12 3 1 23 2 22 5 21
13 3 1 7 2 11 5 13
14 3 1 21 3 15 5 16
15 supernode
16 3 1 16 2 19 5 14
17 2 1 25 3 24
18 3 2 21 4 22 5 25
19 end
