1 5 21
out
0 1 2 3
1 4
2 4
3 (7,5) 
4 (10,11) 
5 6
6 (18,19) 
7 8
8 9
9 4
10 20
11 12 13 14
12 16
13 12
14 15
15 12
16 20
17 4
18 17
19 17
in
4 (17,9)
20 (16,10)
17 (18,19)
info
0 start
1 2 1 25 4 25
2 3 2 14 3 14 5 15
3 4 1 38 3 37 4 40 5 42
4 4 1 18 3 10 4 9 5 13
5 4 1 14 2 17 4 17 5 13
6 4 1 25 2 30 3 29 5 29
7 2 1 26 3 21
8 2 1 32 3 39
9 2 1 41 3 44
10 3 3 34 4 31 5 35
11 1 3 18
12 2 3 21 4 25
13 3 1 25 3 27 4 26
14 3 2 34 4 28 5 32
15 2 1 24 2 18
16 3 2 26 3 19 5 21
17 supernode
18 1 3 27
19 4 2 17 3 16 4 20 5 17
20 end
