1 5 22
out
0 1 2
1 3 4 5
2 (18,10) 
3 6
4 9 6 7
5 8 7
6 21
7 21
8 21
9 21
10 11 12 14
11 17
12 13
13 11
14 15
15 16
16 (19,20) 
17 4
18 4
19 11
20 11
in
4 (17,18)
11 (19,20)
info
0 start
1 2 2 32 4 33
2 2 3 18 5 18
3 4 1 19 3 18 4 17 5 17
4 2 2 8 5 11
5 2 2 37 5 37
6 3 1 26 3 27 5 31
7 3 2 26 4 26 5 27
8 3 1 22 2 18 4 16
9 1 4 18
10 3 1 30 3 30 4 27
11 2 2 39 4 39
12 3 2 41 3 37 4 36
13 2 3 50 4 42
14 4 1 35 2 31 3 30 4 30
15 2 3 39 4 33
16 1 3 33
17 2 2 12 5 12
18 4 1 26 3 32 4 32 5 33
19 2 1 32 5 29
20 2 1 30 2 35
21 end
