1 5 21
out
0 1 2 3 4 7
1 (15,16,19) 5 6
2 9 5
3 8 6
4 5
5 12 13
6 10
7 14
8 11 12
9 10 12 14
10 20
11 20
12 20
13 20
14 20
15 9
16 17
17 18
18 9
19 9
in
9 (15,18,19)
info
0 start
1 3 3 25 4 23 5 24
2 2 1 38 5 41
3 4 1 18 2 13 3 11 5 15
4 3 1 21 2 18 4 22
5 2 4 38 5 36
6 3 2 32 3 37 4 33
7 4 1 35 2 35 4 27 5 31
8 3 1 37 2 41 5 38
9 2 1 38 3 38
10 4 2 36 3 41 4 36 5 42
11 3 1 9 2 12 5 13
12 3 1 28 2 29 3 28
13 3 2 39 4 45 5 44
14 2 1 38 5 31
15 3 2 42 4 47 5 41
16 1 3 30
17 3 3 33 4 30 5 30
18 2 1 15 5 20
19 3 1 43 2 37 4 42
20 end
