1 5 21
out
0 1 2 3 4 5 7 9
1 6
2 (11,12) 
3 (16,19) 
4 6
5 6
6 8 10
7 20
8 20
9 20
10 20
11 6
12 13
13 14
14 6
15 6
16 17
17 18
18 15
19 15
in
6 (11,14)
15 (18,19)
info
0 start
1 3 1 38 4 31 5 33
2 3 1 40 2 46 5 44
3 4 2 34 3 31 4 35 5 40
4 4 1 24 2 24 3 30 5 34
5 3 1 35 2 35 5 38
6 3 1 41 2 37 5 41
7 1 4 39
8 4 1 33 2 31 4 26 5 28
9 4 1 48 2 47 4 46 5 43
10 2 3 39 4 36
11 2 1 25 3 27
12 3 1 41 4 41 5 44
13 2 3 40 4 32
14 2 1 9 5 10
15 supernode
16 4 2 44 3 47 4 46 5 41
17 1 3 46
18 3 1 32 3 32 4 31
19 1 3 41
20 end
