1 5 21
out
0 1 2
1 (3,12,13) 
2 20
3 (15,14) 11 4 5
4 20
5 6
6 7
7 4
8 9
9 10
10 4
11 4
12 20
13 20
14 8
15 (17,19) 
16 8
17 18
18 16
19 16
in
20 (12,4,13)
8 (16,14)
16 (18,19)
info
0 start
1 3 1 17 2 20 5 15
2 2 2 13 4 16
3 4 2 45 3 41 4 42 5 40
4 3 1 49 2 40 3 46
5 3 3 43 4 38 5 42
6 4 2 34 3 38 4 34 5 31
7 3 1 48 2 44 5 42
8 3 1 43 3 44 5 43
9 2 2 41 3 45
10 3 1 33 4 33 5 32
11 1 2 41
12 2 2 29 5 26
13 1 3 41
14 2 2 39 4 40
15 3 2 23 3 17 5 22
16 supernode
17 3 1 21 2 24 5 19
18 2 3 16 5 8
19 1 2 32
20 end
