1 5 22
out
0 1 2 3 4 5 6 20
1 9
2 8
3 10
4 9 10 7
5 9 7
6 8 10 11
7 12
8 16 12 14
9 13 14
10 16 14
11 12 14 15
12 18 19
13 18 19
14 17 18 19
15 19
16 17 18
17 21
18 21
19 21
20 21
in
info
0 start
1 2 3 34 5 33
2 3 1 21 4 21 5 23
3 3 1 26 2 29 5 25
4 3 2 32 4 36 5 30
5 1 2 47
6 3 2 10 4 13 5 16
7 3 1 41 2 40 3 40
8 2 1 28 2 23
9 3 2 24 3 23 5 24
10 2 1 7 2 7
11 2 3 21 5 23
12 1 3 8
13 2 1 15 3 11
14 1 1 36
15 2 2 23 3 23
16 2 4 32 5 31
17 4 2 30 3 31 4 28 5 27
18 1 5 14
19 1 2 22
20 2 1 29 2 32
21 end
