1 5 22
out
0 1 2 3 4 5
1 8 6
2 8 7
3 8 7
4 8 6 7
5 8 6 7
6 21
7 (20,13) 
8 (9,11) 
9 10
10 21
11 21
12 21
13 14
14 15 16 17 18
15 12
16 15
17 15
18 19
19 15
20 12
in
21 (10,11)
12 (15,20)
info
0 start
1 2 1 16 4 13
2 1 2 13
3 2 1 10 2 16
4 2 1 27 4 23
5 4 1 40 3 36 4 41 5 39
6 3 2 16 3 24 4 17
7 2 4 36 5 33
8 4 1 41 2 35 4 41 5 35
9 1 2 23
10 3 2 24 3 21 4 28
11 3 1 35 2 28 3 35
12 supernode
13 4 1 40 2 46 4 44 5 40
14 2 2 36 4 36
15 2 1 32 5 34
16 2 2 44 4 48
17 3 3 34 4 33 5 36
18 3 2 42 4 42 5 38
19 2 2 45 4 43
20 1 2 39
21 end
