1 5 22
out
0 (15,10,13) 1 3
1 5
2 (16,18) 4 6
3 4 5 6
4 8 7
5 8 9
6 8
7 21
8 21
9 21
10 11
11 12
12 2
13 14
14 2
15 2
16 17
17 5
18 19
19 20
20 5
in
2 (15,12,14)
5 (17,20)
info
0 start
1 2 1 44 5 49
2 2 1 15 3 17
3 3 3 13 4 13 5 18
4 3 1 22 4 19 5 23
5 3 3 12 4 12 5 12
6 3 1 33 3 33 5 39
7 2 3 29 4 29
8 1 2 19
9 3 1 36 2 35 3 36
10 2 3 15 4 15
11 4 1 19 2 19 3 20 5 21
12 2 1 50 3 45
13 2 4 21 5 20
14 4 1 20 3 16 4 22 5 14
15 3 2 13 3 14 5 18
16 2 4 23 5 25
17 3 1 38 2 37 5 44
18 3 2 37 4 32 5 32
19 4 1 40 2 38 3 31 5 40
20 3 2 41 4 39 5 36
21 end
