1 5 21
out
0 1 2
1 3 4
2 3 4
3 20
4 (5,6) 
5 20
6 (19,12,14) 7 8 10
7 11
8 7
9 7
10 7
11 20
12 13
13 9
14 15
15 16 17 18
16 9
17 16
18 16
19 9
in
20 (11,5)
9 (16,19,13)
info
0 start
1 4 1 21 2 14 3 15 4 21
2 4 1 39 2 40 3 43 4 42
3 2 1 22 3 18
4 2 1 14 4 16
5 3 1 36 3 38 4 37
6 2 3 28 5 28
7 4 1 40 3 37 4 39 5 42
8 2 1 19 4 14
9 1 4 39
10 4 1 46 3 44 4 42 5 46
11 5 1 9 2 14 3 8 4 13 5 9
12 2 1 9 2 15
13 5 1 28 2 25 3 28 4 33 5 24
14 2 1 14 4 13
15 3 1 14 3 14 4 21
16 5 1 45 2 43 3 42 4 45 5 36
17 3 1 28 2 28 4 30
18 3 1 45 2 44 4 45
19 4 1 29 2 29 4 30 5 28
20 end
