1 5 22
out
0 1 2 3 4 5 6
1 8 9 10
2 8 7
3 8 9
4 10
5 9
6 10 11 7
7 16 14
8 16 13 15
9 14
10 12
11 15
12 17 19 20
13 20
14 18 19
15 17 18 20
16 18 19
17 21
18 21
19 21
20 21
in
info
0 start
1 5 1 27 2 24 3 27 4 27 5 26
2 3 1 26 2 21 5 28
3 2 1 42 4 41
4 4 1 29 2 22 4 26 5 26
5 1 2 33
6 3 1 12 2 12 3 17
7 2 1 14 3 15
8 2 2 28 4 27
9 2 4 16 5 13
10 4 1 32 3 34 4 33 5 33
11 4 1 30 2 29 4 27 5 34
12 3 1 38 3 48 5 43
13 4 1 31 3 35 4 41 5 39
14 1 1 43
15 4 1 42 3 40 4 39 5 41
16 2 1 9 2 11
17 3 1 14 2 19 5 15
18 3 1 31 3 31 4 33
19 3 1 26 3 30 5 29
20 2 1 26 2 28
21 end
