1 5 22
out
0 1 2
1 3 4 6
2 3 5 6
3 8 9
4 8 9 7
5 (10,11) 
6 8 9 7
7 21
8 21
9 21
10 9
11 12
12 17 13 14
13 9
14 (18,19,20) 
15 16
16 13
17 13
18 15
19 15
20 15
in
9 (10,13)
15 (18,19,20)
info
0 start
1 2 2 18 4 14
2 5 1 25 2 31 3 26 4 29 5 24
3 3 1 12 3 8 4 11
4 2 2 15 5 19
5 4 1 31 2 37 3 40 4 32
6 3 2 26 4 32 5 26
7 3 2 21 3 23 4 17
8 3 1 35 2 39 4 36
9 3 2 35 3 37 4 31
10 3 1 18 4 16 5 12
11 3 1 40 3 41 4 36
12 2 1 36 5 35
13 3 2 47 4 44 5 44
14 3 2 24 3 29 4 25
15 2 2 38 4 35
16 3 2 7 3 15 4 6
17 2 3 25 4 28
18 3 1 11 2 9 5 15
19 3 1 17 3 13 5 18
20 4 1 16 2 18 3 17 4 22
21 end
