1 5 22
out
0 1 2 3 4 6
1 5 7
2 5 7
3 5
4 8 5 7
5 9
6 10
7 10 11
8 (15,12) 
9 (17,20) 
10 21
11 21
12 13
13 14
14 11
15 16
16 11
17 18
18 19
19 21
20 21
in
11 (16,14)
21 (19,20)
info
0 start
1 4 1 28 2 29 3 34 4 33
2 2 2 20 5 17
3 4 1 36 2 37 4 36 5 35
4 3 1 31 3 37 4 33
5 2 2 28 5 25
6 3 1 15 4 9 5 16
7 3 2 38 3 43 4 42
8 2 4 12 5 14
9 2 1 39 3 38
10 3 1 11 3 11 4 13
11 4 1 29 2 28 3 25 5 28
12 2 2 36 3 32
13 1 5 17
14 1 1 25
15 3 3 41 4 39 5 37
16 1 4 41
17 2 1 38 2 44
18 1 1 22
19 2 2 10 5 7
20 2 1 31 3 29
21 end
