1 5 20
out
0 (10,3) 1
1 19
2 19
3 8 4 5
4 (12,13) 
5 6
6 7
7 (15,16) 
8 9
9 4
10 2
11 2
12 11
13 14
14 11
15 4
16 17
17 18
18 4
in
2 (10,11)
11 (12,14)
4 (15,18)
info
0 start
1 3 1 37 2 27 3 37
2 3 2 12 4 13 5 12
3 3 2 10 4 13 5 14
4 2 1 30 4 22
5 2 3 22 4 21
6 4 1 12 3 12 4 14 5 17
7 4 1 40 2 37 3 36 4 39
8 5 1 16 2 13 3 16 4 18 5 13
9 3 3 15 4 16 5 17
10 3 1 32 3 38 4 32
11 supernode
12 3 1 32 2 42 4 36
13 3 3 41 4 41 5 36
14 1 1 17
15 3 2 39 3 47 4 42
16 3 1 22 2 24 4 23
17 3 3 44 4 46 5 42
18 2 2 14 3 8
19 end
