1 5 21
out
0 1 2 3 7
1 (16,19) 4
2 8 4 5
3 5 6
4 9
5 (15,13,14) 9 10
6 9 11
7 9 10
8 10 12
9 20
10 20
11 20
12 20
13 11
14 11
15 11
16 17
17 18
18 8
19 8
in
11 (15,13,14)
8 (18,19)
info
0 start
1 5 1 37 2 34 3 32 4 32 5 34
2 2 3 39 5 39
3 2 1 40 5 45
4 5 1 25 2 23 3 29 4 29 5 24
5 2 2 16 3 16
6 4 1 29 3 24 4 30 5 29
7 2 2 21 3 19
8 2 4 34 5 35
9 2 3 26 4 25
10 1 5 15
11 3 1 28 3 35 5 32
12 3 3 10 4 17 5 8
13 2 4 14 5 14
14 5 1 49 2 46 3 42 4 43 5 47
15 2 3 30 4 35
16 5 1 41 2 42 3 35 4 40 5 34
17 1 1 36
18 1 4 33
19 3 2 44 4 40 5 39
20 end
