1 5 21
out
0 1 2 3 6
1 5
2 4 5
3 4 5
4 8 7
5 8 9 7
6 20
7 (10,12) 
8 (17,19) 
9 20
10 (15,13,14) 
11 20
12 20
13 11
14 11
15 11
16 20
17 18
18 16
19 16
in
20 (11,12)
11 (15,13,14)
16 (18,19)
info
0 start
1 1 5 13
2 2 2 13 3 14
3 3 1 10 2 9 3 13
4 2 2 33 5 40
5 1 4 40
6 3 1 40 3 43 5 38
7 3 3 30 4 29 5 31
8 4 1 38 2 41 4 37 5 40
9 2 1 18 3 10
10 3 1 7 3 13 4 5
11 3 1 37 2 36 3 35
12 4 1 23 3 18 4 23 5 19
13 3 1 21 3 23 5 22
14 1 4 39
15 2 2 42 4 42
16 supernode
17 2 4 26 5 18
18 5 1 10 2 8 3 13 4 15 5 12
19 1 5 29
20 end
