1 5 20
out
0 1 2
1 (7,3,5) 
2 19
3 4
4 19
5 6
6 (9,12) 
7 19
8 19
9 10
10 11
11 8
12 (15,17) 
13 14
14 8
15 16
16 13
17 18
18 13
in
19 (7,8,4)
8 (11,14)
13 (16,18)
info
0 start
1 4 1 38 2 42 3 43 4 38
2 4 1 34 3 37 4 34 5 38
3 2 2 18 3 18
4 4 1 14 2 19 3 15 4 12
5 1 1 32
6 4 1 47 3 46 4 49 5 47
7 3 3 45 4 37 5 38
8 supernode
9 5 1 23 2 21 3 24 4 15 5 17
10 2 3 34 4 34
11 2 2 33 5 33
12 2 2 24 5 18
13 5 1 32 2 30 3 29 4 31 5 30
14 5 1 44 2 34 3 43 4 38 5 44
15 2 3 19 5 27
16 2 3 20 5 20
17 3 1 24 2 26 5 29
18 3 1 15 2 14 5 15
19 end
