1 5 22
out
0 (12,5) 1
1 3 4
2 3 4
3 21
4 21
5 7 10 6
6 2
7 8
8 9
9 6
10 (15,18,19) 
11 6
12 13
13 14
14 2
15 16
16 17
17 11
18 11
19 20
20 11
in
2 (14,6)
11 (17,18,20)
info
0 start
1 3 3 36 4 34 5 33
2 3 1 22 2 23 3 27
3 2 2 16 4 15
4 2 3 27 5 27
5 3 2 25 3 25 5 21
6 2 1 30 2 29
7 1 1 42
8 3 1 27 3 32 4 28
9 3 1 30 2 28 3 28
10 3 2 9 3 12 5 8
11 2 2 24 5 24
12 2 4 40 5 39
13 2 2 14 3 12
14 2 1 46 2 39
15 2 2 43 5 40
16 3 2 27 3 27 4 23
17 3 1 23 2 27 3 26
18 1 3 41
19 1 1 21
20 2 1 31 5 32
21 end
