1 5 22
out
0 1 2 3 4
1 7
2 8 5 7
3 6
4 8 7
5 10 11
6 9 11 12
7 9 11 12
8 9 10 12
9 21
10 21
11 21
12 (15,13) 
13 14
14 21
15 (17,18,20) 
16 21
17 16
18 19
19 16
20 16
in
21 (16,14)
16 (17,19,20)
info
0 start
1 3 1 16 3 26 5 17
2 3 3 15 4 16 5 18
3 2 2 40 5 40
4 2 1 43 3 45
5 4 1 24 2 25 4 28 5 27
6 2 3 21 4 24
7 1 2 36
8 3 2 46 3 41 5 47
9 1 2 45
10 4 1 44 2 44 4 43 5 40
11 4 1 13 3 15 4 16 5 17
12 3 1 33 2 35 3 35
13 1 2 18
14 2 1 16 2 17
15 2 3 30 4 21
16 1 1 33
17 2 1 31 3 28
18 3 3 29 4 26 5 25
19 4 1 23 2 22 4 32 5 22
20 1 5 18
21 end
