1 5 20
out
0 1 2 3 4
1 5 6 7
2 (8,14) 7
3 6 7
4 5 7
5 19
6 (16,18) 
7 19
8 9 10 12 13
9 6
10 11
11 9
12 9
13 9
14 15
15 6
16 17
17 19
18 19
in
6 (15,9)
19 (17,18)
info
0 start
1 4 2 12 3 11 4 16 5 9
2 3 2 37 3 44 5 41
3 4 1 37 2 36 3 38 5 43
4 2 1 44 2 36
5 2 1 31 5 32
6 4 1 34 2 35 3 33 5 31
7 4 1 22 2 22 4 27 5 27
8 4 1 12 2 16 3 12 5 17
9 4 1 31 3 26 4 25 5 32
10 3 1 10 2 9 3 13
11 4 1 30 3 29 4 28 5 24
12 3 1 39 3 46 4 42
13 3 1 16 3 17 5 16
14 3 1 8 2 12 5 11
15 2 2 28 5 29
16 2 1 26 2 27
17 2 1 38 2 33
18 2 2 41 3 48
19 end
