1 5 22
out
0 1 2
1 (8,9) 
2 (3,6) 
3 4
4 5
5 (11,14) 
6 21
7 21
8 7
9 7
10 21
11 12
12 13
13 10
14 15 16 19
15 10
16 17
17 18
18 15
19 20
20 15
in
21 (10,6)
7 (8,9)
10 (15,13)
info
0 start
1 1 1 44
2 2 1 17 5 18
3 3 1 15 3 13 5 14
4 3 1 22 2 17 3 22
5 4 2 10 3 15 4 11 5 11
6 2 1 44 3 47
7 supernode
8 2 3 32 5 30
9 2 2 21 3 23
10 supernode
11 3 2 27 3 30 5 34
12 5 1 29 2 29 3 25 4 34 5 28
13 2 2 36 5 32
14 3 1 32 3 37 5 36
15 3 1 47 3 41 5 43
16 2 1 12 4 16
17 2 2 27 5 22
18 5 1 17 2 20 3 21 4 15 5 20
19 4 1 46 2 45 3 44 4 45
20 3 1 28 4 27 5 28
21 end
