1 5 21
out
0 1 2 3 4
1 5 6
2 5 6
3 20
4 20
5 20
6 (7,8) 
7 (11,13) 
8 9
9 20
10 20
11 12
12 (17,18,19) 
13 14
14 15
15 10
16 10
17 16
18 16
19 16
in
20 (9,10)
10 (15,16)
16 (17,18,19)
info
0 start
1 2 1 30 3 34
2 3 1 9 4 9 5 13
3 2 1 39 5 40
4 4 1 48 3 40 4 40 5 45
5 3 1 32 4 32 5 24
6 1 4 27
7 2 1 23 4 18
8 3 2 32 4 36 5 32
9 1 3 39
10 supernode
11 2 2 40 5 33
12 4 2 14 3 7 4 7 5 8
13 3 1 33 4 38 5 33
14 2 2 20 5 24
15 3 2 15 3 14 4 9
16 supernode
17 5 1 42 2 44 3 43 4 42 5 45
18 3 2 16 4 20 5 16
19 2 2 27 5 26
20 end
