1 5 21
out
0 1 2 3 4 5 6
1 9 7
2 8 9 7
3 8 7
4 8 9 7
5 8 9 7
6 (16,13) 8
7 11 12
8 (17,18,19) 10
9 11 12
10 20
11 20
12 20
13 14
14 15
15 9
16 9
17 11
18 11
19 11
in
9 (15,16)
11 (17,18,19)
info
0 start
1 3 1 36 3 43 4 39
2 3 1 45 3 44 5 41
3 3 1 21 3 20 5 24
4 1 4 15
5 2 2 32 4 35
6 1 5 23
7 3 1 14 4 13 5 12
8 2 2 22 4 16
9 2 1 32 5 35
10 1 2 10
11 3 2 20 4 22 5 26
12 3 1 28 2 25 3 21
13 1 1 14
14 4 1 15 3 17 4 18 5 17
15 3 1 39 4 40 5 40
16 3 1 38 3 36 4 35
17 1 2 25
18 3 1 16 2 18 4 15
19 3 2 37 3 34 4 34
20 end
