1 5 21
out
0 (15,17,18) 1 3 5
1 6
2 4
3 9 7
4 8 7
5 8 9 7
6 8 9 7
7 20
8 (10,11) 
9 (13,14) 
10 20
11 20
12 20
13 12
14 12
15 16
16 2
17 2
18 19
19 2
in
20 (10,11)
12 (13,14)
2 (16,17,19)
info
0 start
1 1 2 8
2 2 2 46 5 45
3 2 3 36 5 33
4 1 3 17
5 2 1 16 4 17
6 1 2 31
7 2 2 27 5 25
8 2 1 43 4 39
9 2 1 19 5 17
10 3 2 43 4 40 5 44
11 4 1 33 3 32 4 28 5 32
12 supernode
13 4 1 28 2 26 3 28 4 33
14 1 3 35
15 3 1 14 2 18 3 17
16 5 1 12 2 17 3 21 4 21 5 21
17 4 1 13 2 14 4 18 5 14
18 2 4 46 5 43
19 2 2 34 3 36
20 end
