1 5 21
out
0 1 2 3
1 5
2 4 6
3 4
4 (10,19,13) 8
5 8
6 8 9
7 20
8 20
9 20
10 11
11 12
12 7
13 15 17 14
14 18
15 16
16 14
17 14
18 7
19 7
in
7 (18,19,12)
info
0 start
1 2 2 22 5 22
2 3 1 13 3 17 4 14
3 2 1 21 5 19
4 3 1 11 4 12 5 10
5 3 1 30 2 29 3 23
6 1 4 18
7 3 2 18 3 15 4 17
8 3 2 41 4 47 5 42
9 3 3 18 4 23 5 24
10 4 1 19 2 19 4 19 5 16
11 3 1 42 4 45 5 42
12 5 1 44 2 45 3 43 4 48 5 49
13 3 2 27 3 29 5 20
14 2 2 46 4 44
15 1 2 20
16 2 3 17 4 16
17 2 2 32 5 34
18 3 1 18 2 24 5 22
19 1 4 47
20 end
