1 5 22
out
0 (7,10,11) 1 2 4 5
1 6
2 6
3 (17,20) 
4 (13,14) 
5 6
6 21
7 8
8 9
9 3
10 3
11 12
12 3
13 6
14 15
15 6
16 6
17 18
18 19
19 16
20 16
in
3 (9,10,12)
6 (15,13)
16 (19,20)
info
0 start
1 2 1 34 5 33
2 4 2 24 3 30 4 25 5 26
3 1 3 10
4 3 1 22 2 20 4 22
5 2 2 25 4 30
6 1 5 21
7 4 1 50 2 50 4 41 5 49
8 4 1 19 3 21 4 19 5 12
9 2 1 30 3 32
10 1 1 42
11 2 1 16 2 15
12 3 1 39 3 38 4 39
13 2 3 47 5 40
14 2 2 20 3 17
15 4 2 48 3 48 4 46 5 43
16 supernode
17 2 2 23 4 24
18 3 1 32 2 32 3 31
19 3 1 24 2 20 5 25
20 3 1 17 3 15 5 11
21 end
