1 5 21
out
0 (10,12) 2 3 4
1 5 6 7
2 7
3 6 7
4 (8,9) 
5 20
6 20
7 20
8 (15,16,18) 
9 6
10 11
11 1
12 13
13 1
14 6
15 14
16 17
17 14
18 19
19 14
in
6 (9,14)
1 (11,13)
14 (15,17,19)
info
0 start
1 4 1 15 2 18 4 16 5 15
2 4 1 20 2 16 3 14 5 14
3 2 1 8 3 9
4 1 3 18
5 2 4 17 5 17
6 2 2 38 4 36
7 2 1 37 2 30
8 3 2 26 3 32 5 28
9 5 1 12 2 10 3 13 4 10 5 8
10 3 1 28 3 26 5 27
11 2 1 30 5 37
12 2 4 33 5 35
13 1 1 13
14 supernode
15 4 1 43 3 47 4 44 5 43
16 4 2 34 3 28 4 27 5 30
17 3 3 41 4 43 5 39
18 2 2 13 3 11
19 2 1 17 3 10
20 end
