1 5 20
out
0 (10,13) 1 3 7
1 4 5 6
2 5 6
3 5
4 (17,18) 9
5 8
6 8 9
7 9
8 19
9 19
10 11
11 12
12 2
13 (15,16) 
14 2
15 14
16 14
17 8
18 8
in
2 (12,14)
14 (15,16)
8 (17,18)
info
0 start
1 4 2 23 3 22 4 23 5 20
2 1 4 13
3 2 3 29 5 27
4 1 5 21
5 2 3 31 4 25
6 3 1 44 2 44 4 44
7 3 1 22 4 18 5 23
8 3 1 30 3 30 5 40
9 4 1 10 3 8 4 10 5 11
10 3 2 22 3 22 5 21
11 3 1 35 2 27 4 34
12 3 3 20 4 16 5 19
13 1 1 31
14 2 2 28 5 27
15 4 1 14 2 15 3 11 4 10
16 3 1 21 2 27 3 24
17 2 2 10 3 9
18 2 2 47 4 45
19 end
