1 5 22
out
0 1 2 6 7 10
1 3 4 5
2 3 4
3 8
4 8 9
5 8
6 21
7 (15,11,14) 
8 21
9 (19,20) 
10 21
11 12
12 (16,17) 
13 21
14 21
15 21
16 13
17 13
18 21
19 18
20 18
in
21 (15,13,14)
13 (16,17)
18 (19,20)
info
0 start
1 5 1 14 2 22 3 15 4 22 5 17
2 1 4 40
3 2 1 31 2 30
4 2 2 44 5 43
5 2 2 44 4 47
6 2 4 28 5 29
7 3 1 33 4 34 5 38
8 3 2 35 4 35 5 32
9 3 1 22 3 28 4 20
10 1 3 23
11 1 3 18
12 2 1 38 2 40
13 2 4 37 5 36
14 3 1 27 4 21 5 22
15 2 1 42 5 48
16 1 4 38
17 5 1 14 2 10 3 7 4 13 5 8
18 supernode
19 3 1 13 4 13 5 13
20 1 5 18
21 end
