1 5 20
out
0 1 2
1 3 4
2 4
3 (8,5,6) 
4 19
5 19
6 (11,12,13) 
7 (15,16) 
8 9
9 10
10 19
11 7
12 7
13 7
14 19
15 14
16 17
17 18
18 14
in
19 (10,5,14)
7 (11,12,13)
14 (15,18)
info
0 start
1 3 2 16 3 24 5 20
2 3 1 21 2 20 3 18
3 4 1 37 2 35 3 31 5 35
4 3 1 8 2 16 5 11
5 3 3 19 4 22 5 21
6 2 1 33 2 39
7 4 2 31 3 28 4 31 5 35
8 3 3 40 4 45 5 42
9 3 2 28 3 36 4 30
10 3 2 14 3 10 5 11
11 1 3 29
12 3 2 39 4 40 5 39
13 1 1 45
14 supernode
15 2 3 33 5 29
16 5 1 17 2 21 3 17 4 13 5 20
17 1 5 43
18 1 2 33
19 end
