1 5 22
out
0 1 2
1 3 4
2 (15,5,6) 3
3 21
4 21
5 4
6 (17,18) 7 10 13
7 14
8 9
9 7
10 11
11 12
12 7
13 7
14 4
15 16
16 4
17 8
18 19
19 20
20 8
in
4 (16,5,14)
8 (17,20)
info
0 start
1 1 1 34
2 4 2 41 3 32 4 38 5 36
3 3 1 8 2 11 5 8
4 4 1 41 2 49 4 47 5 41
5 3 1 14 2 16 3 9
6 4 1 30 2 33 4 32 5 32
7 3 1 34 2 35 3 41
8 4 2 32 3 39 4 41 5 31
9 2 2 17 4 25
10 2 1 48 4 42
11 2 1 42 3 42
12 2 4 35 5 34
13 3 1 28 2 23 4 22
14 5 1 42 2 37 3 38 4 42 5 40
15 1 4 43
16 3 1 28 2 34 5 32
17 4 1 8 2 12 3 8 4 10
18 3 2 45 3 47 4 41
19 3 1 23 4 18 5 27
20 2 2 13 5 15
21 end
