1 5 22
out
0 1 2 7
1 (8,10) 4
2 3 4 5
3 21
4 21
5 21
6 21
7 21
8 9
9 6
10 15 18 11 12
11 20
12 13
13 14
14 11
15 16
16 17
17 11
18 19
19 11
20 6
in
6 (9,20)
info
0 start
1 3 1 39 2 35 3 31
2 2 3 47 4 49
3 4 1 15 2 17 4 18 5 15
4 4 1 14 2 15 3 19 5 11
5 2 2 28 4 23
6 3 2 44 4 46 5 44
7 1 2 10
8 1 1 23
9 2 1 32 4 38
10 3 2 16 4 13 5 13
11 2 1 34 2 36
12 1 4 21
13 1 4 26
14 2 3 31 4 31
15 1 4 13
16 3 2 23 4 19 5 19
17 4 1 11 3 9 4 8 5 9
18 3 1 13 2 13 4 9
19 3 1 9 2 9 5 11
20 3 1 23 4 29 5 29
21 end
