1 5 21
out
0 1 2 3 4 5 6
1 10
2 10 7
3 8 10 7
4 8 10 7
5 8 9 10
6 9 10 7
7 11 12
8 13 14
9 13 14 15
10 12
11 16 17 18
12 17
13 16 17
14 18
15 16 19
16 20
17 20
18 20
19 20
in
info
0 start
1 5 1 24 2 29 3 25 4 23 5 29
2 3 1 44 2 47 5 43
3 2 1 10 5 11
4 1 3 23
5 3 1 25 3 28 4 21
6 4 1 41 3 38 4 37 5 44
7 3 1 39 2 40 3 38
8 2 2 16 3 15
9 2 1 14 4 6
10 2 2 42 3 38
11 2 4 23 5 25
12 2 3 25 4 27
13 3 1 33 2 43 4 36
14 2 3 18 5 19
15 4 1 27 2 28 3 23 4 26
16 4 1 13 2 13 4 15 5 16
17 1 2 12
18 4 1 26 3 18 4 17 5 23
19 2 3 15 5 12
20 end
