1 5 21
out
0 1 2 3 4
1 5 6 7
2 6
3 5 6 7
4 7
5 20
6 (16,17) 
7 (8,11) 
8 (13,14) 
9 10
10 20
11 12
12 20
13 9
14 9
15 20
16 15
17 18
18 19
19 15
in
20 (10,12)
9 (13,14)
15 (16,19)
info
0 start
1 5 1 41 2 41 3 41 4 41 5 35
2 4 1 30 2 30 3 28 5 25
3 2 2 12 3 17
4 3 1 29 3 28 5 32
5 2 3 17 4 16
6 5 1 13 2 13 3 15 4 10 5 17
7 2 4 27 5 19
8 3 2 34 3 34 5 36
9 3 2 23 3 29 5 22
10 4 2 13 3 21 4 19 5 15
11 3 1 10 3 19 5 18
12 4 1 36 2 38 3 40 5 33
13 1 1 17
14 2 1 13 3 6
15 supernode
16 3 1 13 2 13 4 15
17 3 2 29 4 30 5 28
18 3 2 39 3 37 5 42
19 5 1 29 2 36 3 32 4 35 5 30
20 end
