1 5 20
out
0 1 2 3 4
1 8 5 7
2 8 6
3 8 5 6
4 5 7
5 (9,17) 
6 19
7 19
8 19
9 10 11 14
10 19
11 12
12 13
13 10
14 15
15 16
16 10
17 18
18 19
in
19 (18,10)
info
0 start
1 2 1 43 4 42
2 3 2 25 3 23 4 21
3 2 3 40 4 46
4 2 2 35 5 33
5 5 1 30 2 26 3 31 4 28 5 32
6 3 2 26 4 29 5 28
7 2 2 32 3 29
8 3 1 12 2 14 3 16
9 3 1 21 4 19 5 24
10 4 1 39 2 34 3 36 4 33
11 2 2 27 4 20
12 4 1 18 2 17 4 15 5 24
13 2 1 36 3 39
14 3 1 12 3 16 5 12
15 3 1 11 3 17 5 13
16 3 1 24 3 20 4 20
17 3 1 29 2 27 5 34
18 2 1 11 3 12
19 end
