1 5 20
out
0 1 2
1 (7,3,4) 
2 (9,12) 
3 19
4 5
5 6
6 19
7 19
8 (15,17) 
9 10
10 11
11 8
12 13
13 8
14 19
15 16
16 14
17 18
18 14
in
19 (7,3,6)
8 (11,13)
14 (16,18)
info
0 start
1 3 3 24 4 25 5 26
2 4 1 31 3 33 4 34 5 37
3 4 1 46 3 43 4 44 5 46
4 2 4 30 5 26
5 3 2 40 3 36 5 39
6 4 1 39 3 39 4 40 5 36
7 3 2 33 3 34 5 33
8 supernode
9 1 2 34
10 4 1 21 3 15 4 15 5 20
11 3 2 16 3 14 5 14
12 2 3 15 4 18
13 3 1 30 3 25 5 27
14 supernode
15 1 2 18
16 3 2 24 4 26 5 24
17 2 2 18 3 23
18 4 1 37 3 39 4 36 5 41
19 end
