1 5 22
out
0 1 2
1 4 5
2 3 4 5
3 21
4 21
5 (16,6) 
6 7
7 8 9 12 14
8 21
9 10
10 11
11 8
12 (19,20) 
13 8
14 15
15 8
16 17
17 18
18 21
19 13
20 13
in
21 (8,18)
13 (19,20)
info
0 start
1 4 1 24 3 31 4 31 5 33
2 2 2 28 3 25
3 2 2 30 4 32
4 4 1 35 2 41 4 41 5 32
5 2 2 17 5 14
6 1 1 14
7 2 1 14 4 19
8 1 4 39
9 1 5 16
10 2 2 18 4 22
11 3 2 13 4 18 5 17
12 2 1 20 4 24
13 4 1 24 2 24 4 18 5 20
14 3 1 30 4 30 5 31
15 4 1 21 3 23 4 17 5 19
16 3 1 34 3 35 4 30
17 1 5 35
18 2 1 21 4 18
19 2 1 41 3 42
20 3 2 18 3 22 4 21
21 end
