1 5 22
out
0 (17,19,20) 1 3 4
1 (11,12,14) 6
2 5 6
3 5 6
4 5 6
5 21
6 (7,8,10) 
7 21
8 9
9 21
10 21
11 5
12 13
13 5
14 15
15 16
16 5
17 18
18 2
19 2
20 2
in
21 (7,9,10)
5 (16,11,13)
2 (18,19,20)
info
0 start
1 4 2 31 3 30 4 36 5 35
2 3 3 25 4 23 5 25
3 3 2 16 4 17 5 19
4 1 3 21
5 2 3 26 4 23
6 1 5 46
7 2 2 39 4 38
8 4 1 22 2 27 3 29 5 30
9 1 1 20
10 2 1 29 4 28
11 2 2 21 4 21
12 4 1 42 3 42 4 41 5 40
13 4 1 27 2 23 3 28 5 25
14 3 2 11 3 14 4 9
15 3 2 39 4 37 5 40
16 2 3 10 5 13
17 1 1 26
18 2 2 14 4 12
19 2 2 34 3 36
20 3 1 47 3 47 5 46
21 end
