1 5 22
out
0 (7,9) 1 5
1 3 4 6
2 4
3 21
4 21
5 21
6 21
7 8
8 2
9 (11,14) 
10 2
11 12
12 13
13 10
14 15
15 16
16 (18,19,20) 
17 10
18 17
19 17
20 17
in
2 (8,10)
10 (17,13)
17 (18,19,20)
info
0 start
1 3 2 45 3 43 5 39
2 2 2 32 3 28
3 2 3 37 4 36
4 3 2 39 4 38 5 40
5 1 4 46
6 3 1 30 3 29 4 33
7 4 2 27 3 22 4 23 5 26
8 1 4 38
9 3 1 42 2 48 3 49
10 supernode
11 3 1 35 2 36 4 35
12 3 2 30 3 29 4 26
13 2 1 43 2 42
14 2 3 15 4 20
15 3 2 32 3 38 5 39
16 2 1 24 5 22
17 supernode
18 2 1 33 3 32
19 2 2 32 3 33
20 3 1 26 4 21 5 25
21 end
