1 5 21
out
0 1 2 3 4 11 12
1 8 6 7
2 8 6
3 5
4 8
5 10 13 15
6 10
7 15
8 9 13 14
9 16 18 19
10 16 17 19
11 16
12 19
13 19
14 16 18
15 17
16 20
17 20
18 20
19 20
in
info
0 start
1 2 4 25 5 22
2 3 1 25 3 26 4 24
3 5 1 21 2 21 3 17 4 15 5 19
4 3 1 16 2 9 4 16
5 1 2 36
6 2 1 27 2 34
7 2 1 31 2 28
8 1 2 18
9 4 1 26 2 23 3 29 5 26
10 3 2 22 4 21 5 21
11 3 1 30 3 28 4 28
12 3 1 36 2 39 4 44
13 4 1 36 2 36 3 43 4 40
14 3 1 27 2 30 3 27
15 2 3 19 4 20
16 2 3 10 4 13
17 3 1 43 3 44 4 41
18 4 1 45 3 36 4 42 5 35
19 3 2 42 4 43 5 46
20 end
