1 5 21
out
0 1 2 4
1 3
2 (5,6) 
3 (7,10,12) 
4 20
5 3
6 3
7 (15,18,19) 
8 9
9 20
10 11
11 20
12 13
13 14
14 20
15 16
16 17
17 8
18 8
19 8
in
3 (5,6)
20 (9,11,14)
8 (17,18,19)
info
0 start
1 2 3 16 4 17
2 4 2 34 3 38 4 34 5 35
3 3 1 21 2 18 5 17
4 3 2 34 3 35 4 32
5 2 3 31 4 31
6 3 1 22 2 27 5 26
7 5 1 43 2 43 3 48 4 45 5 45
8 2 3 27 5 30
9 2 2 29 3 32
10 2 2 23 4 28
11 2 1 14 5 12
12 3 1 20 2 19 5 23
13 2 2 24 5 25
14 3 2 43 3 41 5 40
15 2 2 34 5 39
16 3 2 16 3 13 5 14
17 4 2 23 3 25 4 26 5 25
18 3 2 33 3 31 5 31
19 3 2 35 3 38 5 39
20 end
