1 5 22
out
0 1 2 3 4
1 5 6
2 8
3 8
4 (11,12) 7
5 10
6 (17,19) 
7 9 10
8 9 10
9 21
10 21
11 5
12 (15,14) 
13 5
14 13
15 16
16 13
17 18
18 10
19 20
20 10
in
5 (11,13)
13 (16,14)
10 (18,20)
info
0 start
1 3 1 16 2 14 5 16
2 4 1 35 2 38 4 38 5 39
3 3 2 14 3 14 5 14
4 4 1 27 3 31 4 30 5 29
5 3 1 18 2 18 4 15
6 4 1 14 2 17 3 11 4 12
7 1 3 31
8 5 1 40 2 43 3 40 4 38 5 40
9 4 1 24 2 16 3 17 5 17
10 3 2 28 3 25 4 24
11 1 3 30
12 3 3 27 4 28 5 33
13 supernode
14 4 1 27 2 27 3 26 4 27
15 2 1 42 2 36
16 2 4 20 5 17
17 1 4 37
18 3 3 15 4 17 5 15
19 2 2 18 4 14
20 3 1 24 2 24 5 29
21 end
