1 5 21
out
0 1 2 3 4 5
1 7
2 8 9 7
3 8 9 7
4 8 9 7
5 8 6
6 11 12 13
7 10 12
8 10 12 13
9 12 13 14
10 16
11 19 15
12 17 19 15
13 19 15
14 17 18
15 20
16 20
17 20
18 20
19 20
in
info
0 start
1 4 1 32 2 33 3 28 5 32
2 2 3 41 5 42
3 4 1 25 3 23 4 23 5 26
4 4 1 33 2 34 3 35 5 33
5 2 2 36 4 29
6 1 3 13
7 2 2 37 4 43
8 2 1 30 5 36
9 5 1 43 2 37 3 38 4 44 5 39
10 2 4 39 5 38
11 3 2 34 3 35 5 40
12 1 5 30
13 2 1 45 3 47
14 4 1 29 2 34 4 34 5 32
15 1 4 34
16 2 1 38 2 37
17 2 1 45 3 40
18 2 2 31 5 33
19 2 2 34 3 35
20 end
