1 5 21
out
0 1 2 3 5 9
1 7
2 8
3 8 4 6
4 10 12 14
5 11
6 11 13
7 11 12
8 11 12 14
9 18 19
10 16 17 19
11 19
12 17
13 16 17 15
14 18 19
15 20
16 20
17 20
18 20
19 20
in
info
0 start
1 3 2 14 4 13 5 11
2 2 3 35 5 32
3 3 1 17 2 16 3 16
4 3 1 21 2 25 3 20
5 2 1 37 3 42
6 4 1 18 2 16 3 13 4 11
7 3 1 24 2 19 4 20
8 2 3 27 5 18
9 2 2 43 5 43
10 3 3 13 4 13 5 12
11 2 4 35 5 28
12 2 4 26 5 34
13 3 1 34 3 32 5 36
14 3 2 27 3 25 4 30
15 4 1 31 2 29 3 23 5 26
16 2 3 14 4 13
17 4 1 28 2 27 4 24 5 23
18 3 1 30 3 30 4 30
19 3 1 45 2 42 5 44
20 end
