1 5 21
out
0 (17,14) 1
1 2 4
2 (10,11) 
3 20
4 (7,5) 
5 6
6 20
7 8
8 20
9 20
10 9
11 12
12 13
13 9
14 15
15 16
16 3
17 18
18 19
19 3
in
20 (8,6)
9 (10,13)
3 (16,19)
info
0 start
1 4 1 43 2 41 3 43 5 41
2 1 1 25
3 3 2 49 3 48 5 49
4 3 1 36 2 38 3 38
5 1 4 27
6 2 1 47 2 41
7 3 1 22 2 19 5 20
8 4 1 25 3 23 4 27 5 26
9 supernode
10 2 4 25 5 26
11 4 1 18 3 18 4 20 5 18
12 1 2 12
13 2 2 28 4 26
14 2 2 17 5 15
15 1 4 36
16 4 1 25 3 20 4 18 5 27
17 2 1 32 3 33
18 4 1 32 3 34 4 28 5 28
19 2 2 23 3 27
20 end
