1 5 21
out
0 1 2 3 5 9 17
1 4 6 7
2 6
3 8 7
4 11 12 13
5 10 11
6 10
7 10 11 12
8 10 11 13
9 16 18 19
10 18
11 16 14 15
12 15
13 19 14
14 20
15 20
16 20
17 20
18 20
19 20
in
info
0 start
1 3 1 15 4 19 5 19
2 3 1 50 3 44 4 48
3 3 1 9 4 11 5 11
4 1 4 10
5 3 1 24 2 31 4 28
6 2 2 36 3 39
7 4 1 32 2 27 3 27 4 26
8 1 3 22
9 5 1 37 2 39 3 43 4 45 5 39
10 3 2 45 4 43 5 46
11 3 2 27 3 26 5 29
12 3 1 40 2 41 5 38
13 4 1 19 2 20 3 21 4 20
14 4 1 16 2 13 3 16 4 10
15 2 2 17 5 17
16 1 2 28
17 2 3 10 4 15
18 3 1 31 3 31 4 32
19 2 2 28 5 31
20 end
