1 5 22
out
0 1 2 3 4 5 11 12
1 9 6 7
2 7
3 8 6
4 9 6 7
5 8
6 13
7 14
8 10
9 10
10 21
11 (19,20) 
12 (15,17) 
13 21
14 21
15 16
16 21
17 21
18 21
19 18
20 18
in
21 (16,17)
18 (19,20)
info
0 start
1 3 3 29 4 29 5 29
2 4 1 31 2 28 3 29 5 32
3 2 1 21 4 21
4 1 2 44
5 3 1 40 4 41 5 40
6 3 1 31 3 26 5 34
7 3 2 40 3 43 4 42
8 2 2 22 5 24
9 5 1 17 2 19 3 15 4 17 5 15
10 3 2 28 3 26 5 29
11 2 1 9 3 14
12 2 3 44 5 39
13 3 1 31 4 27 5 32
14 3 1 16 2 14 5 16
15 1 3 41
16 2 2 30 5 33
17 5 1 17 2 21 3 13 4 22 5 16
18 supernode
19 3 1 20 3 26 5 21
20 4 2 25 3 24 4 29 5 24
21 end
