1 5 20
out
0 1 2 3 4 5 8 11
1 7
2 6
3 6 7
4 7
5 6 7
6 9 12 13
7 10 13
8 19
9 (16,14) 
10 19
11 19
12 19
13 19
14 15
15 19
16 17
17 18
18 19
in
19 (15,18)
info
0 start
1 1 5 19
2 2 3 22 5 30
3 1 1 44
4 3 1 22 2 25 3 22
5 3 1 15 3 13 5 10
6 4 1 33 2 33 4 29 5 33
7 1 3 37
8 3 1 16 4 12 5 12
9 3 3 34 4 31 5 35
10 3 2 29 3 35 5 35
11 2 2 24 4 27
12 1 2 35
13 3 1 19 2 18 4 22
14 4 1 46 2 44 3 42 4 43
15 4 1 43 2 42 3 41 4 44
16 4 2 29 3 25 4 33 5 32
17 4 1 33 2 30 4 30 5 29
18 3 1 41 2 43 5 45
19 end
