1 5 20
out
0 1 2 3 4 5 12
1 8 6
2 8 7
3 8
4 8
5 6 7
6 9 13
7 9 11 13
8 9 10
9 17 14 15
10 18 14 15
11 14
12 16 14
13 17 18 15
14 19
15 19
16 19
17 19
18 19
in
info
0 start
1 3 1 14 3 18 5 13
2 2 1 35 3 34
3 4 2 15 3 21 4 23 5 16
4 2 3 46 4 46
5 4 1 15 2 13 3 11 5 18
6 4 1 29 2 22 3 30 4 28
7 4 1 20 2 21 3 23 4 24
8 1 5 13
9 3 1 36 4 39 5 37
10 4 1 12 2 7 3 10 4 16
11 4 1 35 2 37 3 39 5 36
12 2 2 43 3 44
13 3 2 42 4 40 5 44
14 2 2 19 5 20
15 1 1 26
16 2 2 17 3 18
17 2 1 34 2 33
18 4 1 27 3 27 4 31 5 27
19 end
