1 5 21
out
0 1 2
1 (3,4,14) 
2 20
3 20
4 7 10 5 6
5 13
6 5
7 8
8 9
9 5
10 11
11 (15,17) 
12 5
13 20
14 20
15 16
16 12
17 18
18 19
19 12
in
20 (3,13,14)
12 (16,19)
info
0 start
1 2 1 18 4 21
2 3 1 13 3 18 4 18
3 1 4 29
4 3 1 23 3 24 5 21
5 2 2 31 4 33
6 2 1 7 2 10
7 1 4 7
8 3 1 19 3 21 4 26
9 3 2 28 3 23 4 30
10 3 1 43 2 40 4 43
11 4 1 12 2 13 4 14 5 19
12 4 1 32 3 25 4 29 5 32
13 4 1 45 3 48 4 47 5 47
14 2 2 35 4 27
15 2 1 17 4 17
16 2 3 11 4 14
17 2 3 10 4 12
18 2 2 43 5 42
19 3 1 31 2 37 3 30
20 end
