1 5 20
out
0 (8,9,3) 1
1 19
2 19
3 4 5 6
4 2
5 4
6 7
7 4
8 (16,18) 
9 (11,14) 
10 2
11 12
12 13
13 10
14 10
15 2
16 17
17 15
18 15
in
2 (15,10,4)
10 (13,14)
15 (17,18)
info
0 start
1 2 2 26 4 28
2 2 1 28 4 29
3 2 1 37 4 36
4 4 1 41 2 37 3 41 4 36
5 4 2 24 3 17 4 20 5 19
6 2 2 6 4 6
7 2 2 20 5 21
8 4 2 30 3 29 4 29 5 25
9 3 1 12 2 12 3 12
10 1 3 25
11 5 1 25 2 28 3 25 4 28 5 30
12 3 1 36 2 34 4 36
13 3 1 27 4 23 5 26
14 4 1 40 2 46 3 45 4 46
15 supernode
16 1 3 45
17 3 1 31 2 31 5 30
18 1 2 35
19 end
