1 5 22
out
0 1 2 3 4 8
1 (16,17,18) 10 6
2 9 5
3 10
4 9 5
5 13 14
6 15
7 12 14
8 13 15
9 11 13 15
10 11 13 15
11 21
12 21
13 21
14 21
15 21
16 7
17 7
18 19
19 20
20 7
in
7 (16,17,20)
info
0 start
1 3 1 27 3 19 5 24
2 4 1 30 2 20 3 25 5 26
3 2 3 13 4 11
4 2 4 30 5 29
5 4 2 37 3 40 4 40 5 43
6 4 1 20 2 19 3 23 5 23
7 2 1 41 4 34
8 3 1 20 3 19 5 14
9 3 1 28 4 26 5 29
10 1 2 44
11 1 5 32
12 4 1 34 2 29 3 27 4 30
13 1 2 44
14 4 1 38 2 39 3 40 5 41
15 2 1 18 2 18
16 3 2 39 3 38 4 38
17 4 1 35 2 33 3 31 5 27
18 2 1 40 3 42
19 1 5 13
20 4 1 5 2 15 4 15 5 14
21 end
