1 5 21
out
0 1 2 3 4 7
1 9 10 5
2 9 11 5
3 8
4 6
5 12
6 12 13 15
7 12 13
8 14 15
9 12 14 15
10 13 14 15
11 15
12 16 18 19
13 16 17 18
14 17 19
15 17
16 20
17 20
18 20
19 20
in
info
0 start
1 2 3 39 5 39
2 2 3 38 5 38
3 2 2 30 5 27
4 4 1 19 3 12 4 16 5 18
5 2 3 31 4 25
6 3 1 32 3 28 5 32
7 3 3 28 4 31 5 28
8 3 1 18 2 19 4 21
9 2 1 37 5 33
10 3 2 49 3 45 4 43
11 3 2 37 3 39 4 39
12 2 2 31 4 31
13 3 2 42 3 35 5 40
14 4 1 26 2 25 4 29 5 28
15 3 2 46 3 43 5 45
16 1 5 34
17 1 1 37
18 4 1 16 2 16 3 9 5 9
19 1 5 38
20 end
