1 5 21
out
0 1
1 (8,5,6) 2 3
2 20
3 20
4 (9,19) 
5 4
6 7
7 4
8 4
9 16 10 11 13
10 18
11 12
12 10
13 14
14 15
15 10
16 17
17 10
18 20
19 20
in
4 (7,8,5)
20 (18,19)
info
0 start
1 2 1 24 3 28
2 2 2 25 4 19
3 2 4 24 5 20
4 3 3 24 4 23 5 26
5 4 1 35 2 32 3 27 5 34
6 3 1 36 4 32 5 27
7 1 3 34
8 1 5 16
9 4 1 17 2 17 4 9 5 14
10 3 1 46 3 42 5 48
11 2 3 45 4 42
12 3 3 30 4 36 5 36
13 1 4 39
14 4 2 15 3 16 4 21 5 22
15 3 1 42 3 48 4 45
16 1 1 34
17 5 1 39 2 42 3 40 4 43 5 41
18 4 1 24 2 22 3 21 4 20
19 2 2 28 4 31
20 end
