1 5 21
out
0 (11,14) 1 3
1 (8,10) 6
2 5 7
3 4 5 6
4 20
5 20
6 20
7 20
8 9
9 5
10 5
11 12
12 13
13 2
14 15
15 16 17 19
16 2
17 18
18 16
19 16
in
5 (9,10)
2 (16,13)
info
0 start
1 3 2 44 4 43 5 43
2 2 1 23 3 22
3 2 3 20 5 19
4 3 1 28 3 28 4 22
5 3 1 32 3 31 5 34
6 4 1 13 2 17 4 13 5 15
7 2 2 26 5 33
8 3 1 30 2 26 5 32
9 1 3 11
10 2 2 15 4 8
11 3 1 17 4 22 5 19
12 2 1 11 2 9
13 3 1 42 2 42 4 37
14 1 4 33
15 4 2 14 3 12 4 12 5 12
16 3 2 30 3 23 4 29
17 3 1 43 2 48 5 39
18 3 2 47 4 46 5 42
19 3 1 8 2 8 4 14
20 end
