1 5 22
out
0 1 2 3 4 8
1 6
2 5 7
3 7
4 5 7
5 21
6 21
7 (18,9,17) 
8 21
9 10 11 13
10 16
11 12
12 10
13 14
14 15
15 10
16 21
17 21
18 19
19 20
20 21
in
21 (16,17,20)
info
0 start
1 5 1 30 2 22 3 28 4 28 5 27
2 1 1 14
3 4 1 42 3 43 4 40 5 44
4 4 1 28 2 29 3 28 5 31
5 1 2 37
6 4 1 18 2 12 3 14 5 19
7 2 3 49 5 40
8 3 1 29 2 22 4 25
9 4 1 41 2 40 3 36 4 38
10 3 2 30 3 32 4 30
11 1 2 41
12 4 1 31 3 27 4 33 5 28
13 4 2 41 3 47 4 43 5 49
14 3 3 17 4 12 5 15
15 4 1 11 2 9 3 8 4 12
16 2 1 17 5 22
17 4 1 11 2 16 3 10 5 18
18 4 1 30 2 32 3 31 5 33
19 3 1 21 2 15 4 20
20 3 1 31 3 34 5 30
21 end
