1 5 22
out
0 1 2 3
1 5
2 (13,14) 5 6
3 4
4 (11,12) 10
5 8 9
6 10
7 (15,18,20) 
8 21
9 21
10 21
11 8
12 8
13 7
14 7
15 16
16 17
17 9
18 19
19 9
20 9
in
8 (11,12)
7 (13,14)
9 (17,19,20)
info
0 start
1 2 1 43 3 48
2 1 5 27
3 4 1 46 2 47 4 41 5 41
4 3 1 32 2 33 3 34
5 2 2 14 4 16
6 3 1 41 2 41 5 39
7 3 1 39 3 34 4 32
8 5 1 43 2 38 3 43 4 44 5 42
9 2 4 38 5 42
10 3 2 38 3 39 4 41
11 4 1 28 3 24 4 30 5 29
12 2 1 28 2 25
13 2 2 24 5 26
14 4 1 12 3 10 4 11 5 12
15 2 2 8 4 9
16 3 2 20 3 25 5 25
17 4 1 40 2 34 4 39 5 37
18 3 1 41 2 42 3 41
19 4 2 37 3 32 4 33 5 35
20 2 4 32 5 35
21 end
