1 5 22
out
0 1 2 3 4 5 6
1 9 11
2 8
3 7
4 10
5 10
6 10 11
7 14
8 14
9 12 13 14
10 12 13 14
11 (15,18) 12
12 21
13 21
14 21
15 16
16 17
17 13
18 19
19 20
20 13
in
13 (17,20)
info
0 start
1 3 1 30 2 27 3 26
2 3 2 29 3 27 4 33
3 3 2 27 4 20 5 25
4 2 1 32 2 39
5 3 1 11 3 8 5 17
6 3 1 29 2 29 4 29
7 2 4 45 5 45
8 2 2 24 4 19
9 3 1 12 2 15 4 15
10 2 4 36 5 38
11 4 1 32 2 33 3 34 5 33
12 2 1 19 5 21
13 2 4 39 5 45
14 4 1 28 3 26 4 27 5 32
15 2 2 25 3 25
16 3 3 44 4 42 5 36
17 2 1 48 4 42
18 3 1 38 4 36 5 34
19 1 5 43
20 3 1 16 2 21 3 19
21 end
