1 5 22
out
0 1 2 3 9
1 4 5 6
2 5
3 4 5 6
4 10
5 (20,11,19) 
6 8 10 7
7 21
8 21
9 21
10 21
11 16 17 12 13
12 8
13 14
14 15
15 12
16 12
17 18
18 12
19 8
20 8
in
8 (20,19,12)
info
0 start
1 1 5 40
2 1 4 31
3 1 2 38
4 4 1 17 2 23 4 20 5 22
5 1 3 25
6 4 1 49 2 49 3 46 5 45
7 3 1 27 4 31 5 30
8 1 5 44
9 2 3 23 4 26
10 3 3 44 4 43 5 48
11 3 1 36 4 36 5 37
12 2 3 32 5 26
13 2 1 29 5 30
14 2 3 14 5 11
15 3 2 21 3 14 5 15
16 2 1 32 3 28
17 4 1 35 3 33 4 34 5 37
18 3 1 10 2 9 4 13
19 2 1 11 4 9
20 4 1 18 3 13 4 13 5 14
21 end
