1 5 21
out
0 1 2 3 4 5 9 11
1 (15,16,19) 7
2 8 6
3 (13,14) 
4 7
5 6
6 12
7 10
8 12
9 20
10 20
11 20
12 20
13 8
14 8
15 6
16 17
17 18
18 6
19 6
in
8 (13,14)
6 (15,18,19)
info
0 start
1 2 2 21 3 28
2 1 3 25
3 3 3 20 4 26 5 23
4 4 1 35 3 42 4 39 5 34
5 3 2 22 4 19 5 24
6 3 2 16 3 17 5 18
7 2 1 33 5 27
8 3 2 37 3 39 5 40
9 4 2 19 3 18 4 16 5 22
10 2 1 12 4 14
11 3 1 36 3 35 5 37
12 2 2 21 3 23
13 1 4 32
14 2 4 36 5 36
15 1 5 10
16 3 1 6 3 7 4 14
17 3 2 33 4 33 5 34
18 3 1 40 3 33 4 33
19 4 1 26 3 30 4 31 5 28
20 end
