1 5 21
out
0 1 2 6 7
1 3 4
2 3 4
3 8 5
4 8 9
5 20
6 20
7 20
8 (10,13) 
9 20
10 11
11 12
12 20
13 14
14 15 16 18 19
15 20
16 17
17 15
18 15
19 15
in
20 (15,12)
info
0 start
1 3 2 16 3 17 5 19
2 1 4 45
3 3 1 32 3 32 5 37
4 3 1 17 3 15 4 20
5 2 1 19 2 23
6 2 1 33 4 29
7 2 1 6 4 8
8 2 4 14 5 13
9 3 1 40 4 43 5 44
10 2 1 31 3 31
11 2 2 17 3 21
12 3 2 39 3 37 4 36
13 4 1 36 2 33 4 33 5 33
14 3 1 11 3 11 4 13
15 2 2 20 4 18
16 3 2 39 3 43 4 40
17 3 1 45 4 36 5 42
18 3 1 27 2 28 4 29
19 2 1 19 3 21
20 end
