1 5 22
out
0 (3,12) 1
1 (16,18,13) 
2 21
3 4 5 6
4 8 9 10 11
5 4
6 7
7 4
8 2
9 8
10 8
11 8
12 2
13 14
14 15
15 21
16 17
17 21
18 19
19 20
20 21
in
2 (8,12)
21 (15,17,20)
info
0 start
1 2 1 25 3 25
2 3 1 20 2 17 5 14
3 3 1 32 3 29 4 31
4 2 4 9 5 14
5 2 3 20 5 21
6 3 2 16 3 14 5 15
7 3 1 19 3 22 4 18
8 1 3 48
9 3 2 23 3 28 5 27
10 1 3 27
11 2 1 20 2 19
12 2 3 30 5 29
13 2 3 26 5 30
14 1 3 32
15 3 2 37 4 37 5 35
16 5 1 24 2 24 3 28 4 23 5 27
17 4 1 36 2 29 3 31 4 37
18 2 2 30 3 33
19 2 2 28 4 27
20 4 1 19 3 22 4 23 5 23
21 end
