1 5 22
out
0 1 2 3
1 4
2 4 5
3 4 5 6
4 (7,8) 
5 21
6 21
7 21
8 9
9 (11,20) 
10 21
11 16 18 12 13
12 19
13 14
14 15
15 12
16 17
17 12
18 12
19 10
20 10
in
21 (7,10)
10 (19,20)
info
0 start
1 3 1 22 4 22 5 17
2 3 1 35 3 32 4 35
3 1 4 34
4 3 2 22 4 27 5 23
5 1 3 23
6 4 1 47 2 45 3 46 5 42
7 3 2 26 3 28 5 30
8 3 1 22 2 18 3 17
9 3 1 42 2 40 5 37
10 supernode
11 1 3 16
12 3 1 42 2 37 4 37
13 2 3 25 5 25
14 2 1 45 2 48
15 2 1 43 2 47
16 3 2 16 3 13 4 14
17 2 1 32 5 33
18 2 2 42 5 44
19 2 1 19 4 18
20 1 2 38
21 end
