1 5 21
out
0 1 2 3 4
1 5
2 5 6 7
3 5 6 7
4 5 6 7
5 10
6 8
7 (11,13) 8 10
8 20
9 20
10 (16,19) 
11 12
12 9
13 14
14 15
15 9
16 17
17 18
18 20
19 20
in
9 (15,12)
20 (18,19)
info
0 start
1 2 4 30 5 36
2 3 1 25 3 17 5 21
3 1 1 11
4 5 1 28 2 31 3 29 4 31 5 31
5 3 2 27 4 22 5 29
6 2 1 15 4 13
7 2 2 32 4 31
8 2 3 36 4 36
9 2 1 39 4 42
10 1 4 34
11 1 2 35
12 3 2 23 3 24 5 24
13 2 3 48 4 46
14 1 4 37
15 5 1 36 2 34 3 28 4 26 5 29
16 3 1 38 2 41 4 41
17 4 1 40 2 46 4 42 5 47
18 3 1 42 3 41 4 43
19 2 1 23 4 27
20 end
