1 5 21
out
0 1 2 3 4 5 6 7
1 9
2 8 11
3 8 10 11
4 10 11 12
5 9
6 8 9 11
7 9 12
8 16 14 15
9 16
10 16 15
11 13 14 15
12 13 14 15
13 17 18 19
14 17 18 19
15 17 18 19
16 17 18 19
17 20
18 20
19 20
in
info
0 start
1 3 1 44 2 45 3 42
2 3 1 30 2 27 4 30
3 3 3 29 4 26 5 27
4 3 2 33 4 34 5 35
5 2 1 42 3 41
6 2 1 34 4 42
7 4 1 39 2 46 3 47 5 43
8 2 2 10 5 14
9 2 2 16 5 12
10 1 4 19
11 3 2 36 3 36 5 38
12 1 4 33
13 2 3 33 5 36
14 2 1 16 5 19
15 3 1 23 3 15 5 23
16 2 2 40 5 44
17 1 2 15
18 5 1 15 2 12 3 10 4 17 5 13
19 3 2 18 3 13 4 17
20 end
