1 5 20
out
0 (7,9,11) 1 2
1 19
2 (4,5) 
3 19
4 19
5 6
6 (15,16,18) 
7 8
8 3
9 10
10 3
11 12
12 13
13 3
14 19
15 14
16 17
17 14
18 14
in
19 (4,14)
3 (8,10,13)
14 (15,17,18)
info
0 start
1 2 3 15 4 9
2 4 1 37 2 36 3 44 4 36
3 2 1 17 5 11
4 4 2 34 3 33 4 31 5 33
5 1 1 28
6 3 1 43 3 46 5 48
7 3 1 46 3 44 4 41
8 1 2 29
9 4 1 39 2 37 3 44 4 36
10 3 1 27 3 23 4 23
11 3 3 34 4 26 5 26
12 2 3 28 5 19
13 2 1 42 4 46
14 supernode
15 1 5 21
16 4 1 16 3 13 4 17 5 14
17 1 5 14
18 4 1 29 3 30 4 32 5 32
19 end
