1 5 22
out
0 1 2 3 4 5
1 8 9 7
2 9
3 8 6
4 9 6
5 (12,14) 9
6 10 11
7 10
8 10 11
9 10
10 21
11 21
12 13
13 8
14 15
15 16 17 18
16 8
17 16
18 19
19 20
20 16
in
8 (16,13)
info
0 start
1 5 1 33 2 33 3 33 4 36 5 33
2 2 3 15 4 16
3 3 1 29 2 33 4 30
4 4 1 40 2 43 3 42 4 43
5 2 1 26 5 33
6 3 1 36 3 33 4 31
7 4 1 33 2 37 3 37 4 35
8 1 5 36
9 2 1 33 2 35
10 3 1 20 2 22 5 21
11 3 3 23 4 26 5 25
12 1 2 10
13 3 1 42 4 45 5 47
14 2 2 27 5 27
15 4 2 12 3 14 4 13 5 8
16 1 4 27
17 3 3 11 4 10 5 9
18 2 1 25 2 23
19 1 1 17
20 2 2 30 5 35
21 end
