1 5 20
out
0 (8,10,12) 1 3
1 (4,5) 
2 19
3 19
4 19
5 6
6 7
7 (16,17,18) 
8 9
9 2
10 11
11 2
12 13
13 14
14 2
15 19
16 15
17 15
18 15
in
19 (15,4)
2 (9,11,14)
15 (16,17,18)
info
0 start
1 1 3 31
2 4 2 22 3 21 4 18 5 19
3 3 1 23 3 22 5 28
4 4 1 38 2 37 4 38 5 38
5 1 1 9
6 2 3 28 5 26
7 3 1 15 2 10 5 12
8 3 2 40 3 41 4 43
9 2 1 25 2 26
10 3 1 38 4 41 5 47
11 2 1 34 2 33
12 3 1 43 2 43 4 38
13 5 1 39 2 42 3 40 4 44 5 38
14 2 1 22 3 17
15 supernode
16 2 1 24 3 23
17 2 3 34 5 39
18 3 1 31 2 33 3 26
19 end
