1 5 20
out
0 1 2 3
1 (16,18) 
2 (12,4) 
3 19
4 8 9 5 6
5 19
6 7
7 5
8 5
9 10
10 (13,14) 
11 5
12 19
13 11
14 11
15 19
16 17
17 15
18 15
in
19 (12,5)
11 (13,14)
15 (17,18)
info
0 start
1 3 2 26 4 23 5 28
2 3 1 33 2 35 3 34
3 3 1 11 3 12 4 10
4 4 1 20 2 24 3 25 5 26
5 3 2 43 3 42 5 41
6 1 3 37
7 2 4 40 5 36
8 3 1 18 2 13 5 12
9 5 1 40 2 47 3 47 4 44 5 38
10 3 2 41 4 45 5 43
11 2 1 22 3 24
12 3 1 18 2 27 4 21
13 2 1 27 2 31
14 3 1 42 4 40 5 34
15 supernode
16 5 1 23 2 24 3 19 4 21 5 21
17 4 1 22 2 24 4 24 5 21
18 2 3 35 5 40
19 end
