1 5 22
out
0 1 2
1 21
2 (8,3,5) 
3 4
4 (15,10,12) 
5 6
6 7
7 21
8 21
9 (17,18) 
10 11
11 9
12 13
13 14
14 9
15 9
16 21
17 16
18 19
19 20
20 16
in
21 (7,16,8)
9 (15,11,14)
16 (17,20)
info
0 start
1 3 1 21 2 21 3 19
2 4 2 21 3 21 4 25 5 21
3 4 1 37 3 38 4 40 5 40
4 2 3 23 5 20
5 2 1 34 2 30
6 2 2 27 5 29
7 2 1 12 2 7
8 2 4 42 5 42
9 supernode
10 4 1 42 3 42 4 39 5 38
11 4 2 24 3 24 4 24 5 22
12 2 1 38 4 34
13 4 1 30 2 26 3 28 4 23
14 1 1 12
15 3 1 23 2 27 5 25
16 supernode
17 3 1 25 2 24 4 30
18 3 1 29 4 28 5 36
19 3 1 35 2 35 5 38
20 3 1 42 3 46 5 44
21 end
