1 5 22
out
0 1 2 3 4 5 6 11 15
1 8 9 7
2 9 7
3 8 9 7
4 8 7
5 8 9
6 8 7
7 10 13 14
8 10
9 12 14
10 20
11 17 18 19
12 16 17 19
13 18 19 20
14 17
15 16 20
16 21
17 21
18 21
19 21
20 21
in
info
0 start
1 2 3 43 4 45
2 4 1 27 2 32 3 31 5 29
3 1 4 25
4 1 5 35
5 3 1 13 4 18 5 16
6 1 2 47
7 2 1 39 4 39
8 3 3 41 4 40 5 40
9 2 3 43 4 39
10 2 2 35 3 32
11 3 1 6 2 7 3 12
12 3 1 15 3 16 5 16
13 4 1 11 3 15 4 9 5 15
14 3 3 17 4 21 5 19
15 3 1 44 2 45 3 44
16 3 1 28 2 25 4 27
17 2 1 42 2 47
18 1 1 16
19 3 1 32 2 38 3 35
20 1 1 39
21 end
