1 5 22
out
0 1 2
1 (3,4,6) 
2 (9,12) 
3 21
4 5
5 21
6 7
7 21
8 21
9 (18,20) 
10 11
11 8
12 13
13 15 17 14
14 8
15 16
16 14
17 14
18 19
19 10
20 10
in
21 (7,3,5)
8 (11,14)
10 (19,20)
info
0 start
1 1 5 14
2 3 1 22 3 21 4 17
3 1 4 17
4 1 5 30
5 2 1 12 4 6
6 3 1 38 2 34 3 31
7 2 3 45 4 48
8 supernode
9 2 2 34 4 25
10 3 3 35 4 34 5 33
11 2 3 16 4 14
12 4 1 17 2 24 3 25 5 17
13 4 1 10 3 14 4 18 5 12
14 2 2 25 4 32
15 3 1 10 3 9 5 11
16 2 2 22 3 30
17 3 1 37 2 32 3 32
18 3 2 17 4 16 5 11
19 1 5 27
20 2 1 31 3 36
21 end
