1 5 22
out
0 1 2 3 4 5 8
1 9 10 7
2 9
3 10
4 9 6
5 (20,14) 6
6 11 13
7 12 13
8 12 13
9 11 12 13
10 12
11 21
12 21
13 21
14 15
15 16 17 19
16 7
17 18
18 16
19 16
20 7
in
7 (16,20)
info
0 start
1 2 2 16 3 16
2 2 2 40 5 34
3 3 1 13 2 18 4 14
4 3 1 23 2 21 5 23
5 3 1 22 3 23 5 23
6 4 1 26 2 28 3 29 4 29
7 1 1 34
8 1 2 35
9 4 1 38 2 35 3 33 4 32
10 2 2 40 3 48
11 3 1 31 4 29 5 30
12 2 1 25 2 24
13 4 1 38 2 40 3 45 5 40
14 3 1 14 2 13 3 12
15 3 1 47 2 42 3 47
16 2 2 30 3 38
17 2 2 45 4 44
18 4 1 40 2 46 4 43 5 41
19 3 1 33 3 30 4 33
20 3 1 17 2 26 5 18
21 end
