1 5 21
out
0 (4,6) 1 2
1 20
2 20
3 20
4 5
5 (8,9,10) 
6 3
7 3
8 7
9 7
10 11 12 13
11 (15,17) 
12 11
13 11
14 7
15 16
16 14
17 18
18 19
19 14
in
3 (7,6)
7 (8,9,14)
14 (16,19)
info
0 start
1 3 1 10 4 13 5 16
2 3 1 13 2 20 5 20
3 2 3 28 4 31
4 2 3 36 5 37
5 5 1 31 2 34 3 30 4 33 5 33
6 2 3 12 5 12
7 supernode
8 1 2 42
9 4 1 13 2 14 4 14 5 14
10 4 1 15 2 17 3 20 4 18
11 3 1 30 4 28 5 24
12 4 1 18 2 19 3 19 4 19
13 3 1 33 3 38 5 33
14 3 1 28 4 25 5 25
15 3 1 45 2 46 5 42
16 4 1 36 2 37 3 33 4 42
17 2 4 14 5 13
18 2 4 29 5 28
19 2 1 16 5 11
20 end
