1 5 22
out
0 1 2 3 4
1 5 6
2 5
3 (16,19) 5
4 5 6
5 (10,11,12) 8 7
6 (15,14) 
7 21
8 21
9 21
10 9
11 9
12 13
13 9
14 7
15 7
16 17
17 18
18 6
19 20
20 6
in
9 (10,11,13)
7 (15,14)
6 (18,20)
info
0 start
1 3 2 44 3 36 5 38
2 1 2 44
3 3 1 15 2 19 4 19
4 4 1 15 2 11 3 11 4 11
5 4 1 32 2 30 4 30 5 39
6 4 1 40 2 40 3 45 5 45
7 4 1 31 2 32 3 30 5 30
8 4 1 19 3 24 4 19 5 16
9 4 1 29 2 28 3 26 5 24
10 2 3 38 4 35
11 4 1 15 2 15 3 20 5 15
12 2 3 17 5 16
13 3 1 23 3 25 5 26
14 3 2 23 3 23 4 23
15 2 2 32 3 35
16 2 4 23 5 23
17 1 2 46
18 4 1 27 3 27 4 26 5 29
19 2 2 20 4 24
20 2 3 29 4 29
21 end
