1 5 22
out
0 1 2 3 4 8
1 9 7
2 9 10 6
3 5 7
4 9 6 7
5 13 15
6 16 12 14
7 16 15
8 16
9 16 11
10 16
11 17 18 20
12 18
13 17 20
14 20
15 17 18 19
16 17 18 20
17 21
18 21
19 21
20 21
in
info
0 start
1 4 1 31 2 36 3 31 4 35
2 4 2 14 3 15 4 21 5 18
3 4 1 14 2 18 4 16 5 14
4 2 1 30 3 29
5 3 1 40 2 39 3 41
6 5 1 40 2 41 3 34 4 34 5 35
7 2 2 21 4 17
8 3 1 22 3 16 5 13
9 4 1 22 2 26 3 24 4 26
10 2 1 40 5 40
11 1 2 33
12 1 4 17
13 1 3 28
14 2 2 16 5 22
15 1 5 33
16 4 1 39 2 38 3 36 4 40
17 2 3 19 4 16
18 3 1 19 2 18 3 15
19 1 4 27
20 4 1 14 3 23 4 22 5 20
21 end
