1 5 22
out
0 (17,19,14) 2
1 (8,3,5) 
2 21
3 4
4 21
5 6
6 7
7 21
8 (10,13) 
9 21
10 11
11 12
12 9
13 9
14 15
15 16
16 1
17 18
18 1
19 20
20 1
in
21 (7,9,4)
9 (12,13)
1 (16,18,20)
info
0 start
1 1 3 33
2 4 1 32 2 34 3 33 5 37
3 3 1 9 2 9 5 12
4 2 2 21 4 20
5 4 2 42 3 45 4 45 5 47
6 4 1 31 2 30 3 27 5 35
7 1 5 40
8 1 2 34
9 supernode
10 3 1 24 3 24 4 25
11 2 2 40 3 40
12 1 3 47
13 3 2 41 3 37 4 37
14 3 1 23 3 20 4 22
15 2 2 39 3 38
16 2 2 7 5 7
17 2 2 44 3 42
18 2 2 41 5 39
19 2 1 29 5 34
20 3 1 16 2 8 5 14
21 end
