1 5 22
out
0 1 2 3 4 5 9
1 8 12 7
2 8 11 7
3 6
4 10 11 6
5 12
6 13 15
7 16 14 15
8 16 14 15
9 16 13
10 16 13 15
11 16 13
12 16 14 15
13 17 18
14 20
15 19
16 17 18 20
17 21
18 21
19 21
20 21
in
info
0 start
1 2 3 34 5 32
2 3 1 19 2 12 5 12
3 2 2 31 3 24
4 3 2 41 4 40 5 37
5 5 1 33 2 35 3 31 4 33 5 33
6 2 2 35 5 26
7 1 3 11
8 1 5 33
9 2 2 42 5 44
10 2 1 15 4 17
11 2 1 8 2 11
12 2 3 12 4 11
13 2 2 8 3 7
14 2 1 30 2 30
15 4 1 39 2 44 4 36 5 43
16 4 1 40 3 41 4 41 5 45
17 2 1 30 4 30
18 4 2 15 3 14 4 15 5 18
19 2 1 10 5 15
20 2 3 42 4 39
21 end
