1 5 21
out
0 1 2 3
1 8 6 7
2 8 4 7
3 8 4 5
4 9 11
5 11 13
6 11
7 9 10
8 12
9 16 19
10 16 17 14
11 18 15
12 17 15
13 16 17 18
14 20
15 20
16 20
17 20
18 20
19 20
in
info
0 start
1 1 2 35
2 3 1 41 2 41 5 42
3 5 1 32 2 32 3 36 4 40 5 34
4 2 2 31 5 31
5 2 2 41 3 40
6 4 2 35 3 34 4 38 5 40
7 2 1 13 3 16
8 3 1 30 2 35 5 29
9 2 3 50 5 46
10 2 4 14 5 14
11 2 1 40 2 41
12 2 3 40 4 40
13 4 1 16 2 16 3 15 5 15
14 3 1 41 2 43 5 40
15 2 1 24 3 23
16 2 1 28 5 23
17 4 2 24 3 17 4 24 5 14
18 3 3 35 4 34 5 32
19 2 2 33 4 30
20 end
