1 5 19
out
0 1 2 3
1 4
2 4
3 4
4 (7,5) 
5 6
6 18
7 8
8 9 10 11 13
9 18
10 9
11 (16,17,14) 
12 9
13 9
14 15
15 12
16 12
17 12
in
18 (9,6)
12 (15,16,17)
info
0 start
1 4 1 40 2 43 4 44 5 45
2 4 1 28 2 23 3 23 5 31
3 1 5 30
4 3 1 44 3 40 4 47
5 2 1 40 2 40
6 2 3 39 4 41
7 4 1 36 2 34 4 34 5 34
8 2 1 19 4 14
9 3 2 35 4 34 5 33
10 4 1 44 2 43 4 43 5 42
11 4 1 38 2 41 3 42 5 42
12 3 1 11 2 15 3 14
13 4 1 22 3 21 4 20 5 20
14 2 1 33 4 33
15 3 2 19 4 22 5 24
16 3 2 34 3 35 5 33
17 4 2 10 3 9 4 11 5 9
18 end
