1 5 22
out
0 1 2 3 4 5 6 16 19
1 8 11 7
2 9 7
3 9
4 9 10 7
5 9 11
6 8 7
7 13 14
8 12 15
9 14 15
10 13 14
11 15
12 18
13 17 20
14 20
15 17
16 21
17 21
18 21
19 21
20 21
in
info
0 start
1 1 5 27
2 3 1 33 4 34 5 34
3 3 2 15 3 22 5 16
4 3 1 27 2 34 3 29
5 1 2 28
6 2 2 40 3 43
7 3 1 32 2 35 4 32
8 2 2 38 4 37
9 4 1 34 3 36 4 34 5 38
10 1 1 25
11 3 2 15 3 16 4 22
12 3 2 40 3 44 4 42
13 2 2 26 3 21
14 4 1 42 2 42 3 42 5 44
15 4 1 16 3 12 4 7 5 12
16 4 1 13 2 9 4 8 5 12
17 2 2 37 3 46
18 2 3 26 4 21
19 2 1 20 3 22
20 3 1 37 2 43 4 44
21 end
