1 5 22
out
0 (8,11,12) 1 2
1 4 5 7
2 3 5 7
3 21
4 21
5 (16,18,13) 
6 21
7 21
8 9
9 10
10 6
11 6
12 6
13 14
14 15
15 21
16 17
17 21
18 19
19 20
20 21
in
6 (10,11,12)
21 (15,17,20)
info
0 start
1 2 4 20 5 21
2 1 2 19
3 3 2 25 3 27 5 29
4 3 1 33 2 39 5 39
5 3 1 46 2 41 5 46
6 3 1 14 3 13 5 12
7 3 1 16 2 20 5 19
8 3 1 20 2 16 3 15
9 3 3 29 4 30 5 32
10 3 1 17 2 15 3 21
11 2 1 33 2 29
12 1 2 42
13 3 1 37 3 34 4 31
14 4 2 18 3 20 4 19 5 13
15 1 2 45
16 4 1 10 3 13 4 14 5 14
17 3 1 27 3 29 5 32
18 3 1 35 2 38 3 39
19 1 3 27
20 3 2 23 3 21 4 26
21 end
