1 5 20
out
0 1 2 3 4
1 8 6
2 5
3 7
4 5 6 7
5 (9,10,12) 
6 19
7 19
8 19
9 19
10 11
11 19
12 13
13 15 17 14
14 19
15 16
16 14
17 18
18 14
in
19 (9,11,14)
info
0 start
1 4 1 27 2 29 4 29 5 29
2 3 1 33 4 33 5 39
3 4 1 34 2 34 4 36 5 37
4 1 5 16
5 3 2 21 4 18 5 17
6 4 1 33 2 26 4 27 5 30
7 3 1 13 2 18 4 9
8 1 5 44
9 4 1 42 2 42 3 44 4 45
10 3 2 42 3 42 5 44
11 5 1 32 2 33 3 36 4 32 5 34
12 2 1 30 5 30
13 1 3 23
14 4 2 36 3 34 4 31 5 30
15 1 3 40
16 2 1 33 3 31
17 2 2 23 5 28
18 4 2 10 3 13 4 13 5 13
19 end
