1 5 21
out
0 1 2 3 4 5
1 8 6 7
2 (9,12) 8 6
3 (15,16) 
4 8 7
5 8 6 7
6 20
7 (17,19) 
8 20
9 10
10 11
11 7
12 13
13 14
14 7
15 6
16 6
17 18
18 20
19 20
in
7 (11,14)
6 (15,16)
20 (18,19)
info
0 start
1 3 1 20 2 14 4 18
2 1 3 41
3 2 3 37 4 37
4 3 1 23 3 24 5 25
5 2 1 15 5 16
6 4 1 14 2 20 4 16 5 18
7 3 1 21 4 23 5 27
8 2 1 19 2 19
9 3 1 41 3 39 5 42
10 2 1 13 4 13
11 1 3 31
12 4 1 43 2 39 3 36 4 36
13 4 1 38 3 36 4 35 5 39
14 2 3 34 4 35
15 3 3 27 4 33 5 26
16 3 2 26 4 26 5 27
17 4 1 38 2 40 3 39 4 35
18 2 1 32 2 31
19 4 2 41 3 40 4 42 5 40
20 end
