1 5 20
out
0 1 2 3 4
1 (7,12) 5
2 5 6
3 6
4 (16,17,13) 6
5 19
6 19
7 8 9 10
8 11
9 8
10 8
11 6
12 6
13 14
14 15
15 5
16 5
17 18
18 5
in
6 (11,12)
5 (15,16,18)
info
0 start
1 2 3 23 5 19
2 3 1 16 3 15 4 22
3 3 1 16 2 20 5 15
4 3 1 39 4 37 5 38
5 4 1 38 2 41 3 38 5 40
6 3 3 27 4 25 5 24
7 2 4 14 5 9
8 4 1 17 2 21 4 21 5 24
9 3 3 22 4 20 5 17
10 2 3 13 5 16
11 3 1 35 2 32 4 41
12 5 1 14 2 17 3 14 4 12 5 16
13 2 2 15 3 10
14 2 2 30 4 28
15 3 1 39 2 44 4 46
16 2 3 7 4 11
17 1 5 14
18 4 1 27 3 33 4 28 5 28
19 end
