1 5 22
out
0 1 2 3 4
1 8
2 6
3 5 6 7
4 8 5 7
5 10
6 9
7 11
8 9 10
9 21
10 21
11 (15,12,14) 
12 13
13 21
14 21
15 16
16 17 18 19
17 21
18 17
19 20
20 17
in
21 (17,13,14)
info
0 start
1 3 1 21 2 21 5 21
2 2 3 31 5 39
3 4 2 13 3 10 4 8 5 13
4 2 3 11 4 14
5 3 1 13 2 10 4 13
6 4 1 42 2 44 4 42 5 39
7 3 1 32 2 29 4 28
8 2 4 15 5 14
9 2 1 11 4 10
10 3 1 14 3 11 5 11
11 3 1 30 2 29 4 29
12 2 3 30 5 28
13 2 1 10 5 8
14 2 2 14 5 21
15 1 3 19
16 4 2 20 3 22 4 16 5 15
17 4 1 19 3 22 4 18 5 16
18 1 1 11
19 2 1 40 4 36
20 2 2 29 5 31
21 end
