1 5 20
out
0 1 2 3 4
1 (9,11,12) 
2 5 6
3 (17,14) 5
4 5 6
5 (7,8) 
6 19
7 19
8 19
9 10
10 6
11 6
12 6
13 6
14 15
15 16
16 13
17 18
18 13
in
19 (7,8)
6 (10,11,12)
13 (16,18)
info
0 start
1 3 3 37 4 39 5 38
2 4 1 15 2 18 3 15 5 19
3 5 1 27 2 27 3 32 4 37 5 34
4 4 1 24 3 25 4 23 5 22
5 4 1 22 2 18 3 23 5 19
6 3 1 18 4 15 5 18
7 3 1 33 2 34 3 34
8 2 4 11 5 10
9 3 2 46 3 41 5 41
10 2 1 26 5 29
11 4 1 40 2 39 3 34 4 37
12 2 1 30 3 33
13 supernode
14 4 1 40 2 43 3 40 5 39
15 2 2 15 5 13
16 3 3 19 4 22 5 21
17 4 2 13 3 13 4 17 5 13
18 3 2 41 4 45 5 42
19 end
