1 5 21
out
0 1 2 3 4 5 11
1 7
2 8 7
3 8 6 7
4 7
5 8 6 7
6 10
7 9 10
8 9 12 13
9 16 18 15
10 16 19 14
11 16 18
12 14
13 16 17 18
14 20
15 20
16 20
17 20
18 20
19 20
in
info
0 start
1 2 3 24 4 19
2 4 2 31 3 27 4 30 5 26
3 4 1 30 2 26 4 25 5 26
4 3 1 30 4 26 5 26
5 3 1 18 2 16 4 15
6 4 1 15 3 14 4 17 5 16
7 1 1 42
8 4 2 27 3 35 4 33 5 27
9 3 2 13 3 15 4 10
10 2 1 17 2 17
11 3 1 15 3 17 5 16
12 3 2 6 4 8 5 11
13 1 4 35
14 1 4 10
15 2 2 48 5 46
16 4 1 33 2 35 4 36 5 32
17 3 2 38 3 41 5 41
18 4 2 14 3 10 4 10 5 17
19 2 1 42 3 45
20 end
