1 5 22
out
0 1 2 3 4 8
1 5 6 7
2 5 6 7
3 5 6
4 5 6 7
5 11
6 9
7 10 12
8 (17,19,20) 14
9 13
10 16
11 14 15
12 14
13 21
14 21
15 21
16 21
17 18
18 15
19 15
20 15
in
15 (18,19,20)
info
0 start
1 5 1 45 2 47 3 46 4 42 5 47
2 5 1 31 2 37 3 36 4 28 5 34
3 2 4 25 5 25
4 4 2 15 3 10 4 19 5 13
5 2 2 19 3 21
6 2 1 45 2 43
7 1 2 23
8 3 2 16 3 14 5 19
9 4 1 23 2 22 3 21 5 21
10 3 1 32 2 39 5 37
11 3 2 5 4 14 5 5
12 4 1 40 2 35 3 39 4 43
13 4 1 28 2 30 3 32 5 32
14 3 1 29 4 26 5 25
15 2 3 16 4 13
16 2 1 31 5 25
17 2 2 32 4 33
18 2 4 35 5 38
19 3 2 26 3 32 5 26
20 2 3 40 5 47
21 end
