1 5 22
out
0 1 2 3 4 9
1 6
2 5 6 7
3 5 6 7
4 7
5 (15,16) 
6 (11,12) 
7 8
8 21
9 21
10 21
11 8
12 (18,20) 
13 14
14 8
15 10
16 17
17 10
18 19
19 13
20 13
in
8 (11,14)
10 (15,17)
13 (19,20)
info
0 start
1 3 1 6 2 11 5 6
2 1 5 25
3 1 4 14
4 2 4 15 5 15
5 3 3 23 4 27 5 24
6 3 3 47 4 39 5 45
7 3 1 13 2 7 4 10
8 2 2 13 5 9
9 2 2 18 4 21
10 3 2 20 3 17 4 18
11 1 2 30
12 1 4 37
13 4 2 23 3 19 4 21 5 24
14 3 1 23 3 20 5 21
15 4 2 14 3 14 4 11 5 9
16 3 3 14 4 20 5 13
17 1 3 44
18 2 4 34 5 34
19 3 2 41 4 43 5 43
20 4 2 49 3 47 4 45 5 47
21 end
