1 5 21
out
0 1 2 3 4 5 13 15
1 7
2 6
3 8 6 7
4 8 7
5 8 9 7
6 12
7 14
8 10 12 14
9 11 12 14
10 17 19
11 16 17 19
12 16 18
13 18
14 16 18 19
15 17
16 20
17 20
18 20
19 20
in
info
0 start
1 3 1 13 3 16 5 12
2 2 2 24 3 25
3 5 1 7 2 8 3 14 4 12 5 13
4 3 1 21 3 22 4 22
5 3 1 27 3 29 4 25
6 1 1 32
7 3 1 25 2 27 5 26
8 2 2 15 3 17
9 3 1 32 3 32 4 24
10 2 3 24 5 26
11 3 1 28 2 28 3 23
12 2 1 36 2 35
13 2 2 39 4 45
14 3 1 28 3 29 5 33
15 4 1 33 2 33 3 30 5 31
16 2 4 48 5 46
17 1 4 15
18 2 1 14 2 9
19 2 2 25 5 28
20 end
