1 5 21
out
0 1 2 3 7 8
1 4 5
2 5
3 5 6
4 20
5 20
6 (9,17) 
7 20
8 20
9 10 11 13 14
10 20
11 12
12 10
13 10
14 15
15 16
16 10
17 18
18 19
19 20
in
20 (10,19)
info
0 start
1 2 1 22 3 22
2 3 1 10 4 10 5 15
3 4 1 36 2 38 4 39 5 38
4 4 1 13 3 8 4 15 5 16
5 4 1 41 2 37 3 41 5 37
6 4 1 36 2 29 4 37 5 28
7 3 2 19 3 22 4 22
8 4 1 35 2 36 3 34 4 43
9 3 1 35 3 36 4 30
10 4 1 40 2 40 4 39 5 40
11 4 1 24 3 18 4 18 5 18
12 2 4 11 5 9
13 4 1 27 2 23 3 27 5 24
14 3 1 30 4 26 5 26
15 3 1 32 3 27 4 27
16 2 4 39 5 38
17 4 2 19 3 23 4 17 5 19
18 1 4 24
19 3 1 18 3 14 4 13
20 end
