1 5 22
out
0 (15,20,4) 1 2
1 21
2 21
3 21
4 8 5 6
5 9 10 13
6 7
7 5
8 5
9 3
10 11
11 12
12 9
13 14
14 9
15 16 17 18
16 19
17 16
18 16
19 3
20 3
in
3 (9,19,20)
info
0 start
1 2 2 38 5 39
2 4 1 21 2 19 4 20 5 20
3 2 3 24 4 31
4 4 2 16 3 14 4 13 5 12
5 3 1 14 3 13 4 16
6 2 2 26 4 27
7 4 1 17 2 21 4 16 5 21
8 3 1 43 2 44 3 40
9 3 1 41 3 42 4 47
10 2 3 39 5 37
11 4 2 41 3 37 4 37 5 38
12 1 2 18
13 4 2 17 3 16 4 20 5 12
14 4 1 36 2 35 4 39 5 36
15 4 1 18 3 8 4 14 5 11
16 3 1 6 3 10 5 12
17 4 1 27 2 24 3 29 4 25
18 3 3 33 4 33 5 29
19 3 2 17 3 21 4 17
20 4 1 13 2 11 3 9 5 15
21 end
