1 5 22
out
0 1 2 3 4
1 (16,13) 6 7
2 5 6 7
3 5 6 7
4 8 5 6
5 (9,12) 
6 21
7 21
8 21
9 10
10 11
11 21
12 21
13 14
14 15
15 8
16 (18,19) 
17 8
18 17
19 20
20 17
in
21 (11,12)
8 (15,17)
17 (18,20)
info
0 start
1 4 2 36 3 42 4 39 5 40
2 2 1 14 4 14
3 2 2 44 4 48
4 3 2 33 3 35 4 36
5 3 1 23 4 23 5 24
6 4 1 10 3 12 4 10 5 18
7 3 2 33 3 30 4 32
8 2 1 19 3 17
9 2 2 46 5 45
10 3 1 38 3 41 5 39
11 2 1 7 2 12
12 2 1 22 3 29
13 2 2 28 5 28
14 2 1 18 4 17
15 3 1 21 4 16 5 18
16 3 1 42 2 38 3 44
17 3 2 28 3 31 5 32
18 3 1 37 4 37 5 33
19 2 1 34 5 38
20 2 3 14 5 16
21 end
