1 5 22
out
0 1 2 3 4 6 12
1 (15,16) 5
2 5 7
3 8 7
4 9
5 (17,18) 
6 11 13 14
7 10
8 11 14
9 13 14
10 21
11 21
12 (19,20) 
13 21
14 21
15 8
16 8
17 14
18 14
19 21
20 21
in
8 (15,16)
14 (17,18)
21 (19,20)
info
0 start
1 2 2 18 3 11
2 2 4 46 5 50
3 5 1 19 2 18 3 14 4 17 5 17
4 3 1 16 4 21 5 17
5 1 4 32
6 4 1 29 2 31 3 21 4 28
7 2 1 19 2 25
8 3 1 23 2 25 4 26
9 2 2 14 3 16
10 2 1 9 3 10
11 5 1 34 2 34 3 32 4 31 5 32
12 1 5 30
13 3 1 24 3 23 5 19
14 2 2 39 5 39
15 3 2 12 3 9 5 11
16 3 1 10 3 13 4 13
17 3 1 23 2 30 3 23
18 3 1 32 2 27 3 31
19 4 1 29 2 34 3 28 4 35
20 3 1 19 2 21 5 23
21 end
