1 5 21
out
0 1 2 3 4
1 5 6
2 8 6 7
3 8 6 7
4 7
5 20
6 20
7 (9,10,11) 
8 20
9 20
10 20
11 12
12 (17,18,14) 
13 20
14 15
15 16
16 13
17 13
18 19
19 13
in
20 (9,10,13)
13 (16,17,19)
info
0 start
1 3 3 22 4 24 5 25
2 1 2 44
3 4 1 23 2 21 3 26 5 19
4 4 1 11 3 9 4 17 5 11
5 4 1 8 2 10 3 11 4 15
6 4 2 20 3 14 4 22 5 16
7 1 3 15
8 2 1 16 2 13
9 3 1 8 4 17 5 10
10 2 1 12 2 15
11 2 3 43 5 45
12 3 1 42 2 43 5 43
13 4 2 21 3 24 4 22 5 23
14 3 2 32 3 34 4 32
15 2 1 41 4 36
16 4 1 16 2 13 3 17 4 11
17 3 1 19 3 22 5 23
18 2 1 18 3 18
19 2 3 12 4 11
20 end
