1 5 21
out
0 (7,8,19) 3 4
1 2
2 20
3 20
4 (5,6) 
5 20
6 20
7 1
8 9 10 12
9 16 18 13 14
10 11
11 9
12 9
13 1
14 15
15 13
16 17
17 13
18 13
19 1
in
20 (5,6)
1 (7,19,13)
info
0 start
1 1 5 22
2 4 1 31 2 30 3 25 4 27
3 3 1 27 3 22 5 30
4 4 1 27 2 28 3 26 4 25
5 1 4 11
6 2 1 16 2 19
7 4 1 35 3 31 4 35 5 36
8 1 5 47
9 3 2 17 4 20 5 25
10 3 1 15 4 16 5 18
11 3 2 22 4 25 5 21
12 2 1 22 2 20
13 3 1 24 3 20 4 21
14 2 3 17 5 22
15 2 1 23 3 31
16 3 2 41 3 41 5 37
17 2 4 15 5 19
18 2 1 33 2 38
19 2 1 17 4 20
20 end
