1 5 20
out
0 1 2 3 4
1 5 6
2 5
3 5 6
4 5
5 (10,12) 7
6 (15,16) 7
7 19
8 19
9 19
10 11
11 9
12 13
13 14
14 9
15 8
16 17
17 18
18 8
in
9 (11,14)
8 (15,18)
info
0 start
1 4 1 25 2 21 3 21 5 21
2 4 1 9 2 13 3 9 5 11
3 2 2 39 3 45
4 3 1 35 4 32 5 35
5 3 2 26 3 28 4 32
6 5 1 26 2 23 3 26 4 27 5 23
7 3 1 38 2 40 4 37
8 3 1 36 3 31 4 30
9 4 2 44 3 38 4 41 5 39
10 1 3 39
11 1 1 41
12 2 2 45 3 42
13 2 1 25 2 27
14 3 1 46 3 42 5 44
15 4 2 25 3 21 4 24 5 24
16 2 3 12 4 13
17 5 1 39 2 37 3 38 4 38 5 33
18 4 1 34 2 34 3 40 4 36
19 end
