1 5 22
out
0 1 2 3 7
1 4 5
2 6
3 (11,14) 4 5
4 8 9 10
5 8 10
6 8 9 10
7 8 9 10
8 21
9 21
10 21
11 12
12 13
13 6
14 15 16 18
15 6
16 17
17 15
18 19
19 20
20 15
in
6 (15,13)
info
0 start
1 2 3 44 4 41
2 3 1 27 2 22 5 25
3 2 1 41 4 46
4 4 1 24 2 25 3 21 4 22
5 2 4 23 5 20
6 2 3 23 5 14
7 4 1 32 3 34 4 31 5 31
8 2 4 42 5 39
9 3 1 12 4 14 5 16
10 4 1 39 2 47 4 44 5 42
11 4 1 42 3 38 4 35 5 41
12 2 3 32 5 29
13 3 1 34 3 34 5 32
14 4 2 29 3 25 4 25 5 32
15 1 3 31
16 2 2 29 5 31
17 2 1 47 5 44
18 4 2 10 3 14 4 15 5 11
19 3 2 24 3 27 4 19
20 4 1 40 2 40 4 42 5 43
21 end
