1 5 22
out
0 1 2 5
1 3 4 6
2 3
3 8 9
4 8 9 7
5 8 10
6 8
7 21
8 (17,18,11) 
9 21
10 21
11 15 12 13
12 21
13 14
14 12
15 16
16 12
17 21
18 19
19 20
20 21
in
21 (17,20,12)
info
0 start
1 3 1 39 2 41 5 37
2 4 1 22 2 19 3 19 5 23
3 4 1 44 2 46 3 42 5 37
4 1 3 10
5 3 2 42 3 45 4 41
6 4 1 25 2 22 3 30 4 29
7 2 1 40 2 38
8 3 1 15 2 20 5 19
9 1 4 45
10 3 1 33 2 37 4 36
11 2 1 12 4 12
12 1 5 12
13 2 2 41 3 42
14 3 1 30 2 28 5 26
15 3 1 32 2 30 5 30
16 4 1 15 2 17 3 12 4 14
17 3 3 23 4 27 5 22
18 2 1 18 5 24
19 3 1 22 3 27 4 22
20 2 3 16 5 17
21 end
