1 5 22
out
0 1 2 3 4
1 (9,10) 5
2 8 7
3 7
4 6 7
5 21
6 21
7 21
8 21
9 8
10 11 12 14
11 8
12 13
13 (16,18) 
14 15
15 11
16 17
17 11
18 19
19 20
20 11
in
8 (9,11)
11 (17,20)
info
0 start
1 3 1 31 3 29 5 31
2 3 2 33 3 37 5 37
3 2 3 9 4 10
4 2 1 39 4 35
5 1 3 35
6 4 1 28 2 32 3 35 4 30
7 2 3 27 4 25
8 1 4 41
9 4 1 13 2 8 4 11 5 13
10 2 4 15 5 17
11 4 1 12 3 15 4 12 5 10
12 3 2 13 3 9 4 8
13 4 2 47 3 45 4 43 5 41
14 2 1 41 4 44
15 2 3 41 4 41
16 2 2 33 5 36
17 2 2 27 3 29
18 3 1 16 2 21 5 17
19 3 1 31 2 34 5 34
20 3 2 27 3 31 4 27
21 end
