1 5 20
out
0 1 2 3 4 5
1 6 7
2 6
3 8 7
4 (9,11) 7
5 8 7
6 19
7 19
8 19
9 10
10 6
11 (15,13) 
12 6
13 (17,18) 
14 12
15 16
16 12
17 14
18 14
in
6 (10,12)
12 (16,14)
14 (17,18)
info
0 start
1 4 1 36 3 38 4 41 5 41
2 4 1 14 2 21 3 14 5 16
3 2 2 24 3 28
4 2 4 41 5 37
5 3 2 44 3 40 5 36
6 4 1 41 2 40 4 43 5 42
7 2 1 12 4 12
8 2 2 14 4 14
9 5 1 26 2 27 3 24 4 24 5 29
10 3 1 23 2 25 4 25
11 2 3 14 5 15
12 supernode
13 3 2 47 4 44 5 47
14 1 5 49
15 1 2 48
16 1 5 23
17 3 1 31 3 29 5 34
18 4 1 46 2 45 3 47 4 40
19 end
