1 5 20
out
0 1 2
1 19
2 (10,3) 
3 4
4 9 5 6
5 (16,17,18) 
6 7
7 8
8 (12,13) 
9 5
10 11
11 19
12 5
13 14
14 5
15 19
16 15
17 15
18 15
in
19 (15,11)
5 (12,14)
15 (16,17,18)
info
0 start
1 2 1 17 5 14
2 1 3 15
3 4 1 14 2 16 3 16 4 13
4 4 2 34 3 28 4 34 5 29
5 3 1 28 3 19 5 19
6 4 1 23 2 29 3 24 5 28
7 1 2 20
8 2 1 32 5 33
9 4 1 16 2 12 4 15 5 14
10 3 1 28 3 28 4 31
11 1 1 28
12 3 1 37 2 35 4 35
13 2 2 42 4 44
14 3 3 15 4 9 5 17
15 supernode
16 2 2 20 5 17
17 3 1 29 3 23 4 27
18 3 2 18 3 15 4 18
19 end
