1 5 21
out
0 (8,11) 1 2 3
1 5
2 (13,14) 6
3 7
4 20
5 20
6 20
7 20
8 9
9 10
10 4
11 12
12 4
13 (16,19) 
14 5
15 5
16 17
17 18
18 15
19 15
in
4 (10,12)
5 (15,14)
15 (18,19)
info
0 start
1 3 2 46 3 42 4 45
2 4 1 21 2 27 4 23 5 26
3 4 2 13 3 8 4 8 5 10
4 3 1 9 4 9 5 13
5 5 1 28 2 32 3 31 4 30 5 33
6 1 3 33
7 3 2 29 3 25 5 28
8 4 2 19 3 17 4 23 5 17
9 3 1 11 2 9 4 12
10 4 1 43 2 46 4 42 5 39
11 1 1 36
12 4 1 37 2 38 3 36 5 34
13 1 4 41
14 2 2 33 3 30
15 supernode
16 3 1 15 2 12 4 15
17 1 3 9
18 4 1 22 2 19 3 28 5 24
19 2 4 42 5 39
20 end
