1 5 22
out
0 1 2
1 (8,10,3) 
2 (15,13) 
3 7 4 5 6
4 21
5 (17,18,19) 
6 4
7 4
8 9
9 21
10 11
11 21
12 21
13 14
14 12
15 16
16 12
17 4
18 4
19 20
20 4
in
21 (9,11,4)
12 (16,14)
4 (17,18,20)
info
0 start
1 4 1 41 2 39 3 36 5 38
2 1 4 26
3 2 2 8 4 11
4 4 1 34 2 33 3 29 4 33
5 4 2 15 3 15 4 12 5 14
6 2 3 9 5 14
7 1 3 10
8 3 1 37 3 30 4 33
9 2 2 21 5 24
10 1 5 24
11 1 2 23
12 supernode
13 1 5 12
14 2 1 47 3 41
15 4 1 19 3 18 4 21 5 22
16 2 3 41 5 40
17 3 1 19 2 14 5 19
18 1 5 21
19 3 2 29 4 27 5 26
20 2 3 27 5 32
21 end
