1 5 22
out
0 1 2 3 4 8
1 10 7
2 9 6
3 10 5 7
4 9
5 15
6 14 15
7 14
8 12 13 15
9 11 12 15
10 13 15
11 17 20
12 16 17 18
13 17 20
14 17 19
15 16
16 21
17 21
18 21
19 21
20 21
in
info
0 start
1 3 1 28 3 32 5 31
2 1 4 14
3 3 1 17 3 17 4 21
4 3 1 17 3 18 4 19
5 3 1 45 2 45 4 45
6 3 1 37 2 33 4 41
7 2 1 5 4 11
8 5 1 39 2 42 3 38 4 36 5 38
9 2 3 23 4 22
10 2 3 28 5 23
11 4 1 41 3 39 4 43 5 38
12 2 1 33 2 36
13 1 4 31
14 2 1 22 4 23
15 1 4 32
16 2 3 31 4 30
17 3 1 36 2 37 3 42
18 3 2 6 4 12 5 13
19 1 2 22
20 3 1 36 3 33 5 37
21 end
