1 5 20
out
0 1 2 3 4 5 6 15
1 9 10 7
2 8 10
3 8 9 7
4 8 9 7
5 8 9 7
6 8
7 11 13
8 11 12 13
9 11 12
10 11
11 17 18
12 17 14
13 16
14 19
15 19
16 19
17 19
18 19
in
info
0 start
1 4 1 14 2 13 3 8 4 15
2 3 1 34 2 26 3 31
3 3 1 11 4 11 5 12
4 3 2 28 3 27 4 27
5 3 1 16 3 17 4 14
6 4 1 11 3 15 4 19 5 13
7 2 3 9 4 12
8 3 3 33 4 35 5 36
9 2 2 22 5 20
10 3 2 45 3 37 5 40
11 4 1 37 3 32 4 35 5 34
12 4 1 36 2 37 3 32 4 37
13 2 2 40 3 38
14 3 1 39 3 41 4 36
15 2 3 24 4 19
16 2 1 47 5 40
17 2 3 34 5 35
18 3 3 30 4 32 5 31
19 end
