1 5 22
out
0 1 2 3 5
1 8 6
2 6 7
3 4 6
4 9
5 9 11 12
6 9 10 12
7 10 12
8 10
9 (13,14) 
10 21
11 21
12 21
13 21
14 15 16 19
15 20
16 17
17 18
18 15
19 15
20 21
in
21 (20,13)
info
0 start
1 5 1 13 2 15 3 12 4 12 5 12
2 2 1 32 4 33
3 2 3 11 4 12
4 3 2 35 3 31 5 32
5 3 1 29 2 25 3 28
6 2 1 41 2 41
7 2 4 26 5 28
8 1 3 29
9 2 3 18 4 18
10 2 2 38 3 44
11 3 2 45 4 48 5 44
12 3 2 13 4 14 5 15
13 4 1 44 2 42 3 43 4 40
14 4 1 41 2 40 3 37 4 40
15 1 2 24
16 1 3 44
17 3 1 16 3 8 4 10
18 2 1 33 5 32
19 3 1 18 2 23 5 18
20 1 5 16
21 end
