1 5 20
out
0 1 2 3 4 6 9
1 5
2 8 5
3 8 7
4 10 12 13
5 10 12
6 10 12
7 10 12 13
8 13
9 10 11 12
10 (16,18,14) 
11 19
12 19
13 19
14 15
15 19
16 17
17 19
18 19
in
19 (15,17,18)
info
0 start
1 5 1 22 2 20 3 17 4 21 5 22
2 3 1 37 2 42 3 41
3 2 3 20 4 24
4 2 4 17 5 26
5 2 1 32 3 30
6 2 2 7 4 13
7 3 1 26 2 28 4 28
8 4 1 48 2 43 3 40 5 44
9 2 2 42 5 42
10 4 1 36 3 37 4 36 5 36
11 3 1 30 2 28 3 23
12 1 1 33
13 2 2 41 3 39
14 4 1 14 2 13 3 15 5 11
15 1 3 8
16 3 3 21 4 17 5 19
17 4 1 30 3 33 4 33 5 31
18 3 2 14 4 14 5 17
19 end
