1 5 21
out
0 1 2 3 4
1 5 6
2 6
3 (10,12,13) 
4 6
5 20
6 (7,8,9) 
7 20
8 20
9 20
10 11
11 6
12 6
13 (15,16,19) 
14 6
15 14
16 17
17 18
18 14
19 14
in
20 (7,8,9)
6 (11,12,14)
14 (15,18,19)
info
0 start
1 2 4 12 5 10
2 2 2 17 3 14
3 1 3 37
4 4 2 39 3 39 4 38 5 35
5 3 2 41 3 38 5 40
6 3 2 27 3 28 4 26
7 2 1 39 4 38
8 3 1 28 2 33 4 24
9 3 1 17 3 20 4 23
10 2 1 27 4 32
11 4 1 31 2 37 3 32 4 36
12 2 1 20 3 19
13 2 1 36 2 43
14 2 1 28 4 29
15 3 3 45 4 41 5 45
16 2 2 38 4 35
17 2 3 15 4 17
18 3 1 9 3 11 4 12
19 4 1 29 2 26 3 29 4 26
20 end
