1 5 21
out
0 (9,10) 1 2 4
1 6 7
2 5 7
3 5
4 (15,11,14) 
5 20
6 20
7 20
8 20
9 3
10 3
11 12
12 13
13 (17,19) 
14 8
15 8
16 8
17 18
18 16
19 16
in
3 (9,10)
8 (15,16,14)
16 (18,19)
info
0 start
1 2 1 36 4 40
2 4 1 14 2 12 3 15 5 14
3 3 1 12 4 10 5 13
4 2 1 29 4 33
5 2 4 38 5 36
6 1 5 40
7 4 1 20 3 20 4 27 5 20
8 2 1 32 2 26
9 1 5 39
10 2 1 40 5 39
11 2 3 19 4 21
12 3 2 25 3 23 4 18
13 3 2 11 4 12 5 13
14 4 2 34 3 31 4 30 5 32
15 2 1 22 5 28
16 supernode
17 3 1 28 3 32 5 28
18 3 1 20 2 22 5 19
19 3 1 32 4 32 5 29
20 end
