1 5 19
out
0 1 2 3 4 5 6 7
1 8 9 10
2 8 10
3 9 10
4 8 11
5 8 9 10
6 8 10 11
7 8 10
8 12 13 14
9 14
10 12 13
11 12 13 14
12 16 17 15
13 16
14 16 17 15
15 18
16 18
17 18
in
info
0 start
1 3 1 40 3 42 5 34
2 4 1 28 2 29 3 27 4 28
3 3 1 27 3 20 5 27
4 4 1 42 2 47 4 43 5 45
5 2 4 38 5 35
6 3 3 14 4 6 5 12
7 2 4 45 5 49
8 1 4 20
9 3 2 16 3 19 4 15
10 2 1 13 3 13
11 2 3 34 5 30
12 3 1 7 3 14 4 8
13 2 3 22 5 26
14 4 1 32 2 37 4 37 5 33
15 3 1 26 2 30 5 28
16 3 1 22 2 17 5 16
17 5 1 30 2 24 3 28 4 24 5 24
18 end
