1 5 20
out
0 1 2 3 4 5 6
1 7
2 8 7
3 7
4 8 7
5 7
6 10 11
7 9 12
8 11
9 14
10 16 13 14
11 16 13 14
12 16 15
13 19
14 19
15 (17,18) 
16 19
17 19
18 19
in
19 (17,18)
info
0 start
1 3 3 29 4 28 5 23
2 3 2 20 4 25 5 20
3 2 1 46 4 38
4 4 1 15 2 14 3 14 4 10
5 1 4 23
6 2 4 45 5 44
7 4 1 23 3 21 4 24 5 29
8 3 2 28 3 30 5 29
9 3 2 11 3 15 4 9
10 2 2 36 5 34
11 3 1 31 2 34 3 34
12 2 3 27 5 24
13 4 1 43 3 45 4 43 5 45
14 1 3 24
15 3 1 22 3 22 4 23
16 1 3 35
17 4 1 19 2 18 3 21 5 18
18 3 2 19 4 17 5 21
19 end
