1 5 21
out
0 1 2 3
1 (7,9,10) 
2 (4,5) 
3 20
4 20
5 20
6 20
7 8
8 6
9 6
10 15 18 11 12
11 19
12 13
13 14
14 11
15 16
16 17
17 11
18 11
19 6
in
20 (4,5)
6 (8,9,19)
info
0 start
1 4 1 25 2 26 3 26 4 26
2 2 1 25 2 29
3 1 5 41
4 3 1 28 2 31 5 34
5 2 1 14 3 8
6 supernode
7 3 1 20 4 22 5 17
8 1 2 44
9 3 2 39 4 37 5 33
10 3 1 34 2 33 4 31
11 2 1 28 4 27
12 3 2 11 3 18 5 15
13 3 2 40 3 39 4 44
14 2 3 45 4 40
15 4 1 41 3 38 4 40 5 42
16 3 2 32 3 30 4 32
17 4 1 29 2 36 4 33 5 30
18 1 1 44
19 3 2 18 3 14 4 18
20 end
