1 5 22
out
0 1 2 3 4 5 6
1 7
2 7
3 (15,14) 
4 (8,9,12) 
5 7
6 7
7 21
8 7
9 10
10 11
11 (18,19,20) 
12 7
13 7
14 13
15 16
16 13
17 7
18 17
19 17
20 17
in
7 (8,17,12)
13 (16,14)
17 (18,19,20)
info
0 start
1 3 1 38 4 41 5 45
2 3 1 34 3 40 4 37
3 4 1 34 2 36 3 38 4 38
4 3 1 25 3 23 5 19
5 2 2 27 5 20
6 3 1 33 4 31 5 28
7 2 1 13 5 14
8 1 1 30
9 3 1 37 2 37 5 37
10 4 2 15 3 15 4 15 5 15
11 3 3 11 4 11 5 12
12 2 3 34 4 32
13 supernode
14 3 3 14 4 10 5 13
15 3 1 32 2 32 5 27
16 1 3 20
17 supernode
18 4 1 47 3 45 4 47 5 45
19 2 1 39 2 40
20 2 2 23 3 22
21 end
