1 5 22
out
0 1 2 3 4 11 13 14 16
1 6 7
2 7
3 5 6 7
4 8 6 7
5 9 10 12
6 10
7 12
8 15
9 20
10 17 19 20
11 19 20
12 17 18 19
13 17 18 19
14 17 18
15 17 19 20
16 21
17 21
18 21
19 21
20 21
in
info
0 start
1 3 1 21 3 24 5 23
2 3 2 31 3 31 4 29
3 4 1 15 2 13 4 15 5 16
4 5 1 12 2 8 3 9 4 14 5 14
5 1 1 40
6 3 1 23 2 26 5 24
7 5 1 33 2 33 3 33 4 33 5 30
8 2 1 23 5 23
9 3 3 21 4 22 5 18
10 1 3 25
11 4 1 31 3 36 4 31 5 34
12 4 1 17 2 20 4 19 5 19
13 2 1 16 4 13
14 4 1 38 3 41 4 36 5 42
15 2 2 31 4 33
16 2 1 7 3 8
17 4 1 21 2 19 3 20 5 18
18 3 2 36 3 34 4 31
19 5 1 30 2 27 3 28 4 29 5 25
20 1 4 27
21 end
