1 5 22
out
0 1 2 3 4
1 7
2 8 5 6
3 8 9
4 10 12 13
5 10
6 12 13 14
7 10 11 12
8 10 11 14
9 10
10 16 19 15
11 16 17
12 18 20 15
13 20 15
14 19
15 21
16 21
17 21
18 21
19 21
20 21
in
info
0 start
1 3 1 25 3 27 4 23
2 1 3 31
3 2 3 28 5 28
4 1 5 11
5 4 1 12 2 14 3 12 4 14
6 4 1 41 2 45 3 40 5 39
7 3 2 30 4 33 5 35
8 4 1 31 2 31 4 39 5 34
9 4 1 18 2 17 3 10 4 12
10 2 1 15 2 23
11 1 4 41
12 3 2 41 4 40 5 39
13 3 1 16 3 16 4 15
14 3 2 44 3 43 5 42
15 3 3 8 4 13 5 11
16 2 3 18 5 10
17 3 3 29 4 34 5 29
18 1 4 38
19 2 3 41 5 46
20 4 1 40 2 45 3 47 5 42
21 end
