1 5 22
out
0 1 2
1 (7,6) 4 5
2 3
3 (8,14) 
4 (16,17,19) 
5 21
6 3
7 3
8 9 10 12
9 21
10 11
11 9
12 13
13 9
14 21
15 21
16 15
17 18
18 15
19 20
20 15
in
3 (7,6)
21 (9,14)
15 (16,18,20)
info
0 start
1 3 1 32 4 33 5 35
2 2 1 16 2 12
3 2 1 19 3 22
4 3 1 20 3 20 4 23
5 2 2 18 3 14
6 3 3 39 4 41 5 41
7 4 2 6 3 10 4 13 5 8
8 2 3 34 5 35
9 3 2 21 3 22 5 18
10 4 2 41 3 42 4 39 5 40
11 4 1 40 2 45 4 43 5 45
12 3 2 27 4 29 5 30
13 4 1 29 2 26 3 30 5 30
14 2 1 9 5 12
15 supernode
16 2 1 37 5 40
17 4 2 15 3 18 4 14 5 18
18 3 1 20 3 20 4 25
19 3 1 30 4 31 5 38
20 3 2 15 3 17 5 16
21 end
