1 5 22
out
0 1 2 3 4 5 9
1 8 6 7
2 8
3 8
4 8 10 7
5 8 6 7
6 (16,18) 13
7 15
8 11 12 15
9 11 12 15
10 11 13 14
11 21
12 21
13 21
14 21
15 21
16 17
17 14
18 19
19 20
20 14
in
14 (17,20)
info
0 start
1 3 2 39 3 32 5 41
2 4 2 21 3 18 4 22 5 21
3 2 1 21 4 26
4 1 5 14
5 1 3 43
6 5 1 26 2 27 3 29 4 29 5 29
7 3 2 33 4 40 5 34
8 3 2 41 3 37 5 43
9 4 1 39 2 39 3 34 5 35
10 2 2 26 4 30
11 3 1 21 2 17 5 20
12 2 4 40 5 39
13 5 1 15 2 14 3 11 4 9 5 11
14 1 2 32
15 5 1 45 2 46 3 41 4 44 5 47
16 3 1 23 3 31 4 24
17 2 2 15 3 21
18 3 1 16 3 16 5 15
19 2 2 26 5 25
20 2 1 26 4 30
21 end
