1 5 22
out
0 1 2 3 4 7
1 8
2 5
3 6
4 8 6
5 (9,10) 
6 21
7 21
8 21
9 21
10 (15,13) 
11 12
12 21
13 14
14 (17,19) 
15 11
16 11
17 18
18 16
19 20
20 16
in
21 (9,12)
11 (15,16)
16 (18,20)
info
0 start
1 3 1 13 3 14 4 11
2 2 4 31 5 34
3 3 1 29 3 28 5 29
4 3 1 20 3 24 4 18
5 2 1 16 5 14
6 2 2 34 5 32
7 3 3 31 4 34 5 27
8 3 3 31 4 30 5 35
9 3 1 24 2 24 3 24
10 2 1 32 3 38
11 3 1 35 3 37 5 35
12 1 5 46
13 1 5 41
14 3 2 38 3 38 4 39
15 4 1 15 3 11 4 17 5 14
16 supernode
17 4 1 11 2 14 4 16 5 15
18 3 1 24 4 24 5 28
19 1 3 28
20 3 2 18 3 17 5 22
21 end
