1 5 20
out
0 1 2
1 19
2 (9,3,6) 
3 4
4 (16,14) 
5 19
6 7
7 8
8 19
9 (11,12,13) 
10 19
11 10
12 10
13 10
14 15
15 5
16 17
17 18
18 5
in
19 (8,10,5)
10 (11,12,13)
5 (15,18)
info
0 start
1 3 1 12 3 11 4 12
2 4 2 31 3 31 4 34 5 36
3 1 4 19
4 3 1 33 3 28 5 32
5 5 1 47 2 41 3 47 4 47 5 40
6 3 1 24 4 23 5 20
7 3 1 14 2 15 3 11
8 3 1 17 3 19 5 27
9 2 1 8 2 17
10 1 3 18
11 3 1 36 2 31 3 36
12 2 1 20 2 23
13 2 3 8 4 13
14 2 2 49 4 49
15 4 1 40 2 38 3 39 4 48
16 2 3 28 5 28
17 4 1 21 2 24 3 23 4 25
18 2 1 43 5 49
19 end
