1 5 21
out
0 1 2 3 4 5 9 10 11 14
1 8 6 7
2 (18,19) 6
3 8 6 7
4 8 6 7
5 6
6 12
7 13
8 12
9 20
10 20
11 (15,17) 
12 20
13 20
14 20
15 16
16 20
17 20
18 8
19 8
in
20 (16,17)
8 (18,19)
info
0 start
1 3 1 31 3 35 5 36
2 3 1 38 3 37 5 38
3 1 3 28
4 2 3 14 5 19
5 3 1 39 4 41 5 37
6 1 1 34
7 2 1 19 3 23
8 2 1 34 3 30
9 3 1 15 2 13 5 13
10 1 5 36
11 2 1 33 5 35
12 2 1 25 4 28
13 3 1 30 3 31 4 33
14 3 2 16 4 12 5 18
15 3 1 48 2 41 4 42
16 1 1 40
17 2 2 29 4 29
18 4 1 36 2 34 3 37 5 36
19 2 1 16 3 18
20 end
