1 5 22
out
0 (4,5) 1 2
1 (7,6) 
2 (10,11,13) 
3 21
4 3
5 3
6 21
7 8
8 21
9 21
10 9
11 12
12 9
13 14
14 15 16 18 19
15 9
16 17
17 15
18 15
19 20
20 15
in
3 (4,5)
21 (8,6)
9 (15,10,12)
info
0 start
1 2 2 37 5 36
2 3 1 26 2 18 4 19
3 1 3 27
4 1 3 11
5 3 1 17 2 15 5 20
6 1 5 21
7 3 2 23 4 27 5 23
8 4 1 32 2 33 4 30 5 27
9 supernode
10 3 1 13 2 16 4 11
11 1 3 20
12 3 1 16 2 17 4 18
13 5 1 32 2 32 3 32 4 37 5 35
14 2 2 28 3 33
15 3 1 16 2 13 5 13
16 4 2 26 3 28 4 29 5 27
17 2 2 24 4 24
18 1 4 15
19 2 2 14 5 11
20 2 2 35 5 28
21 end
