1 5 21
out
0 1 3 5
1 2 4
2 20
3 (7,6) 
4 20
5 (18,10) 
6 20
7 8
8 20
9 20
10 17 11 12 14
11 9
12 13
13 11
14 15
15 16
16 11
17 11
18 19
19 9
in
20 (8,6)
9 (11,19)
info
0 start
1 5 1 32 2 35 3 37 4 32 5 34
2 4 1 44 3 42 4 38 5 39
3 3 1 14 2 13 5 17
4 4 1 21 2 20 3 19 5 16
5 4 1 34 2 37 4 37 5 34
6 2 2 41 4 44
7 2 2 44 3 42
8 3 2 19 3 14 4 16
9 supernode
10 2 1 44 2 44
11 3 2 28 3 31 5 31
12 3 1 13 3 13 4 9
13 2 1 43 5 42
14 4 2 35 3 42 4 42 5 40
15 3 2 23 3 27 4 24
16 4 1 29 2 32 3 27 5 25
17 2 2 41 3 44
18 3 1 33 3 29 5 29
19 1 5 26
20 end
