1 5 22
out
0 1 2 3 4
1 5 6
2 5 6
3 (7,8,11) 6
4 5
5 21
6 (15,12,13) 
7 5
8 9
9 10
10 (17,19) 
11 5
12 21
13 14
14 21
15 21
16 5
17 18
18 16
19 20
20 16
in
5 (7,16,11)
21 (15,12,14)
16 (18,20)
info
0 start
1 2 1 19 4 23
2 3 1 12 2 11 5 8
3 4 2 16 3 16 4 14 5 6
4 2 1 38 2 37
5 3 1 25 3 26 5 28
6 2 1 18 4 10
7 2 3 39 4 39
8 1 2 37
9 2 1 44 4 45
10 3 3 26 4 31 5 26
11 2 1 33 3 31
12 1 2 39
13 2 2 41 5 39
14 2 1 27 5 29
15 2 1 13 5 16
16 supernode
17 3 1 30 3 32 4 34
18 3 3 26 4 25 5 23
19 2 1 48 2 49
20 3 2 20 4 21 5 23
21 end
