1 5 19
out
0 (4,6) 2 3
1 (7,10) 
2 18
3 18
4 5
5 1
6 1
7 8
8 9
9 18
10 11
11 (16,17,13) 
12 18
13 14
14 15
15 12
16 12
17 12
in
1 (5,6)
18 (9,12)
12 (15,16,17)
info
0 start
1 3 1 42 4 37 5 45
2 2 2 25 5 27
3 4 1 43 2 43 4 42 5 42
4 4 2 13 3 14 4 13 5 9
5 2 3 26 4 32
6 5 1 28 2 28 3 26 4 24 5 28
7 2 2 21 5 20
8 4 2 24 3 24 4 23 5 21
9 2 1 11 4 7
10 4 1 42 2 39 3 45 5 45
11 4 1 19 3 19 4 16 5 19
12 4 1 36 2 37 3 33 4 34
13 3 1 28 4 27 5 25
14 4 1 10 2 12 3 14 4 10
15 3 2 34 4 30 5 36
16 3 1 22 4 20 5 24
17 1 3 8
18 end
