1 5 20
out
0 1 2 3 6
1 4 5 7
2 (8,10,11) 5 7
3 (16,17,13) 
4 19
5 19
6 19
7 19
8 9
9 4
10 4
11 4
12 4
13 14
14 15
15 12
16 12
17 18
18 12
in
4 (9,10,11)
12 (15,16,18)
info
0 start
1 4 2 42 3 42 4 42 5 48
2 2 3 24 5 23
3 3 1 17 2 14 3 18
4 3 1 27 3 21 5 26
5 1 3 28
6 1 3 44
7 4 1 11 2 15 4 9 5 15
8 4 1 38 2 38 4 40 5 43
9 1 4 39
10 2 3 21 5 25
11 5 1 31 2 29 3 28 4 26 5 26
12 supernode
13 4 2 14 3 15 4 11 5 11
14 5 1 27 2 22 3 24 4 25 5 26
15 4 1 34 3 33 4 33 5 29
16 4 1 34 2 30 4 31 5 33
17 1 5 21
18 3 2 16 4 21 5 20
19 end
