1 5 21
out
0 1 2 3 4 5 6 12
1 10
2 11
3 8 11
4 8 9
5 8 10 11
6 9 10 7
7 13
8 13
9 13 14 15
10 16 13 14
11 16 13 15
12 18 19
13 17
14 17 18 19
15 17 18 19
16 17 18 19
17 20
18 20
19 20
in
info
0 start
1 2 1 35 4 37
2 2 1 13 2 13
3 1 3 21
4 4 1 15 2 15 3 16 4 16
5 4 1 40 2 44 3 40 5 44
6 4 1 30 2 32 4 30 5 27
7 2 2 23 4 20
8 2 3 28 4 24
9 2 2 25 3 29
10 3 1 15 3 17 4 18
11 3 1 34 2 29 3 33
12 4 1 27 3 26 4 25 5 29
13 1 2 13
14 1 5 20
15 2 3 19 5 13
16 2 1 33 2 30
17 2 4 29 5 29
18 3 1 32 3 36 4 36
19 3 1 26 2 22 4 24
20 end
