1 5 21
out
0 1 2 3
1 4 5 6
2 4 6
3 6
4 10
5 (12,13,14) 8 7
6 9
7 20
8 20
9 20
10 20
11 (15,16) 
12 (18,19) 
13 11
14 11
15 20
16 20
17 11
18 17
19 17
in
11 (17,13,14)
20 (15,16)
17 (18,19)
info
0 start
1 4 1 11 2 13 3 11 4 15
2 2 2 42 4 46
3 2 3 32 5 34
4 2 3 12 5 12
5 2 1 29 3 26
6 4 1 33 3 32 4 29 5 32
7 4 2 24 3 27 4 27 5 26
8 3 2 18 3 16 4 11
9 2 1 29 5 31
10 4 1 43 2 44 4 45 5 45
11 1 5 38
12 3 1 18 4 13 5 12
13 4 1 26 2 28 3 26 5 26
14 2 1 43 4 37
15 3 2 33 4 34 5 26
16 4 1 32 2 31 3 24 4 27
17 supernode
18 3 3 28 4 29 5 29
19 3 1 31 2 26 5 30
20 end
