1 5 21
out
0 (3,6) 1
1 20
2 (15,13) 
3 4
4 5
5 2
6 7 8 11
7 2
8 9
9 (16,18) 
10 7
11 12
12 7
13 14
14 20
15 20
16 17
17 10
18 19
19 10
in
2 (7,5)
20 (15,14)
10 (17,19)
info
0 start
1 4 1 22 2 25 3 22 4 20
2 1 2 38
3 3 1 20 3 20 4 21
4 2 1 44 5 38
5 4 1 16 3 18 4 18 5 16
6 3 2 37 4 36 5 32
7 2 3 28 4 24
8 4 2 39 3 39 4 35 5 32
9 2 2 18 3 21
10 4 1 27 3 26 4 32 5 27
11 2 1 42 2 40
12 3 1 7 3 11 4 12
13 3 1 23 2 19 5 24
14 3 1 25 3 25 4 24
15 3 1 30 3 29 4 21
16 3 2 32 3 30 5 32
17 2 1 10 5 8
18 3 2 47 4 44 5 49
19 2 1 12 3 12
20 end
