1 5 22
out
0 (4,5) 1 2
1 (8,6) 
2 21
3 21
4 3
5 3
6 (9,11) 
7 21
8 21
9 10
10 7
11 16 19 12 13
12 7
13 14
14 15
15 12
16 17
17 18
18 12
19 20
20 12
in
3 (4,5)
21 (7,8)
7 (10,12)
info
0 start
1 1 3 16
2 4 1 28 2 30 4 31 5 27
3 4 1 17 3 13 4 18 5 17
4 1 2 24
5 2 3 30 5 30
6 2 2 31 4 31
7 3 2 21 3 15 5 21
8 4 1 42 2 48 3 43 5 45
9 4 2 14 3 7 4 11 5 6
10 3 1 44 3 44 5 42
11 2 3 44 4 39
12 2 1 16 4 10
13 2 1 38 5 36
14 4 1 27 2 36 4 36 5 34
15 2 1 12 4 13
16 3 1 37 3 36 4 32
17 1 3 17
18 4 1 36 2 34 4 37 5 34
19 3 1 21 2 14 5 18
20 2 4 13 5 12
21 end
