1 5 21
out
0 1 2 3
1 4 5 6
2 5 6
3 5
4 20
5 20
6 (7,14) 
7 8
8 9 10 11
9 20
10 9
11 12
12 (16,17,18) 
13 9
14 15
15 20
16 13
17 13
18 19
19 13
in
20 (15,9)
13 (16,17,19)
info
0 start
1 3 2 32 3 29 5 38
2 2 2 41 4 37
3 1 5 34
4 3 2 15 3 17 5 16
5 2 1 45 4 43
6 2 3 28 5 26
7 1 4 16
8 4 1 14 2 19 3 21 4 20
9 3 2 34 3 33 5 36
10 3 3 41 4 40 5 42
11 2 1 50 3 46
12 2 2 43 3 40
13 2 1 43 4 36
14 2 4 44 5 40
15 3 3 15 4 20 5 20
16 3 1 15 2 17 5 20
17 3 1 40 2 42 5 44
18 3 1 43 2 40 3 44
19 4 1 28 2 29 3 29 5 30
20 end
