1 5 22
out
0 (13,14) 1 2 4 5 6 7
1 8
2 8
3 8
4 (17,20) 
5 (9,10) 
6 21
7 21
8 21
9 21
10 11
11 12
12 21
13 3
14 15
15 16
16 3
17 18
18 19
19 8
20 8
in
21 (9,12)
3 (16,13)
8 (19,20)
info
0 start
1 3 1 29 2 28 5 36
2 3 2 33 3 35 5 30
3 3 1 38 3 33 4 37
4 2 3 38 4 39
5 5 1 15 2 14 3 10 4 12 5 15
6 4 2 12 3 10 4 10 5 13
7 3 2 29 3 33 5 30
8 2 1 36 4 38
9 1 4 27
10 5 1 18 2 21 3 16 4 17 5 16
11 3 1 13 4 12 5 8
12 3 1 29 2 28 5 30
13 1 2 25
14 1 5 24
15 5 1 43 2 42 3 41 4 43 5 38
16 3 1 37 2 38 5 41
17 2 2 41 5 38
18 3 1 16 2 18 3 13
19 4 1 44 2 44 4 40 5 41
20 1 3 35
21 end
