1 5 22
out
0 (11,12) 1 3 4
1 5
2 5
3 5
4 (9,6) 
5 21
6 7
7 (15,19,20) 
8 5
9 10
10 5
11 2
12 13
13 14
14 2
15 16 17 18
16 8
17 16
18 16
19 8
20 8
in
5 (8,10)
2 (11,14)
8 (16,19,20)
info
0 start
1 1 1 25
2 4 1 18 2 17 4 12 5 14
3 4 1 38 2 38 3 39 5 38
4 2 2 30 5 33
5 3 3 14 4 9 5 12
6 4 1 35 2 30 3 34 5 34
7 3 3 14 4 11 5 9
8 2 2 30 5 33
9 2 1 21 3 16
10 3 1 38 2 34 3 35
11 4 2 20 3 19 4 15 5 20
12 3 1 17 4 10 5 13
13 3 2 18 3 18 4 24
14 3 1 8 3 11 4 12
15 4 1 28 2 27 4 26 5 31
16 3 2 9 3 12 4 13
17 2 2 11 4 9
18 3 2 45 3 40 5 43
19 3 2 36 4 34 5 33
20 3 1 45 2 45 4 44
21 end
