1 5 22
out
0 11 1 2 3
1 (12,13,14) 4
2 4 6
3 4 5 6
4 8 7
5 (15,17,19) 10
6 8 9 7
7 21
8 21
9 21
10 21
11 21
12 5
13 5
14 5
15 16
16 7
17 18
18 7
19 20
20 7
in
5 (12,13,14)
7 (16,18,20)
info
0 start
1 2 2 44 5 42
2 3 1 18 2 12 4 17
3 4 1 43 3 45 4 45 5 44
4 2 1 33 3 31
5 1 2 7
6 2 3 20 5 19
7 3 2 15 3 17 4 16
8 4 1 34 2 34 3 34 5 37
9 3 2 28 4 24 5 29
10 4 1 30 2 32 4 33 5 34
11 2 4 24 5 21
12 3 1 44 3 40 5 43
13 4 1 24 2 23 3 20 4 22
14 2 1 35 2 38
15 3 3 35 4 35 5 41
16 2 2 20 5 25
17 5 1 20 2 21 3 12 4 17 5 20
18 2 3 40 5 34
19 3 1 13 2 13 5 16
20 2 3 24 4 26
21 end
