1 5 22
out
0 1 2 3
1 5 6 7
2 8 4 5
3 8 4
4 (18,19,20) 
5 9
6 9
7 9
8 (10,11,12) 
9 21
10 (15,14) 
11 9
12 9
13 9
14 13
15 16
16 13
17 9
18 17
19 17
20 17
in
9 (11,12,13)
13 (16,14)
17 (18,19,20)
info
0 start
1 3 3 33 4 33 5 35
2 3 1 23 3 18 5 21
3 2 1 23 2 20
4 2 2 20 3 22
5 4 1 23 3 20 4 20 5 28
6 3 1 31 4 25 5 31
7 2 1 14 4 5
8 2 4 29 5 29
9 2 3 39 5 39
10 4 1 43 2 40 4 43 5 43
11 1 5 41
12 3 3 12 4 15 5 16
13 supernode
14 3 1 29 2 25 3 23
15 3 1 21 4 29 5 19
16 3 2 27 3 28 4 34
17 supernode
18 1 2 41
19 3 1 39 3 44 5 43
20 4 1 39 2 35 4 38 5 37
21 end
