1 5 21
out
0 (9,10,11) 1
1 20
2 (3,5,6) 
3 4
4 20
5 20
6 7
7 8
8 20
9 2
10 (16,17,14) 
11 12
12 2
13 2
14 15
15 13
16 13
17 18
18 19
19 13
in
20 (8,4,5)
2 (9,12,13)
13 (15,16,19)
info
0 start
1 3 2 22 3 23 4 26
2 2 1 20 5 23
3 2 3 23 4 24
4 3 1 27 4 24 5 26
5 2 2 39 3 41
6 1 1 8
7 1 5 39
8 2 4 40 5 33
9 2 4 38 5 38
10 1 2 24
11 2 3 21 4 18
12 3 2 12 4 9 5 13
13 supernode
14 3 1 12 3 15 4 12
15 4 1 20 2 13 3 12 5 21
16 3 1 23 2 26 3 22
17 3 2 26 3 26 4 26
18 3 1 36 2 35 4 34
19 2 2 17 5 14
20 end
