1 5 21
out
0 (7,8,4) 1 3
1 (12,13,14) 
2 20
3 20
4 5
5 6
6 2
7 2
8 (15,17,18) 10 11
9 2
10 9
11 9
12 20
13 20
14 20
15 16
16 9
17 9
18 19
19 9
in
2 (7,9,6)
20 (12,13,14)
9 (16,17,19)
info
0 start
1 3 2 33 3 25 4 30
2 2 4 14 5 16
3 2 3 32 4 35
4 4 1 34 2 37 3 36 4 35
5 3 1 21 4 21 5 24
6 2 1 41 4 39
7 2 1 42 5 45
8 1 1 36
9 3 1 46 3 48 4 43
10 3 1 28 2 27 4 23
11 2 2 25 5 22
12 2 3 45 4 41
13 2 3 13 5 14
14 1 1 11
15 2 3 13 5 14
16 4 1 30 2 33 3 30 4 30
17 2 2 22 4 28
18 3 1 32 3 36 4 33
19 4 2 32 3 37 4 34 5 36
20 end
