1 5 22
out
0 1 2 3 5 7
1 6
2 8
3 4 6
4 (15,9) 
5 21
6 (17,19,20) 
7 21
8 21
9 10 11 13
10 21
11 12
12 10
13 14
14 10
15 21
16 21
17 18
18 16
19 16
20 16
in
21 (15,10)
16 (18,19,20)
info
0 start
1 2 1 27 2 27
2 3 3 32 4 26 5 29
3 1 3 32
4 4 2 33 3 40 4 40 5 36
5 1 2 20
6 3 1 14 4 14 5 12
7 4 1 31 2 33 4 31 5 33
8 2 1 37 4 40
9 3 2 15 4 8 5 12
10 3 2 40 4 34 5 32
11 2 1 47 2 44
12 3 1 42 3 48 4 42
13 4 1 11 3 13 4 9 5 12
14 5 1 35 2 34 3 33 4 33 5 37
15 2 1 29 4 29
16 supernode
17 2 3 41 5 34
18 5 1 34 2 29 3 32 4 33 5 34
19 2 1 9 5 16
20 4 1 38 2 36 3 35 4 35
21 end
