1 5 22
out
0 1 2 3 4 5
1 8 6 7
2 (17,19) 
3 7
4 8 6 7
5 8 6 7
6 21
7 (9,11) 
8 21
9 10
10 21
11 (15,13) 
12 21
13 14
14 12
15 16
16 12
17 18
18 6
19 20
20 6
in
21 (10,12)
12 (16,14)
6 (18,20)
info
0 start
1 2 4 8 5 12
2 2 1 45 4 45
3 3 1 14 3 8 4 11
4 2 2 12 4 15
5 4 2 27 3 29 4 31 5 32
6 2 4 15 5 20
7 2 1 42 5 42
8 3 2 36 3 33 4 37
9 3 2 28 3 28 4 31
10 3 1 32 2 32 4 30
11 2 3 34 5 30
12 supernode
13 3 3 34 4 32 5 30
14 1 5 23
15 4 1 44 3 41 4 45 5 39
16 4 2 11 3 18 4 14 5 15
17 1 4 41
18 2 2 22 5 22
19 5 1 20 2 21 3 20 4 19 5 22
20 2 4 10 5 10
21 end
