1 5 20
out
0 1 2 3 4 6 8 13
1 9 10 7
2 10 5
3 10 5
4 (17,18) 9
5 11
6 14
7 11 12 14
8 14
9 11 14
10 (15,16) 
11 19
12 19
13 19
14 19
15 11
16 11
17 7
18 7
in
11 (15,16)
7 (17,18)
info
0 start
1 2 2 42 5 44
2 3 2 11 4 18 5 9
3 3 1 22 3 26 4 19
4 1 2 41
5 4 2 42 3 41 4 37 5 38
6 4 1 33 2 37 4 38 5 34
7 2 3 24 4 21
8 3 1 13 3 15 4 18
9 4 1 16 3 12 4 15 5 10
10 3 1 15 2 13 5 15
11 4 1 38 3 41 4 38 5 37
12 3 1 15 3 18 5 15
13 1 4 29
14 3 2 23 4 27 5 29
15 3 2 14 3 12 4 10
16 2 1 44 2 37
17 1 4 39
18 2 1 19 2 20
19 end
