1 5 21
out
0 1 2
1 (3,6) 
2 20
3 4
4 5
5 (13,14) 
6 7 8 9 10
7 20
8 7
9 7
10 11
11 7
12 (16,18) 
13 12
14 12
15 20
16 17
17 15
18 19
19 15
in
20 (15,7)
12 (13,14)
15 (17,19)
info
0 start
1 4 2 27 3 24 4 22 5 26
2 2 3 42 5 45
3 2 1 22 5 23
4 3 2 24 3 31 4 32
5 1 2 24
6 3 2 10 3 14 5 8
7 1 5 11
8 2 2 22 3 18
9 1 2 41
10 3 1 33 2 32 5 28
11 4 1 19 2 20 4 20 5 14
12 supernode
13 2 3 21 4 20
14 2 2 14 5 14
15 supernode
16 1 4 30
17 4 1 48 2 46 3 46 4 39
18 3 1 32 3 25 5 27
19 4 1 25 2 25 4 26 5 19
20 end
