1 5 21
out
0 (4,5) 1 2
1 20
2 20
3 20
4 3
5 (7,8,9) 
6 3
7 (18,11,12) 
8 6
9 6
10 6
11 10
12 16 13 14
13 10
14 15
15 13
16 17
17 13
18 19
19 10
in
3 (4,6)
6 (8,9,10)
10 (11,19,13)
info
0 start
1 1 3 17
2 2 2 45 4 44
3 3 1 37 3 37 4 35
4 2 2 40 3 39
5 2 3 28 5 30
6 2 3 9 4 16
7 3 2 26 3 29 5 24
8 2 2 35 5 30
9 3 1 44 3 48 5 42
10 supernode
11 4 1 19 3 20 4 21 5 29
12 4 1 30 2 34 3 33 4 30
13 2 1 26 2 28
14 3 1 26 2 26 5 25
15 3 2 44 4 39 5 46
16 2 2 42 4 45
17 2 3 31 4 35
18 2 2 17 4 17
19 1 4 37
20 end
