1 5 22
out
0 1 2 3 7
1 (12,13,14) 
2 4
3 6
4 (8,9) 
5 21
6 21
7 (17,19,20) 
8 21
9 10
10 11
11 21
12 5
13 5
14 15
15 5
16 21
17 18
18 16
19 16
20 16
in
21 (8,11)
5 (15,12,13)
16 (18,19,20)
info
0 start
1 1 1 29
2 1 3 27
3 1 5 30
4 2 2 30 5 30
5 2 1 17 2 10
6 2 1 14 3 9
7 3 2 35 3 40 5 36
8 4 2 21 3 26 4 17 5 24
9 1 3 26
10 2 1 26 5 22
11 1 5 15
12 3 2 43 3 43 5 41
13 1 1 21
14 3 1 31 4 39 5 31
15 4 1 29 2 30 3 29 4 30
16 supernode
17 2 1 15 5 9
18 4 1 8 3 11 4 8 5 10
19 3 1 20 2 25 3 23
20 1 2 12
21 end
