1 5 21
out
0 1 2 5 6 7
1 4
2 3 4
3 9
4 (10,11,12) 
5 8
6 9
7 20
8 20
9 20
10 9
11 9
12 (15,18,19) 
13 14
14 9
15 16
16 17
17 13
18 13
19 13
in
9 (10,11,14)
13 (17,18,19)
info
0 start
1 3 2 37 3 39 4 35
2 1 5 29
3 4 1 29 2 22 4 26 5 24
4 1 3 31
5 1 1 34
6 3 1 44 4 42 5 43
7 1 2 20
8 3 3 17 4 21 5 17
9 3 1 20 3 13 4 15
10 3 1 16 4 13 5 15
11 2 1 19 5 24
12 2 1 39 3 39
13 3 1 12 4 15 5 18
14 4 1 23 3 21 4 17 5 18
15 1 4 23
16 3 1 35 3 38 5 39
17 3 1 35 2 36 5 32
18 2 1 26 2 31
19 4 2 17 3 16 4 16 5 19
20 end
