1 5 22
out
0 (18,19) 1
1 21
2 (7,3,4) 
3 21
4 5
5 (15,16,17) 
6 21
7 8
8 9 10 13
9 21
10 11
11 12
12 9
13 14
14 9
15 6
16 6
17 6
18 2
19 20
20 2
in
21 (9,3,6)
6 (15,16,17)
2 (18,20)
info
0 start
1 3 3 21 4 17 5 23
2 2 1 16 5 13
3 3 1 23 2 19 5 18
4 3 2 37 3 27 5 31
5 4 1 26 3 29 4 30 5 29
6 2 2 24 3 21
7 4 1 22 2 18 3 20 4 21
8 4 1 20 3 20 4 22 5 16
9 2 2 24 5 26
10 4 2 20 3 22 4 18 5 20
11 1 3 43
12 3 2 33 4 36 5 41
13 3 1 46 3 42 4 42
14 4 1 12 3 13 4 9 5 14
15 2 3 34 5 30
16 1 5 25
17 3 1 29 2 28 5 29
18 4 1 25 2 25 4 26 5 29
19 3 2 40 3 37 4 39
20 3 1 27 2 30 5 25
21 end
