1 5 22
out
0 (15,17,18) 2 3 5
1 6 7
2 7
3 (11,13,14) 7
4 8 9 10
5 9 10
6 8 10
7 8 9
8 (19,20) 
9 21
10 21
11 12
12 4
13 4
14 4
15 16
16 1
17 1
18 1
19 21
20 21
in
4 (12,13,14)
1 (16,17,18)
21 (19,20)
info
0 start
1 3 3 42 4 45 5 45
2 5 1 47 2 48 3 41 4 40 5 39
3 2 2 39 5 38
4 4 1 34 2 29 3 35 5 32
5 5 1 15 2 21 3 20 4 23 5 21
6 1 4 18
7 3 1 15 2 20 3 18
8 4 2 35 3 28 4 31 5 30
9 3 1 28 2 26 4 25
10 2 2 19 3 17
11 3 3 9 4 14 5 14
12 4 2 13 3 10 4 15 5 17
13 3 2 24 3 24 5 20
14 3 1 30 4 34 5 35
15 2 3 39 4 42
16 3 2 44 3 43 4 37
17 3 2 13 3 11 4 9
18 2 3 30 5 39
19 1 2 22
20 3 1 38 3 33 4 36
21 end
