1 5 19
out
0 1 2 3 4 5
1 (12,13) 6
2 6 7
3 6 7
4 6 7
5 (16,17) 
6 8 9
7 8
8 (10,11) 
9 18
10 18
11 18
12 7
13 14
14 15
15 7
16 6
17 6
in
18 (10,11)
7 (15,12)
6 (16,17)
info
0 start
1 2 2 27 5 31
2 3 1 13 2 12 5 11
3 5 1 31 2 33 3 29 4 31 5 28
4 4 1 26 2 28 3 29 5 29
5 4 2 11 3 20 4 11 5 14
6 4 1 41 3 44 4 43 5 40
7 2 3 13 4 11
8 3 2 31 4 33 5 30
9 4 1 26 2 25 3 21 5 22
10 5 1 20 2 25 3 21 4 23 5 26
11 1 5 36
12 5 1 28 2 29 3 24 4 25 5 25
13 3 1 45 2 41 5 41
14 2 1 41 3 41
15 2 3 21 4 27
16 2 3 45 5 44
17 3 1 26 2 20 5 27
18 end
