1 5 21
out
0 1 2 3 4
1 8
2 10 6 7
3 10 5
4 9 10
5 11 14
6 17 15
7 12 14 15
8 11 14
9 16 17 15
10 16 12 13
11 18 19
12 18 19
13 18 19
14 18 19
15 18 19
16 18 19
17 19
18 20
19 20
in
info
0 start
1 3 1 16 2 18 4 15
2 3 2 38 3 39 4 37
3 2 3 23 5 23
4 4 1 25 2 25 3 26 5 24
5 1 2 12
6 4 2 43 3 41 4 36 5 43
7 2 1 9 4 9
8 2 2 44 4 36
9 3 2 33 4 37 5 35
10 4 1 22 3 15 4 16 5 18
11 3 1 31 2 30 4 33
12 2 1 29 5 31
13 3 1 17 2 18 3 16
14 1 3 27
15 1 4 38
16 3 1 38 3 34 4 36
17 4 1 13 2 12 3 8 5 9
18 3 1 25 3 25 4 24
19 3 1 37 3 38 5 33
20 end
