1 5 22
out
0 1 2 3
1 21
2 21
3 (19,4) 
4 9 11 5 6
5 16 13 14
6 7
7 8
8 5
9 10
10 5
11 12
12 5
13 21
14 15
15 13
16 17
17 18
18 13
19 20
20 21
in
21 (20,13)
info
0 start
1 3 1 36 2 40 5 34
2 3 1 20 2 11 5 14
3 3 1 35 4 31 5 37
4 2 4 31 5 30
5 1 2 29
6 2 3 16 4 17
7 2 2 28 3 24
8 4 1 43 2 40 4 47 5 43
9 1 4 41
10 3 1 31 2 36 4 37
11 3 1 29 2 25 5 27
12 2 2 39 3 39
13 4 2 30 3 32 4 32 5 35
14 2 4 34 5 31
15 1 1 6
16 3 2 46 3 46 4 42
17 2 1 21 4 25
18 2 1 20 4 19
19 3 1 27 2 34 5 29
20 3 1 19 3 21 5 20
21 end
