1 5 22
out
0 (11,12,14) 1 2 3 4 5
1 6
2 6 7
3 7
4 6 7
5 6 7
6 8
7 9
8 21
9 21
10 21
11 10
12 13
13 10
14 15 16 19
15 10
16 17
17 18
18 15
19 20
20 15
in
10 (15,11,13)
info
0 start
1 3 1 44 4 45 5 41
2 1 1 24
3 4 1 33 2 37 3 41 5 34
4 1 5 22
5 3 1 36 2 33 5 36
6 3 1 10 2 7 5 15
7 2 2 32 4 27
8 2 1 27 5 31
9 2 3 43 4 42
10 4 2 20 3 20 4 19 5 21
11 1 5 33
12 3 1 47 3 47 4 41
13 4 2 27 3 21 4 25 5 28
14 3 2 15 3 20 5 19
15 4 1 26 3 29 4 24 5 27
16 2 1 43 4 44
17 2 1 48 2 44
18 3 1 27 3 23 4 24
19 1 1 23
20 4 1 11 2 12 3 17 4 19
21 end
