1 5 20
out
0 1 2 3 5
1 4 6 7
2 4 7
3 19
4 19
5 (8,17,14) 
6 19
7 19
8 9 10 12
9 13
10 11
11 9
12 9
13 19
14 15
15 16
16 19
17 18
18 19
in
19 (16,18,13)
info
0 start
1 4 2 44 3 40 4 44 5 45
2 1 3 18
3 4 1 30 3 32 4 35 5 34
4 4 2 24 3 25 4 28 5 26
5 2 1 24 3 33
6 2 3 25 4 21
7 5 1 39 2 37 3 35 4 37 5 37
8 3 3 17 4 16 5 17
9 2 2 17 4 12
10 4 1 22 2 24 3 29 5 31
11 3 2 39 3 35 4 37
12 2 2 18 5 18
13 5 1 18 2 14 3 15 4 18 5 21
14 2 2 38 4 33
15 3 2 28 3 21 4 25
16 1 4 44
17 3 1 21 3 23 4 26
18 2 2 18 4 16
19 end
