1 5 22
out
0 (16,19,14) 1 3 4
1 5
2 5
3 (8,6) 
4 5
5 (11,12) 
6 7
7 5
8 9
9 10
10 5
11 21
12 13
13 21
14 15
15 2
16 17
17 18
18 2
19 20
20 2
in
5 (7,10)
21 (11,13)
2 (15,18,20)
info
0 start
1 4 1 28 2 36 3 35 4 30
2 3 2 6 3 7 5 12
3 1 2 11
4 2 3 45 5 43
5 4 2 9 3 11 4 17 5 9
6 2 4 25 5 24
7 1 1 24
8 1 1 36
9 1 5 19
10 2 2 38 4 36
11 4 1 25 2 23 3 25 5 29
12 4 2 44 3 41 4 39 5 38
13 5 1 29 2 26 3 22 4 21 5 21
14 3 1 27 2 21 4 24
15 4 1 28 2 23 3 21 5 26
16 2 1 37 3 32
17 4 1 34 3 37 4 38 5 40
18 1 1 46
19 4 1 31 2 24 3 23 4 27
20 4 1 40 2 43 3 38 5 44
21 end
