1 5 20
out
0 1 2 3 4 6 14
1 5 7
2 8 10 13
3 10 12 13
4 8 11 12
5 10 12
6 10
7 9 13
8 18
9 17 18 15
10 18 15
11 16
12 15
13 16 17 15
14 19
15 19
16 19
17 19
18 19
in
info
0 start
1 3 1 35 2 30 5 31
2 1 3 42
3 2 1 17 2 10
4 4 1 9 2 13 4 15 5 9
5 2 2 25 3 29
6 4 1 21 3 16 4 19 5 19
7 3 1 13 3 11 4 11
8 2 1 24 2 20
9 2 2 42 4 35
10 3 2 30 3 31 5 32
11 3 2 23 3 23 5 28
12 5 1 33 2 38 3 40 4 34 5 41
13 2 1 21 5 24
14 4 1 30 2 33 3 30 4 33
15 3 1 26 2 24 5 25
16 1 3 37
17 2 1 31 2 33
18 2 1 26 3 23
19 end
