1 5 21
out
0 1 2 3 4 11
1 8 5 7
2 8 5 6
3 8 5 7
4 6 7
5 9 12
6 9 10 12
7 9 10 12
8 (13,14) 10
9 20
10 20
11 20
12 20
13 12
14 15 16 17
15 12
16 15
17 18
18 19
19 15
in
12 (15,13)
info
0 start
1 2 2 26 3 25
2 3 1 36 3 37 5 33
3 3 1 24 2 28 5 27
4 4 1 16 3 17 4 16 5 18
5 4 1 29 2 34 3 26 4 31
6 1 2 22
7 2 1 17 4 15
8 2 1 17 4 15
9 2 2 29 5 20
10 2 1 20 5 20
11 2 3 30 4 31
12 3 1 27 3 28 5 25
13 3 1 36 2 36 4 35
14 2 3 9 5 11
15 4 1 37 3 33 4 39 5 37
16 3 2 34 4 34 5 34
17 1 5 23
18 2 2 47 4 45
19 3 2 48 3 47 4 46
20 end
