1 5 22
out
0 1 2 3 4 5 6 12
1 8 10 7
2 8 9 7
3 8 10 7
4 8 7
5 9 7
6 8 9 10
7 11 15
8 13
9 13
10 14
11 20
12 20
13 18 19
14 18 20
15 16 17 20
16 21
17 21
18 21
19 21
20 21
in
info
0 start
1 5 1 20 2 22 3 19 4 22 5 26
2 2 3 9 4 14
3 2 1 41 4 46
4 3 1 38 2 37 4 33
5 3 2 9 3 10 4 7
6 2 4 20 5 20
7 4 1 19 2 14 4 14 5 15
8 2 2 20 5 10
9 3 2 28 3 29 4 26
10 2 3 36 5 35
11 5 1 42 2 46 3 44 4 47 5 44
12 3 2 40 4 38 5 38
13 2 3 41 4 34
14 3 2 15 3 16 4 16
15 4 1 18 2 21 3 22 4 15
16 1 4 27
17 2 3 18 5 20
18 4 1 39 2 43 3 43 4 42
19 1 5 36
20 5 1 15 2 13 3 16 4 14 5 12
21 end
