1 5 21
out
0 1 2 3 4 5 15 16 19
1 7
2 6 7
3 9
4 9 6 7
5 8 9 6
6 12
7 12 13
8 11 12 13
9 10 13
10 18
11 14
12 14
13 17 18 14
14 20
15 20
16 20
17 20
18 20
19 20
in
info
0 start
1 2 1 37 2 33
2 2 1 42 5 36
3 2 1 26 3 34
4 4 1 42 3 37 4 33 5 34
5 4 1 37 3 37 4 39 5 36
6 3 1 16 4 15 5 15
7 2 3 10 5 16
8 4 2 11 3 16 4 12 5 12
9 2 1 15 2 22
10 3 2 16 4 14 5 7
11 4 2 44 3 42 4 40 5 37
12 3 1 30 3 30 5 29
13 1 1 33
14 4 2 37 3 34 4 36 5 36
15 3 1 16 2 14 3 14
16 3 2 15 3 15 5 17
17 1 5 28
18 4 1 36 2 42 3 39 5 37
19 3 2 23 3 16 4 19
20 end
