1 5 22
out
0 1 2
1 (3,4,5) 
2 (8,9) 
3 21
4 21
5 6
6 (11,20) 
7 21
8 7
9 7
10 21
11 15 18 12 13
12 19
13 14
14 12
15 16
16 17
17 12
18 12
19 10
20 10
in
21 (10,3,4)
7 (8,9)
10 (19,20)
info
0 start
1 4 1 21 2 12 3 21 5 13
2 3 3 36 4 26 5 36
3 2 2 40 4 43
4 3 2 16 3 23 5 24
5 3 1 33 3 27 4 32
6 2 3 31 5 27
7 supernode
8 4 2 43 3 37 4 41 5 41
9 3 1 45 2 39 4 44
10 supernode
11 5 1 40 2 35 3 37 4 40 5 39
12 3 1 36 2 40 5 37
13 1 2 9
14 2 2 24 5 23
15 2 3 29 4 32
16 3 1 29 2 31 3 34
17 3 1 44 2 47 3 41
18 2 2 15 5 13
19 3 1 46 3 46 5 45
20 2 2 45 3 39
21 end
