1 5 22
out
0 (8,5) 3
1 2 4
2 21
3 21
4 21
5 6
6 7
7 1
8 (18,10) 
9 1
10 11 12 14
11 17
12 13
13 11
14 15
15 16
16 11
17 9
18 19
19 20
20 9
in
1 (7,9)
9 (17,20)
info
0 start
1 3 2 39 3 38 4 43
2 4 1 35 2 43 4 39 5 41
3 1 5 19
4 1 2 31
5 3 1 39 2 39 4 39
6 3 1 35 2 34 4 36
7 3 2 18 3 18 4 24
8 2 3 41 4 40
9 3 3 29 4 20 5 21
10 2 2 36 4 42
11 4 1 16 3 20 4 19 5 16
12 2 2 8 3 12
13 3 1 46 2 41 5 41
14 1 5 15
15 3 1 18 3 14 4 11
16 4 1 36 3 33 4 33 5 31
17 1 4 10
18 3 1 47 2 42 5 46
19 4 1 35 3 34 4 37 5 37
20 2 3 23 4 20
21 end
