1 5 21
out
0 1 2 3 4 9 12
1 6
2 5
3 8 5 7
4 8
5 11 13 14
6 10
7 10 11 14
8 11
9 10
10 16 17 19
11 17 19 15
12 18 19
13 16
14 18
15 20
16 20
17 20
18 20
19 20
in
info
0 start
1 3 1 45 2 42 5 46
2 2 3 43 4 42
3 3 2 29 3 23 4 23
4 2 3 37 4 36
5 4 1 18 2 17 4 12 5 16
6 1 2 41
7 2 1 37 2 35
8 3 1 13 3 12 5 11
9 4 1 42 3 45 4 43 5 45
10 1 5 30
11 4 1 41 3 44 4 42 5 43
12 2 1 37 3 37
13 2 3 33 5 30
14 2 3 35 4 31
15 2 3 25 4 24
16 3 1 43 2 45 5 46
17 4 2 8 3 8 4 10 5 17
18 1 4 20
19 2 3 16 5 15
20 end
