1 5 21
out
0 1 2 3 6 8 9
1 5 7
2 4
3 4 5 7
4 11 14
5 10 11
6 11 13
7 11
8 10 12 15
9 20
10 20
11 (16,19) 
12 20
13 20
14 20
15 20
16 17
17 18
18 20
19 20
in
20 (18,19)
info
0 start
1 4 2 35 3 31 4 32 5 37
2 3 1 11 2 12 5 11
3 2 4 41 5 37
4 2 3 12 5 15
5 3 1 31 3 34 4 32
6 3 1 21 3 27 5 23
7 3 2 45 4 40 5 46
8 3 1 14 3 12 4 12
9 1 3 28
10 2 1 15 5 10
11 4 1 19 3 15 4 17 5 19
12 4 1 34 2 34 3 32 5 30
13 2 4 45 5 42
14 3 1 19 3 19 5 21
15 2 2 16 5 12
16 1 2 42
17 3 2 13 3 7 5 12
18 3 2 39 3 31 5 38
19 3 2 33 3 30 4 34
20 end
