1 5 21
out
0 1 2 3 4 5
1 8 6
2 8 10
3 9 6 7
4 9 10 7
5 10 7
6 11
7 12
8 12 14
9 12
10 12 13 14
11 16 18 19
12 16
13 17 18 15
14 18 19 15
15 20
16 20
17 20
18 20
19 20
in
info
0 start
1 1 2 26
2 2 3 38 5 40
3 3 2 32 3 37 4 34
4 3 2 30 3 28 4 29
5 2 4 37 5 42
6 2 1 29 2 29
7 5 1 42 2 39 3 39 4 44 5 40
8 4 1 35 3 31 4 35 5 32
9 3 1 23 2 17 3 17
10 2 3 23 4 25
11 2 1 10 5 13
12 4 1 18 3 13 4 17 5 11
13 2 3 18 5 22
14 2 1 44 3 44
15 3 1 8 2 14 4 6
16 4 1 48 2 44 3 38 4 42
17 1 1 30
18 4 2 16 3 20 4 15 5 21
19 3 2 26 3 25 5 25
20 end
