1 5 21
out
0 1 2 3 4 5
1 9 7
2 8 7
3 10 6 7
4 (17,19) 8
5 9 6 7
6 11 12
7 11 12
8 11 12
9 11
10 11 12
11 (15,13) 
12 20
13 14
14 20
15 16
16 20
17 18
18 6
19 6
in
20 (16,14)
6 (18,19)
info
0 start
1 3 1 34 2 25 5 26
2 3 2 11 3 12 5 11
3 3 1 24 3 30 5 29
4 3 2 23 3 24 5 24
5 5 1 41 2 39 3 40 4 38 5 38
6 2 2 15 3 18
7 1 4 38
8 2 1 12 4 8
9 5 1 15 2 10 3 13 4 15 5 7
10 2 2 32 4 28
11 2 1 20 4 14
12 2 3 14 4 16
13 2 3 33 4 35
14 2 3 9 4 12
15 3 1 37 2 43 5 43
16 3 2 15 3 16 5 8
17 3 2 38 3 38 5 38
18 4 1 24 2 28 3 25 5 23
19 1 2 39
20 end
