1 5 21
out
0 1 2 3 4 5 6 10 11
1 8
2 8 9 7
3 9 7
4 8
5 8 9 7
6 8 9 7
7 13 14
8 12
9 (15,17,19) 13 14
10 20
11 20
12 20
13 20
14 20
15 16
16 12
17 18
18 12
19 12
in
12 (16,18,19)
info
0 start
1 2 2 46 5 42
2 3 1 20 3 15 4 17
3 1 1 14
4 3 1 34 2 38 3 37
5 1 1 39
6 2 1 44 2 47
7 4 1 15 3 19 4 15 5 15
8 5 1 31 2 27 3 33 4 27 5 27
9 1 3 29
10 3 1 46 4 43 5 41
11 3 3 11 4 11 5 11
12 3 2 39 4 45 5 45
13 4 1 21 2 18 4 17 5 17
14 2 2 20 3 19
15 4 2 36 3 44 4 42 5 46
16 2 1 44 2 40
17 5 1 7 2 12 3 8 4 12 5 7
18 2 4 19 5 19
19 4 1 16 2 17 3 16 4 19
20 end
