1 5 20
out
0 1 2 3 4 5
1 9 10 6
2 7
3 8 9 7
4 8 10 6
5 9
6 12 14
7 15
8 14 15
9 11 13 14
10 11 14 15
11 (16,17) 
12 19
13 19
14 19
15 19
16 19
17 18
18 19
in
19 (16,18)
info
0 start
1 4 1 24 3 21 4 24 5 24
2 2 1 32 2 25
3 5 1 40 2 42 3 42 4 40 5 45
4 3 1 34 3 28 4 33
5 4 1 47 2 44 3 46 4 42
6 1 5 43
7 3 1 46 2 46 3 43
8 3 1 37 2 37 4 42
9 3 2 35 4 36 5 44
10 5 1 19 2 25 3 16 4 23 5 16
11 5 1 29 2 28 3 33 4 29 5 30
12 3 1 18 3 14 4 16
13 4 1 16 2 14 3 10 4 16
14 4 1 36 3 39 4 33 5 34
15 4 2 19 3 21 4 21 5 22
16 1 1 32
17 3 2 22 3 16 4 18
18 2 1 32 5 27
19 end
