1 5 21
out
0 1 2 3
1 (4,5,6) 
2 20
3 (15,14) 
4 20
5 20
6 7
7 (17,18) 9 12
8 20
9 10
10 11
11 8
12 8
13 20
14 13
15 16
16 13
17 8
18 19
19 8
in
20 (8,4,5)
13 (16,14)
8 (17,19)
info
0 start
1 2 2 33 4 40
2 3 1 29 2 30 5 33
3 5 1 29 2 22 3 22 4 24 5 25
4 3 1 19 4 24 5 22
5 5 1 34 2 37 3 36 4 37 5 34
6 2 1 20 5 18
7 3 2 35 3 38 4 34
8 3 1 29 4 30 5 27
9 2 3 15 5 15
10 3 2 34 3 28 4 27
11 2 1 34 4 33
12 5 1 15 2 13 3 14 4 13 5 13
13 supernode
14 1 3 20
15 2 2 32 3 33
16 2 2 24 3 24
17 2 4 21 5 16
18 3 3 17 4 16 5 20
19 1 3 46
20 end
