1 5 21
out
0 1 2 3 4 5 6 13
1 7
2 8 9 7
3 8 7
4 10
5 9 10 7
6 8 10
7 11
8 11 12 14
9 12
10 11 12 15
11 16 18 19
12 17 19
13 16
14 16
15 16 19
16 20
17 20
18 20
19 20
in
info
0 start
1 2 1 21 4 22
2 3 1 6 2 14 3 8
3 3 2 21 3 23 5 22
4 3 1 31 2 28 5 26
5 2 1 21 2 22
6 3 1 26 4 28 5 31
7 2 2 42 3 48
8 2 4 18 5 27
9 3 1 25 2 26 3 24
10 2 1 28 4 33
11 1 2 16
12 3 1 14 2 12 5 14
13 3 1 28 3 25 4 28
14 4 2 18 3 21 4 19 5 15
15 3 2 16 4 22 5 16
16 1 5 10
17 2 4 15 5 15
18 3 2 33 3 36 4 32
19 2 4 40 5 43
20 end
