1 5 22
out
0 1 2 3
1 (8,10,5) 
2 21
3 21
4 21
5 6
6 7
7 4
8 9
9 4
10 (17,19) 11 14
11 4
12 13
13 11
14 15
15 16
16 11
17 18
18 12
19 20
20 12
in
4 (7,9,11)
12 (18,20)
info
0 start
1 3 2 39 3 42 4 37
2 2 3 22 4 23
3 2 3 45 5 46
4 4 1 39 3 43 4 39 5 45
5 2 2 12 5 8
6 2 2 24 4 27
7 2 3 22 5 18
8 1 5 36
9 2 3 35 5 32
10 1 4 32
11 3 1 35 2 36 4 40
12 2 2 46 3 45
13 3 1 36 2 34 3 36
14 4 1 35 3 39 4 37 5 36
15 2 2 19 3 22
16 5 1 43 2 39 3 42 4 40 5 40
17 1 3 42
18 2 1 23 2 25
19 2 1 25 5 22
20 4 1 22 2 25 4 22 5 28
21 end
