1 5 21
out
0 (3,4,6) 2
1 20
2 20
3 1
4 (8,10,13) 
5 1
6 7
7 1
8 9
9 (16,17) 
10 11
11 12
12 5
13 14
14 5
15 5
16 15
17 18
18 19
19 15
in
1 (7,3,5)
5 (15,12,14)
15 (16,19)
info
0 start
1 3 1 17 2 11 3 16
2 3 2 18 4 20 5 17
3 1 4 22
4 2 2 38 5 38
5 2 2 24 5 31
6 3 2 25 3 23 4 20
7 2 1 44 4 38
8 5 1 14 2 13 3 17 4 16 5 14
9 2 1 42 2 41
10 1 2 28
11 3 1 39 2 42 3 42
12 4 2 28 3 28 4 25 5 27
13 4 1 35 2 38 3 35 5 34
14 3 1 16 2 18 5 16
15 supernode
16 2 1 33 5 32
17 1 4 17
18 1 5 20
19 1 1 20
20 end
