1 5 21
out
0 1 2 6 7 10 12 14
1 3 4 5
2 3
3 13
4 11 13
5 13
6 11
7 8 9 11
8 16
9 16 17 15
10 16 17 18
11 16 17 18
12 18 19 15
13 17 19 15
14 17 19
15 20
16 20
17 20
18 20
19 20
in
info
0 start
1 5 1 20 2 22 3 22 4 25 5 27
2 2 2 25 3 28
3 2 2 26 5 26
4 2 2 29 5 23
5 3 1 36 3 38 4 37
6 2 1 16 2 8
7 3 2 44 3 39 4 44
8 2 2 19 4 19
9 2 2 39 4 38
10 2 1 36 3 41
11 2 4 32 5 29
12 2 3 11 4 11
13 2 2 39 3 42
14 5 1 22 2 23 3 23 4 24 5 22
15 3 2 39 4 44 5 42
16 1 4 27
17 3 1 44 3 36 5 39
18 2 3 34 5 37
19 1 1 19
20 end
