1 5 22
out
0 (7,4) 2 3
1 21
2 (15,16,19) 
3 (10,11) 
4 5
5 6
6 1
7 8
8 9
9 1
10 21
11 12
12 13
13 21
14 21
15 14
16 17
17 18
18 14
19 20
20 14
in
1 (9,6)
21 (10,13)
14 (15,18,20)
info
0 start
1 4 1 9 2 9 3 18 4 17
2 2 3 35 5 29
3 3 1 14 2 14 3 11
4 2 1 16 3 20
5 4 1 41 2 39 4 45 5 42
6 2 3 43 4 48
7 1 1 15
8 4 2 29 3 30 4 23 5 27
9 1 3 11
10 3 3 13 4 17 5 18
11 3 1 44 2 44 5 40
12 2 1 38 4 29
13 3 2 35 3 40 5 44
14 supernode
15 3 2 23 4 30 5 23
16 2 4 36 5 38
17 4 2 20 3 12 4 20 5 16
18 4 1 14 2 10 4 11 5 8
19 2 3 31 5 33
20 2 3 40 4 43
21 end
