1 5 22
out
0 1 2 3 8 10
1 9 5
2 5 6 7
3 4 5 6
4 15
5 13 14 15
6 16 11
7 11 13 14
8 13 14
9 12 13 14
10 18 19
11 18 20
12 20
13 17 18 20
14 20
15 17 18 19
16 19
17 21
18 21
19 21
20 21
in
info
0 start
1 3 1 20 2 24 3 21
2 3 2 28 3 32 4 33
3 2 1 11 5 10
4 2 3 39 5 32
5 1 2 12
6 3 3 39 4 38 5 43
7 2 2 17 5 14
8 3 1 28 3 26 4 29
9 3 2 13 3 16 4 22
10 4 1 24 2 22 3 25 4 22
11 2 2 22 3 27
12 1 5 36
13 3 1 18 2 21 4 17
14 3 1 5 4 15 5 15
15 2 1 28 4 29
16 1 1 32
17 2 2 35 5 37
18 2 1 29 5 25
19 2 1 13 5 21
20 4 1 30 2 21 3 26 4 23
21 end
