1 5 21
out
0 1 2 3
1 20
2 20
3 (10,11,4) 
4 5
5 7 8 6
6 (16,18,14) 
7 6
8 9
9 6
10 20
11 12
12 20
13 20
14 15
15 13
16 17
17 13
18 19
19 13
in
20 (10,12,13)
13 (15,17,19)
info
0 start
1 3 2 40 3 43 4 44
2 2 1 43 3 41
3 3 1 18 2 12 4 15
4 4 2 42 3 41 4 42 5 38
5 3 2 39 4 34 5 38
6 3 1 35 3 32 4 33
7 5 1 40 2 43 3 41 4 38 5 37
8 2 2 13 5 11
9 1 1 28
10 1 5 33
11 3 3 19 4 25 5 28
12 2 1 9 3 13
13 supernode
14 1 4 24
15 1 4 35
16 3 1 35 2 31 3 35
17 3 1 35 2 35 4 37
18 2 4 33 5 37
19 2 2 12 3 16
20 end
