1 5 22
out
0 1 2 3 4 5
1 8 9 7
2 9 7
3 6 7
4 (15,16,18) 8 7
5 8 9 7
6 11 12
7 12 13
8 10 11 14
9 11 13
10 21
11 21
12 21
13 21
14 21
15 9
16 (19,20) 
17 9
18 9
19 17
20 17
in
9 (15,17,18)
17 (19,20)
info
0 start
1 3 1 11 3 15 5 13
2 1 4 47
3 4 1 13 2 16 3 10 5 18
4 3 1 44 3 37 5 45
5 2 3 42 5 43
6 3 1 30 3 27 4 24
7 1 3 29
8 1 4 42
9 3 2 32 3 38 5 36
10 3 1 34 2 41 4 40
11 1 5 24
12 2 3 33 4 33
13 4 2 30 3 38 4 36 5 38
14 2 1 15 3 16
15 3 1 42 3 37 4 37
16 2 1 34 4 34
17 2 1 36 4 42
18 3 1 12 2 7 4 13
19 2 4 6 5 7
20 4 1 14 2 14 3 18 4 19
21 end
