1 5 22
out
0 1 2 3 4
1 5 6
2 5 6
3 6
4 5 6
5 21
6 (7,9,10) 
7 (13,14) 
8 21
9 21
10 11
11 12
12 21
13 8
14 15 16 19
15 8
16 17
17 18
18 15
19 20
20 15
in
21 (8,9,12)
8 (15,13)
info
0 start
1 4 1 26 2 21 4 27 5 26
2 1 2 14
3 1 2 15
4 3 2 31 3 29 5 30
5 2 3 17 4 20
6 3 2 12 3 20 4 12
7 3 1 27 2 28 4 27
8 3 1 21 2 30 3 25
9 3 1 44 2 44 3 39
10 2 2 43 4 42
11 4 1 32 2 32 3 26 5 26
12 1 5 43
13 3 1 30 2 27 3 29
14 3 1 48 4 49 5 47
15 3 2 31 3 32 4 29
16 1 5 35
17 1 4 33
18 2 2 31 3 34
19 1 3 44
20 3 3 43 4 43 5 42
21 end
