1 5 20
out
0 1 2 3 5 8
1 4
2 6 7
3 19
4 19
5 19
6 19
7 19
8 (9,18) 
9 16 10 11 14
10 17
11 12
12 13
13 10
14 15
15 10
16 10
17 19
18 19
in
19 (17,18)
info
0 start
1 2 1 15 3 12
2 3 2 21 3 26 4 22
3 4 2 33 3 33 4 37 5 37
4 3 1 17 3 14 4 16
5 2 1 39 4 37
6 2 3 40 5 34
7 4 1 14 2 15 3 14 4 15
8 2 1 20 4 14
9 4 2 40 3 43 4 44 5 42
10 2 4 37 5 38
11 3 2 28 3 23 4 23
12 3 1 37 3 41 5 37
13 2 3 37 4 39
14 3 1 33 2 36 5 33
15 3 1 10 2 8 5 12
16 2 4 24 5 24
17 2 3 26 5 24
18 5 1 42 2 42 3 47 4 49 5 44
19 end
