1 5 20
out
0 1 2 3 4 5 6 7 13
1 8 9
2 8 9
3 8
4 9
5 8
6 8 9
7 9
8 10 11 12
9 10 11
10 15
11 16 18
12 16 17 14
13 16 15
14 19
15 19
16 19
17 19
18 19
in
info
0 start
1 1 1 32
2 2 1 30 3 24
3 2 1 29 3 32
4 3 1 10 4 16 5 9
5 4 1 22 2 26 4 25 5 25
6 4 1 25 2 22 3 22 4 24
7 3 1 41 2 46 4 36
8 3 2 46 3 47 4 43
9 2 2 20 3 25
10 2 2 35 4 33
11 4 1 16 2 25 3 24 4 23
12 3 1 43 2 43 3 39
13 4 1 25 3 24 4 22 5 24
14 4 1 42 2 40 3 36 5 38
15 4 1 17 3 17 4 21 5 20
16 3 2 28 3 23 4 27
17 4 1 16 2 18 4 13 5 22
18 3 2 41 3 41 5 39
19 end
