1 5 21
out
0 1 2 3 4
1 5
2 5 6
3 5
4 5 6
5 (10,12,13) 9
6 8 9 7
7 20
8 20
9 (16,18,19) 
10 11
11 7
12 7
13 14
14 15
15 7
16 17
17 20
18 20
19 20
in
7 (15,11,12)
20 (17,18,19)
info
0 start
1 4 1 13 2 7 4 14 5 16
2 3 2 37 3 41 5 42
3 5 1 41 2 44 3 41 4 39 5 39
4 1 4 33
5 1 1 42
6 3 1 44 3 44 4 40
7 4 1 45 2 43 3 41 5 42
8 3 1 16 2 18 4 14
9 2 1 23 5 30
10 2 2 15 5 16
11 3 1 43 4 35 5 36
12 1 5 18
13 3 2 39 3 36 5 38
14 3 1 47 2 46 3 42
15 3 2 22 4 23 5 22
16 2 2 39 4 35
17 3 2 33 3 28 5 35
18 4 1 33 2 35 3 38 5 37
19 2 1 14 5 12
20 end
