1 5 22
out
0 1 2 3 4 7
1 8 9 5
2 8 9 6
3 9 6
4 (15,13) 9
5 11 12
6 11
7 10 11 12
8 10
9 (16,17,19) 10
10 21
11 21
12 21
13 14
14 5
15 5
16 11
17 18
18 11
19 20
20 11
in
5 (15,14)
11 (16,18,20)
info
0 start
1 3 1 38 4 38 5 39
2 2 1 7 5 10
3 3 1 29 2 31 3 23
4 1 4 33
5 4 2 16 3 18 4 17 5 19
6 4 1 23 2 24 3 16 4 19
7 1 1 42
8 4 1 12 2 12 4 5 5 8
9 3 1 19 2 24 4 19
10 3 2 37 3 38 4 42
11 2 3 20 5 19
12 4 2 20 3 16 4 19 5 16
13 4 1 16 2 16 3 16 5 20
14 4 2 25 3 23 4 22 5 19
15 4 1 11 2 9 4 14 5 12
16 3 1 23 2 24 5 18
17 1 2 32
18 2 1 11 3 8
19 2 1 31 5 35
20 1 4 24
21 end
