1 5 20
out
0 1 2 3
1 (8,10,6) 4
2 5
3 4 5
4 (11,13) 
5 19
6 7
7 5
8 9
9 5
10 5
11 (16,17) 
12 19
13 14
14 15
15 19
16 12
17 18
18 12
in
5 (7,9,10)
19 (15,12)
12 (16,18)
info
0 start
1 2 1 25 5 24
2 3 2 37 3 42 5 42
3 2 3 33 4 30
4 2 1 40 4 43
5 2 1 21 4 14
6 5 1 31 2 30 3 22 4 27 5 23
7 4 2 13 3 13 4 11 5 13
8 1 3 14
9 3 1 16 2 15 3 19
10 1 2 34
11 1 2 33
12 4 2 46 3 39 4 45 5 47
13 2 2 10 5 11
14 3 1 15 2 19 5 19
15 3 2 18 4 9 5 18
16 4 1 41 3 47 4 46 5 47
17 4 1 28 2 23 3 25 4 26
18 2 1 41 3 44
19 end
