1 5 22
out
0 1 2 3
1 (8,9,6) 5
2 4 5
3 (12,14) 5
4 21
5 21
6 7
7 4
8 4
9 (15,16) 
10 4
11 4
12 13
13 11
14 11
15 10
16 17
17 18 19 20
18 10
19 18
20 18
in
4 (7,8,10)
11 (13,14)
10 (15,18)
info
0 start
1 4 1 20 2 21 3 18 4 22
2 1 2 30
3 3 1 12 4 12 5 10
4 2 3 31 5 29
5 2 1 27 5 28
6 3 1 36 2 36 4 33
7 2 1 30 4 29
8 5 1 17 2 13 3 17 4 15 5 20
9 3 1 8 2 7 4 15
10 4 1 38 2 33 3 39 4 35
11 supernode
12 3 1 19 2 22 3 28
13 3 1 35 3 32 4 37
14 4 1 21 3 27 4 22 5 25
15 1 4 19
16 4 1 19 2 19 4 17 5 21
17 4 1 20 2 20 3 20 5 20
18 3 2 31 3 30 4 28
19 2 2 22 3 21
20 4 2 32 3 33 4 32 5 35
21 end
