1 5 21
out
0 1 2 3
1 5 6
2 4 5 6
3 4
4 20
5 (7,8,9) 
6 20
7 20
8 20
9 15 10 11 13
10 20
11 12
12 10
13 14
14 10
15 (18,19) 
16 17
17 10
18 16
19 16
in
20 (7,8,10)
16 (18,19)
info
0 start
1 3 1 24 2 18 5 21
2 2 4 15 5 17
3 3 1 13 2 14 3 16
4 2 4 45 5 46
5 2 1 8 4 14
6 5 1 27 2 28 3 32 4 28 5 31
7 5 1 16 2 20 3 22 4 18 5 22
8 3 3 23 4 24 5 24
9 2 1 32 4 31
10 2 2 36 4 37
11 2 2 24 5 26
12 2 2 24 4 18
13 2 2 9 4 9
14 4 1 43 2 41 3 43 4 38
15 2 1 23 5 26
16 4 1 42 3 46 4 42 5 48
17 2 3 17 5 21
18 4 1 16 3 14 4 16 5 11
19 3 1 37 2 29 4 39
20 end
