1 5 20
out
0 1 2 3 4
1 11 5
2 8 5 6
3 8 10 6
4 9 6 7
5 12 13 14
6 13 15
7 14 15
8 12 13 15
9 12 13
10 13 14 15
11 12 13 14
12 16 17
13 16 17 18
14 16 17
15 16 17 18
16 19
17 19
18 19
in
info
0 start
1 2 3 28 4 27
2 2 2 15 4 12
3 2 2 35 5 36
4 3 1 21 2 21 3 26
5 4 1 35 3 34 4 32 5 37
6 2 3 23 4 26
7 3 1 15 3 19 4 14
8 3 1 40 4 31 5 34
9 3 1 33 2 26 3 26
10 3 2 44 4 42 5 38
11 2 2 45 3 39
12 2 3 36 5 39
13 3 1 20 2 14 4 19
14 4 1 18 3 24 4 24 5 16
15 3 2 17 4 16 5 15
16 3 1 34 2 35 4 37
17 4 2 21 3 24 4 27 5 28
18 3 2 38 3 40 5 39
19 end
