1 5 22
out
0 1 2 3 4 5 8 14
1 9 10 6
2 7
3 9 10 7
4 9
5 9 6 7
6 13
7 11 15
8 12 13 15
9 16 11 13
10 15
11 19
12 17
13 17 20
14 17 18 20
15 17 18 20
16 18 20
17 21
18 21
19 21
20 21
in
info
0 start
1 1 5 43
2 2 4 19 5 19
3 2 1 15 5 17
4 2 1 13 3 5
5 3 2 36 3 40 5 34
6 3 1 11 3 11 4 14
7 1 5 32
8 3 2 35 3 34 4 36
9 4 1 18 3 13 4 18 5 11
10 4 1 11 2 9 3 9 5 14
11 2 1 33 4 33
12 5 1 39 2 38 3 37 4 37 5 36
13 1 2 26
14 1 2 26
15 3 1 40 3 38 4 32
16 1 2 40
17 1 5 36
18 3 2 24 3 25 4 24
19 2 1 25 3 31
20 2 4 16 5 21
21 end
