1 5 22
out
0 1 2 3
1 4
2 (9,11,13) 
3 4
4 (5,6) 
5 21
6 7
7 8
8 21
9 10
10 4
11 12
12 4
13 14
14 15
15 (17,18,19) 
16 4
17 16
18 16
19 20
20 16
in
21 (8,5)
4 (16,10,12)
16 (17,18,20)
info
0 start
1 2 1 42 4 42
2 1 3 31
3 3 1 9 3 12 5 12
4 3 1 11 3 18 5 18
5 4 1 30 2 25 3 30 4 22
6 3 1 48 3 42 4 43
7 4 1 33 2 36 3 36 5 32
8 2 1 21 4 29
9 5 1 27 2 20 3 24 4 26 5 22
10 3 2 38 3 37 5 37
11 4 1 24 2 23 4 20 5 25
12 3 2 39 4 39 5 37
13 1 1 29
14 2 4 31 5 33
15 2 4 9 5 15
16 supernode
17 1 2 36
18 4 1 25 2 27 4 27 5 25
19 3 2 15 3 15 5 17
20 2 1 11 2 13
21 end
