1 5 21
out
0 10 1 2 3
1 8 4 6
2 8 5 7
3 8 7
4 12 13
5 9 12 14
6 11
7 12 13 14
8 9 11 14
9 17 18 19
10 19
11 18
12 16 18
13 17 18
14 16 18 15
15 20
16 20
17 20
18 20
19 20
in
info
0 start
1 3 1 18 4 13 5 12
2 4 1 41 3 38 4 37 5 39
3 1 3 41
4 3 2 37 3 33 4 33
5 2 1 29 3 30
6 2 1 32 2 29
7 3 1 35 3 36 5 41
8 4 1 38 2 34 3 32 4 30
9 1 5 33
10 4 1 22 2 16 3 23 5 23
11 3 2 11 3 11 5 14
12 3 1 38 3 39 5 38
13 3 2 42 4 39 5 42
14 3 1 28 2 27 3 34
15 3 3 35 4 35 5 35
16 2 4 44 5 41
17 3 1 14 2 23 5 16
18 2 4 42 5 48
19 3 1 9 3 14 5 8
20 end
