1 5 22
out
0 1 2 3 4 5 20
1 8 6
2 8 6 7
3 8 6 7
4 8 9 6
5 6
6 10 12 13
7 10 13 14
8 11 12
9 11 13
10 18
11 16 17 15
12 17 19
13 16 18 15
14 19 15
15 21
16 21
17 21
18 21
19 21
20 21
in
info
0 start
1 2 4 18 5 14
2 3 1 33 2 40 3 39
3 1 3 11
4 2 2 32 4 37
5 2 1 39 2 37
6 4 1 14 2 11 3 18 5 16
7 3 1 6 3 13 5 11
8 1 4 43
9 1 5 44
10 2 2 19 3 25
11 4 1 27 2 24 3 26 4 25
12 3 2 31 3 27 5 30
13 2 2 10 3 15
14 3 1 21 4 18 5 16
15 4 1 36 2 41 3 41 5 44
16 2 1 32 2 31
17 1 1 13
18 2 2 45 4 45
19 4 1 12 2 17 3 10 5 9
20 2 3 13 4 21
21 end
