1 5 20
out
0 1 2 3 5 6 9 15 17
1 8 10 7
2 4 7
3 4
4 13
5 11 12 13
6 11 12 13
7 13
8 11 12 13
9 11 12
10 12
11 18
12 18
13 16 14
14 19
15 19
16 19
17 19
18 19
in
info
0 start
1 3 3 34 4 36 5 33
2 2 2 31 3 39
3 2 1 11 2 7
4 4 1 30 2 29 4 20 5 29
5 3 2 25 4 19 5 22
6 1 2 11
7 3 1 18 3 12 5 13
8 2 1 43 3 41
9 3 1 14 3 11 4 11
10 3 2 46 3 40 5 49
11 2 2 40 5 46
12 4 1 32 2 29 3 28 4 27
13 3 2 39 4 33 5 36
14 3 1 14 2 17 4 15
15 3 3 38 4 36 5 37
16 2 1 32 5 30
17 3 2 28 3 25 5 32
18 2 3 15 5 16
19 end
