1 5 22
out
0 1 2 3
1 6
2 4 7
3 5 6 7
4 21
5 21
6 21
7 (8,9,11) 
8 21
9 10
10 (17,20) 
11 (15,13,14) 
12 21
13 12
14 12
15 12
16 21
17 18
18 19
19 16
20 16
in
21 (8,12,16)
12 (15,13,14)
16 (19,20)
info
0 start
1 1 4 37
2 2 1 33 2 35
3 3 1 16 2 21 5 15
4 1 1 42
5 3 2 40 3 37 4 41
6 2 1 16 4 18
7 2 1 23 4 29
8 4 1 28 2 27 3 24 5 25
9 4 1 31 3 29 4 29 5 31
10 3 1 26 2 27 5 30
11 4 1 32 2 30 3 34 5 32
12 supernode
13 5 1 8 2 9 3 9 4 5 5 10
14 1 4 37
15 4 1 27 2 32 3 28 5 30
16 supernode
17 1 4 15
18 2 4 17 5 17
19 2 2 9 5 14
20 2 4 26 5 23
21 end
