1 5 22
out
0 1 2 3 4 8
1 5 6
2 (15,16) 5
3 6
4 (17,20) 6 7
5 9 10 11
6 (12,13,14) 9 11
7 9
8 9 10 11
9 21
10 21
11 21
12 10
13 10
14 10
15 6
16 6
17 18
18 19
19 5
20 5
in
10 (12,13,14)
6 (15,16)
5 (19,20)
info
0 start
1 4 1 38 3 34 4 34 5 32
2 3 1 26 3 25 5 29
3 2 4 18 5 20
4 4 1 9 2 10 3 11 5 8
5 2 3 19 5 28
6 5 1 39 2 35 3 38 4 39 5 35
7 4 1 42 2 43 4 40 5 40
8 4 2 29 3 29 4 30 5 27
9 3 1 31 2 33 5 31
10 2 1 44 3 45
11 3 2 15 3 15 5 17
12 1 2 11
13 1 3 29
14 3 1 37 3 39 5 38
15 3 1 25 4 27 5 29
16 5 1 26 2 30 3 31 4 29 5 29
17 2 3 29 4 29
18 4 1 24 2 18 3 24 4 26
19 4 1 19 2 17 4 15 5 16
20 2 2 11 3 9
21 end
