1 5 22
out
0 (8,6) 1
1 3 4 5
2 3
3 21
4 21
5 21
6 7
7 2
8 (10,11) 
9 2
10 9
11 12
12 13
13 (15,17,20) 
14 9
15 16
16 14
17 18
18 19
19 14
20 14
in
2 (7,9)
9 (10,14)
14 (16,19,20)
info
0 start
1 2 4 7 5 9
2 4 2 32 3 36 4 33 5 38
3 3 1 11 3 9 4 9
4 3 1 38 2 34 3 30
5 3 1 37 2 35 3 38
6 2 4 32 5 23
7 2 2 38 5 37
8 1 2 30
9 2 2 28 3 23
10 1 4 12
11 1 3 13
12 3 3 19 4 16 5 14
13 3 1 20 3 17 5 17
14 supernode
15 3 2 43 4 42 5 46
16 1 4 33
17 5 1 32 2 26 3 33 4 35 5 35
18 1 2 30
19 1 1 27
20 3 1 16 4 12 5 13
21 end
