1 5 22
out
0 (17,18) 1 2 3
1 5 6
2 (10,12,14) 6
3 (7,9) 5
4 6
5 21
6 21
7 8
8 6
9 6
10 11
11 5
12 13
13 5
14 15
15 16
16 5
17 4
18 19
19 20
20 4
in
6 (8,9)
5 (16,11,13)
4 (17,20)
info
0 start
1 4 2 32 3 31 4 32 5 27
2 5 1 35 2 38 3 32 4 37 5 36
3 3 1 29 2 30 5 31
4 2 1 18 3 17
5 2 4 22 5 25
6 2 1 22 5 22
7 2 1 20 5 23
8 2 3 9 4 9
9 2 3 50 4 49
10 3 1 22 3 20 4 24
11 2 1 29 2 30
12 2 3 22 4 24
13 2 4 41 5 35
14 3 2 12 3 12 4 16
15 2 1 36 2 42
16 2 1 40 5 44
17 3 1 21 2 28 4 24
18 3 2 21 3 23 5 25
19 1 1 30
20 2 1 34 3 43
21 end
