1 5 22
out
0 1 2
1 21
2 (3,11) 
3 8 4 5
4 21
5 (16,14) 
6 7
7 4
8 9
9 10
10 (17,20) 
11 12
12 13
13 21
14 15
15 6
16 6
17 18
18 19
19 4
20 4
in
21 (4,13)
6 (15,16)
4 (19,20)
info
0 start
1 1 4 45
2 3 2 22 3 22 4 19
3 5 1 15 2 9 3 10 4 10 5 15
4 1 3 22
5 3 3 28 4 22 5 25
6 3 2 36 4 33 5 34
7 4 1 16 2 18 3 17 4 16
8 4 1 26 2 28 3 23 5 24
9 1 2 23
10 3 1 18 3 25 4 26
11 4 1 16 2 14 4 8 5 16
12 2 3 35 5 36
13 1 5 17
14 2 3 26 5 26
15 2 2 13 3 14
16 3 1 33 2 38 3 43
17 2 4 25 5 24
18 2 2 33 4 37
19 4 1 33 2 32 4 33 5 35
20 2 1 49 3 49
21 end
