1 5 22
out
0 (8,10,3) 1
1 21
2 21
3 4 5 6
4 7
5 (12,13) 
6 4
7 2
8 9
9 2
10 11
11 2
12 4
13 15 18 14
14 4
15 16
16 17
17 14
18 19
19 20
20 14
in
2 (7,9,11)
4 (12,14)
info
0 start
1 3 2 14 4 16 5 14
2 2 1 35 2 32
3 1 5 30
4 2 4 22 5 22
5 2 3 14 4 18
6 3 1 29 3 37 5 39
7 2 3 36 5 37
8 1 5 29
9 3 2 45 3 44 4 45
10 1 3 31
11 4 1 13 2 13 4 15 5 13
12 3 1 13 2 18 5 11
13 3 1 22 4 24 5 27
14 1 1 25
15 3 1 36 4 35 5 38
16 3 2 45 4 39 5 46
17 1 5 37
18 3 3 8 4 8 5 15
19 3 2 33 3 37 4 35
20 1 2 28
21 end
