1 5 19
out
0 1 2 3 4 5 15
1 9 6 7
2 8 6 7
3 8 6 7
4 9
5 9
6 10 11 12
7 12 14
8 11 13 14
9 10 14
10 17
11 16
12 16 17
13 16 17
14 16 17
15 16 17
16 18
17 18
in
info
0 start
1 1 2 41
2 3 2 31 4 33 5 36
3 2 4 44 5 45
4 3 1 33 2 40 4 34
5 3 1 41 2 41 4 41
6 3 1 11 3 12 4 13
7 3 1 28 3 32 4 29
8 2 3 23 4 22
9 4 1 20 2 19 3 20 4 19
10 4 1 17 2 21 3 19 5 21
11 4 1 18 2 17 3 23 4 17
12 3 2 23 3 25 4 27
13 2 3 47 4 49
14 5 1 15 2 13 3 10 4 5 5 6
15 2 1 27 5 31
16 5 1 43 2 43 3 43 4 44 5 44
17 3 1 20 3 20 4 23
18 end
