1 5 21
out
0 1 2 3 4 5 6 13
1 (16,18,14) 9
2 8 9 7
3 8 9 7
4 8 9
5 8 9 7
6 9
7 12
8 10 12
9 10 11 12
10 20
11 20
12 20
13 20
14 15
15 7
16 17
17 7
18 19
19 7
in
7 (15,17,19)
info
0 start
1 4 1 29 2 31 3 32 4 28
2 2 2 27 4 27
3 3 3 19 4 17 5 16
4 3 2 29 4 25 5 25
5 2 2 38 3 35
6 3 1 46 3 44 5 42
7 2 1 26 2 28
8 3 3 39 4 39 5 40
9 3 2 19 3 17 4 19
10 1 2 12
11 2 2 13 5 7
12 3 2 31 3 26 4 33
13 3 2 35 3 35 5 31
14 2 2 42 5 44
15 2 1 23 2 25
16 3 2 18 4 22 5 18
17 3 3 35 4 38 5 35
18 3 1 42 2 40 4 37
19 4 1 30 2 29 3 25 5 33
20 end
