1 5 21
out
0 1 2 3
1 (10,11) 5 6
2 4 6
3 (7,8) 
4 20
5 20
6 (17,19) 
7 5
8 9
9 5
10 4
11 15 12 13
12 16
13 14
14 12
15 12
16 4
17 18
18 20
19 20
in
5 (7,9)
4 (16,10)
20 (18,19)
info
0 start
1 3 1 42 3 46 4 42
2 3 1 14 3 15 4 13
3 3 2 12 4 18 5 12
4 2 4 15 5 17
5 3 2 35 3 32 5 36
6 3 1 21 2 31 5 30
7 3 2 15 3 15 5 18
8 4 1 26 2 28 4 26 5 28
9 3 3 42 4 38 5 34
10 2 2 14 4 5
11 4 2 47 3 44 4 46 5 48
12 3 1 11 2 8 5 12
13 3 2 12 3 9 4 10
14 4 1 32 2 34 3 34 5 31
15 1 1 35
16 3 1 14 2 19 4 18
17 2 4 27 5 28
18 3 1 45 2 38 4 44
19 2 1 11 5 11
20 end
