1 5 20
out
0 (7,10) 2 4
1 3 5 6
2 5
3 19
4 19
5 (11,13) 
6 19
7 8
8 9
9 (17,18) 
10 1
11 12
12 19
13 14
14 15
15 19
16 1
17 16
18 16
in
1 (16,10)
19 (15,12)
16 (17,18)
info
0 start
1 3 2 41 3 48 4 48
2 2 2 29 5 30
3 2 1 26 5 22
4 3 2 19 4 17 5 23
5 2 2 18 5 14
6 3 2 26 3 27 5 31
7 4 2 37 3 42 4 36 5 41
8 4 1 28 2 28 3 29 5 25
9 5 1 26 2 27 3 27 4 31 5 31
10 3 1 25 3 21 4 25
11 1 2 31
12 1 1 19
13 4 1 47 2 39 3 46 4 44
14 2 2 39 5 41
15 2 3 14 4 22
16 supernode
17 3 1 20 2 24 4 23
18 3 1 44 2 44 3 42
19 end
