1 5 22
out
0 1 2 3
1 4 5
2 (9,11,6) 
3 5
4 21
5 21
6 7
7 8
8 4
9 10
10 4
11 16 18 12 13
12 20
13 14
14 15
15 12
16 17
17 12
18 19
19 12
20 4
in
4 (8,10,20)
info
0 start
1 3 1 21 3 22 4 28
2 5 1 10 2 8 3 14 4 11 5 7
3 1 3 19
4 4 1 21 3 19 4 20 5 19
5 5 1 34 2 35 3 32 4 37 5 37
6 4 1 27 2 24 3 28 4 24
7 4 1 38 3 40 4 35 5 41
8 1 4 10
9 3 1 43 2 39 4 40
10 3 1 23 2 24 4 23
11 3 1 23 4 24 5 30
12 1 5 41
13 4 2 17 3 23 4 16 5 15
14 3 2 45 3 44 4 46
15 3 1 46 3 43 5 42
16 3 1 35 2 39 3 36
17 4 1 31 3 33 4 30 5 29
18 1 2 19
19 3 1 37 3 32 5 36
20 3 1 22 2 17 4 25
21 end
