1 5 22
out
0 1 2 3
1 21
2 (4,5) 
3 (7,9,10) 
4 21
5 (17,19) 
6 21
7 8
8 6
9 6
10 15 11 12
11 6
12 13
13 14
14 11
15 11
16 21
17 18
18 16
19 20
20 16
in
21 (16,4)
6 (8,9,11)
16 (18,20)
info
0 start
1 2 1 44 3 46
2 3 2 43 4 40 5 41
3 2 2 11 4 15
4 4 2 34 3 37 4 41 5 38
5 4 1 40 2 45 4 41 5 41
6 supernode
7 3 1 38 2 38 5 42
8 2 3 28 5 23
9 4 1 20 2 19 3 22 4 25
10 3 2 15 3 17 5 17
11 1 5 27
12 1 5 11
13 2 1 43 3 39
14 3 1 14 2 20 4 20
15 1 5 20
16 supernode
17 4 1 26 2 28 3 34 5 27
18 3 1 29 3 30 4 25
19 2 1 33 2 35
20 3 1 26 2 36 4 34
21 end
