1 5 22
out
0 1 2 3 4 5
1 6 7
2 6 7
3 7
4 6 7
5 (15,16,12) 
6 (8,11) 
7 21
8 9
9 10
10 21
11 21
12 13
13 14
14 6
15 6
16 (18,19) 
17 6
18 17
19 20
20 17
in
21 (10,11)
6 (15,17,14)
17 (18,20)
info
0 start
1 2 2 31 4 27
2 1 2 37
3 3 1 17 4 16 5 12
4 3 2 41 4 40 5 45
5 1 5 28
6 2 2 42 5 48
7 3 2 29 3 24 4 27
8 1 4 15
9 3 3 41 4 43 5 45
10 3 1 35 3 30 4 30
11 4 1 26 2 24 3 16 4 16
12 2 1 41 3 45
13 3 1 29 4 27 5 31
14 3 1 11 2 11 3 9
15 4 1 17 2 17 4 22 5 17
16 4 1 38 3 36 4 36 5 35
17 supernode
18 1 1 11
19 2 3 21 5 22
20 1 4 40
21 end
