1 5 20
out
0 1 2 3 4 6 9 13
1 5 7
2 10 7
3 5 7
4 8
5 11 14 15
6 14
7 12 14 15
8 11 12 14
9 11 14 15
10 (16,18) 12 14
11 19
12 19
13 19
14 19
15 19
16 17
17 15
18 15
in
15 (17,18)
info
0 start
1 2 1 20 3 18
2 2 1 33 5 38
3 2 3 32 4 30
4 2 3 41 4 41
5 1 1 39
6 4 2 16 3 14 4 14 5 10
7 3 1 34 3 34 5 30
8 2 1 41 2 46
9 3 1 19 3 20 4 21
10 2 3 20 5 19
11 4 2 44 3 46 4 44 5 47
12 3 2 24 4 29 5 30
13 3 2 14 4 16 5 16
14 2 2 23 4 21
15 2 1 27 2 30
16 3 1 25 2 24 4 26
17 1 4 28
18 4 1 21 2 17 3 18 5 18
19 end
