1 5 22
out
0 1 2 4
1 (7,9,10) 
2 (19,20,13) 3
3 21
4 21
5 21
6 21
7 8
8 6
9 6
10 11
11 12
12 6
13 15 17 14
14 5
15 16
16 14
17 18
18 14
19 5
20 5
in
6 (8,9,12)
5 (19,20,14)
info
0 start
1 3 2 44 4 42 5 44
2 4 1 41 3 32 4 39 5 33
3 3 1 26 2 29 5 23
4 2 1 29 5 28
5 1 1 13
6 3 2 20 3 23 5 21
7 1 3 37
8 2 2 46 5 48
9 2 2 23 4 27
10 3 1 29 4 26 5 22
11 3 1 26 3 25 4 28
12 1 1 15
13 2 1 29 5 28
14 2 4 13 5 15
15 3 2 12 3 11 4 11
16 1 3 19
17 2 2 44 5 40
18 2 2 15 4 21
19 4 1 33 3 37 4 38 5 37
20 2 1 37 5 39
21 end
