1 5 22
out
0 1 2 3 5 8
1 7
2 (9,19) 7
3 4 6
4 21
5 21
6 21
7 21
8 21
9 16 10 11 13
10 6
11 12
12 10
13 14
14 15
15 10
16 17
17 18
18 10
19 20
20 6
in
6 (10,20)
info
0 start
1 2 4 37 5 35
2 3 1 7 2 10 4 12
3 2 1 15 5 20
4 1 2 36
5 4 1 8 2 7 3 9 5 7
6 4 2 18 3 13 4 19 5 18
7 1 3 36
8 3 1 28 2 31 3 33
9 2 3 15 4 17
10 3 1 22 3 15 4 20
11 4 1 43 3 37 4 43 5 35
12 5 1 41 2 42 3 42 4 35 5 39
13 2 1 28 5 34
14 2 3 45 4 45
15 1 1 36
16 3 1 40 2 42 4 41
17 3 1 20 3 23 5 19
18 1 4 32
19 3 2 41 3 46 4 42
20 2 1 34 5 33
21 end
