1 5 22
out
0 1 2 3
1 (4,5) 
2 21
3 21
4 (7,9) 
5 (20,12,13) 
6 21
7 8
8 6
9 10
10 6
11 21
12 11
13 15 17 14
14 11
15 16
16 14
17 18
18 19
19 14
20 11
in
21 (11,6)
6 (8,10)
11 (20,12,14)
info
0 start
1 2 3 15 5 19
2 4 1 8 2 9 3 14 4 14
3 4 2 7 3 11 4 7 5 9
4 4 1 9 2 15 4 19 5 19
5 2 3 26 5 29
6 supernode
7 3 1 9 2 14 4 10
8 1 3 13
9 2 1 33 2 32
10 1 2 13
11 supernode
12 3 1 34 3 36 5 35
13 2 1 48 3 45
14 4 1 14 3 13 4 16 5 15
15 2 3 41 5 43
16 2 3 21 5 19
17 4 1 27 2 32 3 33 5 28
18 3 2 16 4 21 5 18
19 2 2 23 4 17
20 5 1 21 2 20 3 22 4 21 5 25
21 end
