1 5 20
out
0 (16,14) 1 3 4
1 5 6 7
2 6
3 7
4 (9,11) 5
5 19
6 19
7 19
8 19
9 10
10 8
11 12
12 13
13 8
14 15
15 2
16 17
17 18
18 2
in
8 (10,13)
2 (15,18)
info
0 start
1 3 2 17 3 18 5 22
2 2 2 18 4 19
3 5 1 14 2 10 3 13 4 16 5 12
4 3 3 18 4 13 5 17
5 2 1 43 4 43
6 4 1 28 2 33 3 28 5 32
7 2 2 29 5 29
8 2 2 42 5 40
9 1 1 30
10 4 1 18 2 15 4 15 5 16
11 3 1 30 2 31 5 34
12 4 2 20 3 19 4 22 5 17
13 2 4 30 5 31
14 5 1 38 2 38 3 31 4 35 5 33
15 2 1 41 4 37
16 5 1 38 2 36 3 39 4 37 5 36
17 4 1 34 2 35 3 41 5 39
18 2 1 29 4 25
19 end
