1 5 21
out
0 (10,13) 1 2
1 4 5 6
2 4 6
3 4 5
4 (7,8) 
5 20
6 20
7 20
8 9
9 20
10 (15,16,17) 
11 12
12 3
13 14
14 3
15 11
16 11
17 18
18 19
19 11
in
20 (7,9)
3 (12,14)
11 (15,16,19)
info
0 start
1 3 1 33 2 33 3 31
2 2 1 22 2 15
3 4 1 36 2 35 4 33 5 38
4 3 1 40 2 48 3 46
5 4 1 22 2 17 3 24 4 25
6 3 2 26 3 22 4 23
7 1 5 13
8 3 1 20 4 19 5 14
9 2 1 47 3 41
10 4 1 37 2 40 3 36 5 37
11 2 1 21 4 20
12 3 2 17 3 11 4 14
13 1 5 17
14 2 1 14 2 13
15 2 2 37 3 36
16 3 2 21 4 19 5 19
17 4 1 29 2 28 3 30 4 30
18 1 5 29
19 3 1 33 2 30 5 37
20 end
