1 5 21
out
0 1 2 3 4
1 (17,19) 8 5
2 6
3 5
4 8
5 20
6 (15,13,14) 
7 20
8 (9,11) 
9 10
10 20
11 20
12 20
13 12
14 12
15 16
16 12
17 18
18 7
19 7
in
20 (10,11)
12 (16,13,14)
7 (18,19)
info
0 start
1 3 1 20 4 21 5 28
2 2 2 40 3 31
3 4 2 18 3 28 4 23 5 28
4 1 5 28
5 1 1 35
6 3 1 14 3 19 4 15
7 1 2 21
8 3 1 19 2 13 5 15
9 3 1 10 3 11 4 18
10 1 1 32
11 3 2 28 3 27 5 35
12 supernode
13 2 2 32 5 28
14 2 1 25 4 23
15 1 5 31
16 3 3 10 4 12 5 10
17 1 1 23
18 3 1 48 3 43 5 41
19 5 1 31 2 27 3 28 4 30 5 27
20 end
