1 5 21
out
0 1 2 3 4 5 13
1 9 6
2 8 10 7
3 10
4 9 10
5 10 6 7
6 14
7 12 14 15
8 11 12 14
9 11 12 14
10 11 12 14
11 20
12 20
13 20
14 20
15 (16,19) 
16 17
17 18
18 20
19 20
in
20 (18,19)
info
0 start
1 1 2 24
2 3 3 24 4 25 5 24
3 3 1 17 2 17 3 16
4 2 1 27 3 31
5 4 1 10 2 11 4 8 5 8
6 4 1 26 3 34 4 33 5 26
7 2 2 23 5 20
8 3 2 42 3 45 4 44
9 2 2 18 5 18
10 3 1 32 2 33 5 30
11 3 3 43 4 42 5 38
12 4 2 42 3 40 4 45 5 43
13 2 1 14 5 13
14 2 1 35 4 33
15 3 2 33 3 38 5 29
16 3 1 10 2 15 4 8
17 2 1 37 2 38
18 3 3 33 4 32 5 34
19 3 1 11 2 11 4 12
20 end
