1 5 21
out
0 (18,19) 1 3
1 20
2 (15,17,13) 
3 (4,6) 
4 5
5 20
6 7 8 9
7 20
8 7
9 10
10 11
11 7
12 20
13 14
14 12
15 16
16 12
17 12
18 2
19 2
in
20 (7,5)
12 (16,17,14)
2 (18,19)
info
0 start
1 3 1 37 3 43 5 41
2 1 1 19
3 3 2 24 3 22 4 22
4 4 1 21 3 16 4 21 5 22
5 2 2 13 4 14
6 1 1 28
7 2 1 32 5 35
8 3 2 24 3 21 5 23
9 2 1 11 4 15
10 3 2 13 4 12 5 14
11 2 4 46 5 44
12 supernode
13 2 1 21 5 21
14 3 1 26 2 25 5 27
15 3 1 6 2 15 5 15
16 4 2 13 3 9 4 9 5 7
17 3 2 21 4 22 5 14
18 4 1 35 2 34 3 40 4 40
19 1 3 27
20 end
