1 5 21
out
0 1 2 5
1 4 6
2 3 6
3 (18,17,10) 
4 (7,8) 
5 20
6 20
7 20
8 20
9 20
10 11
11 15 12 13 14
12 9
13 12
14 12
15 16
16 12
17 9
18 19
19 9
in
20 (7,8)
9 (17,19,12)
info
0 start
1 1 2 22
2 2 4 21 5 21
3 3 3 28 4 32 5 30
4 2 1 28 2 29
5 4 1 36 2 31 3 30 5 35
6 3 1 12 2 12 4 17
7 1 3 22
8 4 1 14 2 9 4 9 5 14
9 supernode
10 3 2 44 3 42 4 39
11 3 2 12 4 13 5 15
12 3 2 9 4 13 5 9
13 2 1 27 4 31
14 4 2 11 3 13 4 17 5 17
15 1 3 39
16 2 4 27 5 26
17 4 1 16 3 20 4 16 5 14
18 1 2 15
19 4 1 10 2 10 3 18 5 15
20 end
