1 5 22
out
0 1 2 4 5
1 (17,20) 
2 21
3 21
4 21
5 (7,10,6) 
6 21
7 8
8 (16,11,13) 
9 21
10 21
11 12
12 9
13 14
14 15
15 9
16 9
17 18
18 19
19 3
20 3
in
21 (9,10,6)
9 (15,16,12)
3 (19,20)
info
0 start
1 2 2 34 3 38
2 3 1 38 3 39 4 44
3 2 2 37 4 39
4 3 1 42 4 48 5 48
5 2 1 31 3 35
6 2 1 19 3 23
7 1 2 34
8 2 3 28 5 19
9 3 1 23 2 24 4 28
10 3 2 20 4 27 5 26
11 2 2 19 4 20
12 3 1 33 2 29 3 31
13 1 4 21
14 1 5 28
15 2 2 21 3 11
16 2 2 40 4 36
17 3 2 10 3 9 5 11
18 3 2 28 3 27 4 28
19 2 1 40 2 42
20 1 2 34
21 end
