1 5 20
out
0 1 2 3
1 4
2 19
3 19
4 (7,5) 
5 (8,9,18) 
6 19
7 19
8 6
9 16 10 11 13
10 17
11 12
12 10
13 14
14 15
15 10
16 10
17 6
18 6
in
19 (7,6)
6 (8,17,18)
info
0 start
1 2 2 30 3 34
2 2 4 44 5 40
3 4 2 35 3 28 4 29 5 29
4 2 4 30 5 29
5 3 2 46 3 39 5 38
6 3 1 43 2 42 3 40
7 2 3 12 4 13
8 5 1 46 2 48 3 43 4 48 5 47
9 3 1 31 3 30 5 32
10 2 1 16 4 19
11 1 4 41
12 3 2 10 4 14 5 17
13 2 1 40 5 43
14 3 2 11 3 15 5 19
15 2 3 48 4 42
16 4 1 36 2 36 3 42 5 34
17 3 3 19 4 23 5 24
18 4 1 7 3 12 4 15 5 5
19 end
