1 5 22
out
0 (3,5,14) 2
1 21
2 21
3 4
4 1
5 7 9 11 6
6 1
7 8
8 6
9 (16,17,19) 
10 6
11 12
12 13
13 6
14 15
15 1
16 10
17 18
18 10
19 20
20 10
in
1 (15,4,6)
10 (16,18,20)
info
0 start
1 3 1 29 2 31 3 30
2 3 1 35 3 38 4 32
3 1 4 10
4 1 4 18
5 3 1 34 2 36 3 33
6 2 4 25 5 26
7 5 1 23 2 27 3 24 4 23 5 27
8 2 3 14 5 21
9 3 1 34 3 35 4 35
10 3 3 14 4 11 5 12
11 4 1 48 2 45 3 48 5 45
12 2 4 42 5 43
13 4 1 35 2 35 3 39 4 38
14 4 1 21 2 20 4 18 5 21
15 4 1 7 2 8 3 8 5 11
16 5 1 34 2 36 3 34 4 34 5 36
17 2 1 37 3 33
18 4 1 14 2 12 3 18 4 19
19 2 4 36 5 32
20 4 1 28 2 28 4 30 5 30
21 end
