1 5 22
out
0 1 2 3 4 5 10 11 12 14
1 8 6 7
2 8 6 7
3 8 7
4 6
5 8 6
6 13 15
7 13 15
8 9 13
9 18 20
10 16 18 19
11 17 18
12 16
13 16 18 19
14 16 19 20
15 16 17 18
16 21
17 21
18 21
19 21
20 21
in
info
0 start
1 3 1 31 4 32 5 23
2 3 1 34 2 39 5 34
3 2 2 25 3 27
4 3 1 44 2 43 3 40
5 3 1 43 2 46 5 42
6 3 1 27 3 28 5 29
7 2 3 24 4 23
8 4 1 27 2 24 3 27 5 24
9 3 1 29 4 32 5 32
10 3 2 36 3 34 5 34
11 2 2 17 5 14
12 2 1 35 3 34
13 3 1 31 3 35 4 31
14 4 1 31 3 35 4 35 5 33
15 2 1 11 2 16
16 2 3 42 4 44
17 3 2 42 3 39 5 40
18 4 1 47 2 45 4 44 5 48
19 4 2 16 3 20 4 20 5 16
20 1 4 25
21 end
