1 5 22
out
0 1 2 3 4 6
1 5
2 (17,18,14) 
3 7
4 7
5 8 9
6 8
7 10
8 (11,13) 
9 21
10 21
11 12
12 21
13 21
14 15
15 16
16 7
17 7
18 19
19 20
20 7
in
21 (12,13)
7 (16,17,20)
info
0 start
1 2 1 44 3 40
2 3 1 14 3 13 4 14
3 4 1 19 2 21 3 21 4 14
4 2 1 18 5 15
5 3 1 35 2 41 3 40
6 4 1 18 3 12 4 15 5 17
7 2 4 35 5 35
8 3 1 34 3 34 5 36
9 2 2 43 3 40
10 2 1 42 3 37
11 2 3 30 4 29
12 1 1 26
13 1 3 15
14 1 3 49
15 1 2 31
16 4 1 30 3 39 4 37 5 35
17 2 3 47 4 40
18 2 3 20 4 17
19 2 2 17 5 18
20 2 3 16 4 20
21 end
