1 5 21
out
0 1 2 3 4
1 7
2 6
3 5 7
4 6
5 (12,13) 8
6 8 9 10
7 8 10
8 20
9 20
10 20
11 20
12 11
13 15 17 14
14 11
15 16
16 14
17 18
18 19
19 14
in
11 (12,14)
info
0 start
1 2 1 25 2 26
2 2 2 34 4 29
3 4 2 40 3 40 4 41 5 41
4 1 4 18
5 1 1 15
6 2 1 27 2 28
7 5 1 29 2 33 3 33 4 31 5 32
8 2 3 33 5 32
9 5 1 26 2 27 3 28 4 33 5 28
10 3 1 15 4 16 5 22
11 4 1 46 2 44 4 46 5 45
12 3 1 25 3 29 5 31
13 2 3 24 5 25
14 5 1 20 2 20 3 20 4 28 5 25
15 3 2 42 3 42 4 41
16 1 3 31
17 1 1 31
18 2 2 12 4 16
19 4 1 43 2 47 3 47 5 41
20 end
