1 5 21
out
0 (7,9,6) 1
1 (11,13,14) 2 5
2 20
3 20
4 20
5 20
6 3
7 8
8 3
9 (15,16,19) 
10 3
11 12
12 4
13 4
14 4
15 10
16 17
17 18
18 10
19 10
in
3 (8,10,6)
4 (12,13,14)
10 (15,18,19)
info
0 start
1 4 1 46 2 47 3 45 4 41
2 2 3 24 5 18
3 3 1 23 3 25 5 24
4 1 3 18
5 2 2 47 4 43
6 3 1 37 3 37 4 40
7 3 1 23 2 19 3 17
8 2 3 31 4 35
9 1 5 22
10 3 1 42 2 37 5 37
11 3 2 30 3 30 5 34
12 3 1 12 4 12 5 16
13 4 1 39 2 45 3 41 4 43
14 2 2 13 5 14
15 4 2 35 3 29 4 36 5 35
16 3 2 29 4 26 5 29
17 1 5 32
18 2 1 34 2 33
19 2 1 21 2 19
20 end
