1 5 19
out
0 (15,16,17) 2 3 5
1 7
2 4 6
3 7
4 (8,10) 
5 18
6 18
7 18
8 9
9 18
10 (12,14) 
11 18
12 13
13 11
14 11
15 1
16 1
17 1
in
18 (9,11)
11 (13,14)
1 (15,16,17)
info
0 start
1 3 1 34 4 31 5 30
2 3 1 39 2 40 4 37
3 4 1 27 3 24 4 26 5 26
4 4 1 20 3 19 4 14 5 18
5 2 1 24 4 28
6 3 1 24 3 26 4 25
7 4 2 39 3 39 4 39 5 42
8 2 3 37 5 40
9 2 4 19 5 23
10 3 2 27 4 34 5 33
11 supernode
12 2 1 26 3 25
13 3 1 11 3 9 4 12
14 4 1 25 2 25 3 28 5 26
15 4 2 27 3 22 4 27 5 29
16 1 2 35
17 3 1 26 2 32 5 32
18 end
