1 5 20
out
0 (10,11) 1 2
1 4 6
2 4 5
3 5 6
4 19
5 (7,9) 
6 19
7 8
8 19
9 (16,18,13) 
10 3
11 3
12 19
13 14
14 15
15 12
16 17
17 12
18 12
in
19 (8,12)
3 (10,11)
12 (15,17,18)
info
0 start
1 2 3 25 4 21
2 2 1 29 4 34
3 4 1 39 2 39 4 37 5 35
4 2 3 47 4 46
5 5 1 24 2 22 3 19 4 15 5 24
6 1 5 27
7 3 1 36 3 39 5 41
8 1 5 42
9 3 2 30 3 34 4 39
10 3 1 20 2 24 4 21
11 2 2 22 3 24
12 supernode
13 2 3 43 5 41
14 3 2 33 3 30 5 33
15 3 1 31 3 34 4 36
16 4 2 39 3 43 4 40 5 40
17 2 1 16 4 15
18 3 1 13 2 10 3 14
19 end
