1 5 20
out
0 1 2 3 4
1 8 5
2 (13,14) 
3 (9,11) 6 7
4 5
5 19
6 19
7 19
8 (15,18) 
9 10
10 5
11 12
12 5
13 6
14 6
15 16
16 17
17 19
18 19
in
5 (10,12)
6 (13,14)
19 (17,18)
info
0 start
1 4 1 34 2 31 4 33 5 28
2 3 1 21 2 21 3 25
3 2 2 15 4 9
4 2 1 38 2 37
5 3 2 37 3 43 4 43
6 3 1 42 2 40 3 44
7 5 1 38 2 37 3 36 4 38 5 36
8 5 1 19 2 21 3 23 4 21 5 18
9 3 1 30 2 32 5 37
10 3 1 30 3 24 5 24
11 2 1 20 3 28
12 3 2 25 3 27 5 24
13 3 1 14 3 14 4 14
14 3 2 40 4 39 5 41
15 2 3 47 5 43
16 1 4 39
17 3 1 40 4 42 5 41
18 2 2 40 4 43
19 end
