1 5 22
out
0 (17,20) 1 3 4
1 5 6 7
2 (15,11,13) 5 7
3 6 7
4 6
5 8 9
6 8 9 10
7 10
8 21
9 21
10 21
11 12
12 6
13 14
14 6
15 16
16 6
17 18
18 19
19 2
20 2
in
6 (16,12,14)
2 (19,20)
info
0 start
1 2 1 8 2 14
2 1 5 39
3 3 3 37 4 41 5 41
4 4 1 17 3 20 4 20 5 20
5 4 1 33 3 34 4 30 5 29
6 3 1 41 3 43 5 40
7 2 1 22 4 27
8 2 1 18 3 20
9 4 1 31 2 29 4 24 5 30
10 4 1 15 3 17 4 20 5 19
11 2 1 19 5 15
12 1 3 40
13 1 5 19
14 4 1 30 2 36 3 32 5 32
15 3 1 21 2 20 3 20
16 1 5 18
17 2 1 27 3 19
18 3 2 24 3 26 5 21
19 3 1 25 4 17 5 25
20 1 2 24
21 end
