1 5 22
out
0 1 2 3 4
1 5
2 5
3 5
4 5
5 (8,6) 
6 7
7 21
8 9 10 12
9 15 16 18 20
10 11
11 9
12 13
13 14
14 9
15 21
16 17
17 15
18 19
19 15
20 15
in
21 (7,15)
info
0 start
1 4 1 9 3 11 4 10 5 8
2 1 3 35
3 4 1 43 3 40 4 44 5 45
4 4 1 35 2 36 3 41 4 39
5 4 1 19 2 25 4 25 5 22
6 2 4 46 5 44
7 3 1 22 3 18 5 21
8 2 2 36 5 34
9 1 4 14
10 3 1 17 3 19 4 19
11 2 1 18 5 12
12 3 2 40 3 42 4 43
13 3 1 16 2 11 5 12
14 1 1 30
15 2 4 25 5 20
16 2 2 12 3 14
17 3 1 30 2 28 5 26
18 5 1 18 2 20 3 22 4 24 5 19
19 3 2 17 3 17 4 13
20 4 1 13 2 15 3 20 5 15
21 end
