1 5 22
out
0 1 2
1 21
2 (3,5) 
3 4
4 (7,9,10) 
5 21
6 21
7 8
8 (20,14) 
9 6
10 11
11 12
12 6
13 6
14 15 16 17
15 19
16 15
17 18
18 15
19 13
20 13
in
21 (5,6)
6 (9,12,13)
13 (19,20)
info
0 start
1 2 1 20 5 21
2 2 1 8 5 11
3 2 1 28 4 25
4 3 1 28 2 23 4 24
5 1 5 25
6 supernode
7 3 1 24 2 26 4 27
8 3 2 40 4 41 5 37
9 3 1 25 3 21 5 29
10 3 2 45 3 49 4 46
11 2 1 34 3 30
12 2 1 21 3 20
13 supernode
14 3 1 39 3 34 4 38
15 4 1 33 2 41 3 37 5 37
16 1 3 39
17 1 2 27
18 3 3 45 4 35 5 37
19 5 1 18 2 17 3 17 4 23 5 16
20 4 1 37 3 29 4 34 5 29
21 end
