1 5 22
out
0 1 2 3 4 5
1 (11,13) 9
2 8 9 6
3 (18,19) 9 7
4 8 7
5 9 6 7
6 10
7 10
8 10
9 10
10 (15,17,14) 
11 12
12 6
13 6
14 21
15 16
16 21
17 21
18 8
19 20
20 8
in
6 (12,13)
21 (16,17,14)
8 (18,20)
info
0 start
1 1 5 15
2 1 5 40
3 2 1 36 5 34
4 5 1 26 2 23 3 29 4 29 5 29
5 1 2 14
6 3 2 28 4 23 5 23
7 1 1 22
8 4 1 45 2 39 3 39 4 43
9 3 1 41 4 40 5 43
10 3 1 36 2 34 5 44
11 1 2 32
12 2 3 34 4 37
13 2 1 41 4 46
14 1 4 32
15 3 1 28 2 31 3 34
16 3 2 27 3 24 4 23
17 2 1 18 5 20
18 3 1 26 3 26 5 33
19 3 2 17 3 14 4 11
20 1 3 48
21 end
