1 5 22
out
0 1 2
1 (15,14) 4
2 (11,5) 3
3 21
4 21
5 (17,19) 7 6
6 4
7 8
8 9
9 6
10 6
11 12
12 13
13 4
14 3
15 16
16 3
17 18
18 10
19 20
20 10
in
4 (13,6)
3 (16,14)
10 (18,20)
info
0 start
1 3 2 30 4 31 5 31
2 3 2 24 3 24 4 18
3 2 4 17 5 18
4 4 1 11 3 11 4 18 5 13
5 3 1 50 3 42 4 44
6 2 1 22 5 27
7 5 1 16 2 19 3 21 4 16 5 15
8 3 1 16 2 21 5 17
9 2 1 27 2 34
10 4 1 16 2 8 3 15 4 17
11 1 3 40
12 2 2 15 5 18
13 2 3 21 5 19
14 3 1 12 2 7 4 10
15 2 4 12 5 15
16 4 1 21 2 14 4 13 5 20
17 3 1 41 4 43 5 47
18 2 1 22 3 21
19 2 1 24 5 28
20 2 3 35 4 40
21 end
