1 5 19
out
0 1 2 3 4
1 8 9 7
2 5
3 8 10 7
4 6
5 11 12 13
6 12
7 11 13
8 13
9 11 12 13
10 11 12 13
11 16 17
12 16 17 14
13 16 17 15
14 18
15 18
16 18
17 18
in
info
0 start
1 3 1 41 3 40 5 41
2 4 1 23 3 25 4 20 5 28
3 4 1 17 2 18 3 17 5 19
4 1 4 31
5 2 1 42 2 46
6 4 1 25 3 26 4 20 5 25
7 2 1 36 5 36
8 3 1 43 3 45 5 43
9 4 1 14 2 12 3 12 4 11
10 4 1 37 2 40 3 35 5 31
11 4 1 23 3 26 4 26 5 29
12 2 1 42 4 36
13 1 1 39
14 2 4 36 5 42
15 2 1 16 4 18
16 3 3 20 4 19 5 15
17 5 1 16 2 21 3 18 4 21 5 15
18 end
