1 5 22
out
0 1 2 3
1 (8,9) 6 7
2 4
3 (10,11) 
4 21
5 21
6 21
7 21
8 (20,13,14) 
9 4
10 5
11 5
12 4
13 12
14 15
15 16 17 19
16 12
17 18
18 16
19 16
20 12
in
4 (9,12)
5 (10,11)
12 (16,20,13)
info
0 start
1 1 3 23
2 3 3 24 4 28 5 29
3 2 1 27 2 35
4 3 1 42 3 44 4 46
5 2 1 19 5 17
6 4 1 32 3 37 4 36 5 31
7 3 2 14 4 23 5 19
8 4 2 27 3 28 4 25 5 21
9 1 5 25
10 2 2 24 4 26
11 1 4 30
12 supernode
13 3 2 50 4 40 5 48
14 1 2 13
15 2 4 21 5 19
16 1 5 9
17 1 2 11
18 1 2 46
19 1 3 35
20 5 1 9 2 8 3 10 4 11 5 14
21 end
