1 5 21
out
0 1 2 3 4 5 18 19
1 8
2 8 9 6
3 8 9 6
4 9
5 9 7
6 10 11
7 10 13 14
8 10 11 12
9 10 11 12
10 15
11 17 15
12 16
13 16
14 16 17
15 20
16 20
17 20
18 20
19 20
in
info
0 start
1 4 1 38 2 43 4 43 5 37
2 3 1 37 4 45 5 45
3 2 3 18 4 17
4 4 1 14 2 12 3 13 5 14
5 3 1 8 3 14 4 15
6 4 1 10 3 7 4 11 5 11
7 4 1 34 2 33 3 35 4 36
8 4 1 36 3 34 4 38 5 32
9 4 1 32 3 32 4 32 5 32
10 2 3 21 4 19
11 4 2 19 3 19 4 26 5 21
12 2 1 27 3 28
13 3 2 29 4 30 5 33
14 2 1 18 2 10
15 3 1 22 3 19 4 17
16 2 3 27 4 21
17 4 2 8 3 10 4 11 5 15
18 3 2 28 3 27 5 30
19 4 1 8 2 15 3 14 4 13
20 end
