1 5 22
out
0 1 2 3 4 5 8
1 10 11
2 6 7
3 9 6 7
4 10
5 9 12 6
6 16 13 15
7 13
8 13 14
9 16 13 15
10 16 13 15
11 16 15
12 16 13 15
13 17 19
14 19 20
15 18 19
16 17 18 19
17 21
18 21
19 21
20 21
in
info
0 start
1 4 1 21 3 22 4 25 5 19
2 2 1 11 4 15
3 3 1 10 3 15 5 10
4 2 3 14 5 21
5 2 1 33 5 28
6 3 3 8 4 9 5 9
7 3 1 38 4 35 5 37
8 2 2 38 5 41
9 4 1 46 2 40 3 40 5 41
10 4 1 29 2 28 3 26 5 28
11 1 3 38
12 1 4 21
13 2 1 36 2 32
14 3 1 17 4 11 5 11
15 3 1 24 2 25 4 30
16 4 1 23 2 22 4 23 5 19
17 2 1 37 2 41
18 2 1 40 4 47
19 1 3 44
20 2 2 43 5 42
21 end
