1 5 19
out
0 1 2
1 (9,3) 
2 18
3 4 5 6
4 18
5 4
6 (10,11) 
7 8
8 4
9 18
10 7
11 (15,13) 
12 7
13 14
14 12
15 16
16 17
17 12
in
18 (9,4)
7 (10,12)
12 (17,14)
info
0 start
1 1 1 15
2 4 1 30 2 32 4 34 5 31
3 2 1 14 3 10
4 3 1 25 2 28 3 29
5 5 1 11 2 10 3 11 4 11 5 10
6 5 1 38 2 38 3 42 4 38 5 38
7 4 1 14 2 18 4 14 5 20
8 3 1 38 2 40 5 36
9 3 1 40 2 35 3 37
10 3 1 18 2 20 4 24
11 3 2 36 3 33 4 36
12 supernode
13 4 2 12 3 7 4 9 5 13
14 2 3 34 5 34
15 2 4 29 5 29
16 3 1 30 3 25 4 27
17 4 1 45 3 42 4 45 5 42
18 end
