1 5 21
out
0 1 2
1 (3,6) 
2 20
3 4
4 5
5 20
6 7
7 (9,13,14) 
8 20
9 10 11 12
10 8
11 10
12 10
13 8
14 15
15 (17,18) 
16 8
17 16
18 19
19 16
in
20 (8,5)
8 (16,10,13)
16 (17,19)
info
0 start
1 2 2 41 4 43
2 2 3 22 4 23
3 3 2 18 3 20 5 15
4 4 1 22 2 24 3 27 5 25
5 3 1 25 2 31 3 30
6 4 1 30 2 31 3 25 5 26
7 3 1 30 3 25 5 31
8 supernode
9 3 1 16 3 16 4 13
10 3 2 21 3 17 4 21
11 1 3 31
12 4 2 14 3 16 4 16 5 20
13 4 1 38 2 40 4 36 5 38
14 4 1 25 3 26 4 24 5 26
15 4 1 13 3 11 4 12 5 11
16 supernode
17 2 3 25 4 28
18 2 4 35 5 35
19 4 1 36 2 36 4 37 5 36
20 end
