1 5 20
out
0 1 2 3 4 5 9 12 14
1 6 7
2 6 7
3 8 6 7
4 8 6 7
5 8 7
6 11
7 10 11 13
8 10 13
9 16 17 15
10 16 15
11 16 17
12 17 18
13 16
14 16
15 19
16 19
17 19
18 19
in
info
0 start
1 3 1 17 2 22 5 14
2 3 1 18 2 20 5 19
3 3 1 37 2 36 3 42
4 2 2 40 3 34
5 2 3 41 5 41
6 3 3 17 4 16 5 19
7 1 1 43
8 3 1 42 3 43 4 43
9 2 3 30 5 32
10 2 2 35 4 40
11 4 1 40 3 47 4 47 5 40
12 4 1 32 2 24 4 24 5 28
13 4 2 19 3 22 4 18 5 17
14 4 1 36 3 36 4 37 5 31
15 2 3 25 4 27
16 3 2 24 4 20 5 26
17 2 2 14 4 13
18 2 2 35 3 35
19 end
