1 5 21
out
0 1 2
1 (3,4,5) 
2 20
3 20
4 20
5 6
6 (8,9,12) 
7 20
8 7
9 10
10 11
11 7
12 13
13 (15,18) 
14 7
15 16
16 17
17 14
18 19
19 14
in
20 (7,3,4)
7 (8,11,14)
14 (17,19)
info
0 start
1 3 2 28 3 34 5 30
2 4 1 34 3 32 4 31 5 30
3 2 1 21 5 20
4 1 5 42
5 3 1 43 2 39 5 43
6 3 2 35 4 34 5 39
7 3 1 16 4 19 5 15
8 2 3 43 4 44
9 2 1 39 4 44
10 4 2 21 3 21 4 24 5 20
11 4 2 37 3 40 4 43 5 38
12 1 5 46
13 3 3 14 4 20 5 17
14 2 1 20 5 16
15 3 2 15 3 15 5 20
16 2 1 25 4 28
17 2 1 11 2 12
18 2 4 7 5 9
19 1 4 32
20 end
