1 5 19
out
0 (9,6) 2 3
1 4 5
2 4 5
3 4
4 18
5 (15,17) 
6 7
7 8
8 1
9 10 11 13
10 1
11 12
12 10
13 14
14 10
15 16
16 18
17 18
in
1 (8,10)
18 (16,17)
info
0 start
1 2 4 46 5 45
2 4 2 10 3 14 4 14 5 10
3 4 1 29 2 28 3 27 5 26
4 1 4 40
5 3 1 37 3 31 4 33
6 3 1 34 2 30 3 33
7 4 1 29 2 32 3 33 5 31
8 3 2 31 3 33 4 33
9 4 1 28 2 27 4 24 5 28
10 3 3 8 4 11 5 12
11 3 2 12 3 7 5 5
12 4 1 31 2 30 3 30 4 30
13 2 2 22 4 23
14 3 3 29 4 24 5 25
15 4 1 39 2 32 4 32 5 32
16 3 2 37 4 39 5 40
17 3 1 16 3 17 5 15
18 end
