1 5 20
out
0 (7,3,4) 2
1 19
2 19
3 (15,16) 
4 5
5 (9,11,12) 
6 1
7 8
8 1
9 10
10 6
11 6
12 13
13 6
14 1
15 14
16 17
17 18
18 14
in
1 (8,6,14)
6 (10,11,13)
14 (15,18)
info
0 start
1 1 5 35
2 3 2 40 4 38 5 39
3 4 1 34 3 31 4 35 5 35
4 3 3 31 4 38 5 34
5 2 3 17 4 16
6 3 1 41 2 44 4 41
7 3 2 40 3 40 4 34
8 1 2 22
9 1 3 23
10 3 3 31 4 31 5 34
11 2 2 18 4 15
12 3 3 29 4 31 5 34
13 2 2 42 5 35
14 supernode
15 3 1 29 2 32 4 35
16 5 1 13 2 10 3 16 4 15 5 18
17 4 2 33 3 37 4 31 5 36
18 4 1 16 2 25 3 18 4 22
19 end
