1 5 22
out
0 1 2 3
1 4 5 7
2 8 5 6
3 4 5 6
4 (9,11,13) 
5 (16,17) 
6 21
7 21
8 21
9 10
10 21
11 12
12 21
13 14
14 21
15 21
16 15
17 18 19 20
18 15
19 18
20 18
in
21 (10,12,14)
15 (16,18)
info
0 start
1 2 2 17 4 16
2 3 2 29 3 29 5 36
3 2 2 41 5 46
4 1 2 31
5 4 2 9 3 7 4 11 5 8
6 2 1 22 5 23
7 2 1 35 2 38
8 2 4 34 5 31
9 4 2 41 3 35 4 37 5 39
10 1 5 39
11 3 2 14 4 11 5 16
12 1 5 20
13 1 2 33
14 3 2 26 3 27 4 20
15 supernode
16 2 3 15 4 13
17 2 4 44 5 39
18 3 1 40 4 40 5 33
19 4 1 42 2 45 4 44 5 36
20 4 1 20 3 14 4 19 5 15
21 end
