1 5 21
out
0 1 2 3
1 4
2 4
3 4
4 (8,5,6) 
5 (10,19) 
6 7
7 20
8 20
9 20
10 17 11 12 14
11 18
12 13
13 11
14 15
15 16
16 11
17 11
18 9
19 9
in
20 (7,8,9)
9 (18,19)
info
0 start
1 3 2 29 3 32 5 36
2 1 2 42
3 2 1 15 2 16
4 4 2 35 3 35 4 39 5 39
5 3 2 37 4 39 5 38
6 3 1 21 4 14 5 13
7 3 2 15 4 13 5 15
8 4 1 26 3 34 4 35 5 30
9 supernode
10 2 2 43 3 39
11 1 4 33
12 4 2 27 3 26 4 24 5 27
13 1 2 19
14 3 1 30 2 34 3 34
15 3 2 17 3 16 4 23
16 4 1 13 2 14 3 13 5 20
17 4 1 34 2 33 3 32 4 27
18 3 2 42 4 40 5 39
19 2 2 12 4 8
20 end
