1 5 21
out
0 1 2 3 4
1 8 5
2 7
3 5 7
4 8 6
5 (9,11,14) 
6 (16,18) 
7 20
8 20
9 10
10 20
11 12
12 13
13 20
14 20
15 20
16 17
17 15
18 19
19 15
in
20 (10,13,14)
15 (17,19)
info
0 start
1 3 1 32 2 30 4 30
2 2 1 14 5 13
3 3 2 46 3 45 4 36
4 2 2 47 4 42
5 2 2 25 4 27
6 3 3 22 4 26 5 21
7 4 1 30 2 34 3 25 4 27
8 4 1 46 2 45 3 46 4 45
9 3 1 29 2 34 5 31
10 2 1 45 4 41
11 5 1 28 2 28 3 28 4 29 5 34
12 3 1 49 2 47 3 44
13 3 1 9 3 14 4 11
14 1 2 30
15 supernode
16 2 4 25 5 32
17 1 5 42
18 3 1 13 2 11 3 6
19 3 2 27 3 24 5 31
20 end
