1 5 22
out
0 1 2 3 4
1 (7,8,5) 
2 21
3 21
4 21
5 (9,17) 
6 21
7 21
8 21
9 10 11 14
10 6
11 (18,20) 
12 13
13 10
14 15
15 16
16 10
17 6
18 19
19 12
20 12
in
21 (7,8,6)
6 (17,10)
12 (19,20)
info
0 start
1 1 3 20
2 1 3 37
3 2 4 21 5 22
4 4 1 48 2 49 3 42 4 41
5 3 2 13 3 13 5 14
6 3 1 30 3 36 4 40
7 3 1 49 2 49 4 41
8 4 1 40 2 39 4 36 5 38
9 3 2 43 3 41 5 40
10 3 1 13 4 14 5 14
11 1 3 14
12 3 1 15 4 11 5 16
13 3 3 36 4 35 5 36
14 2 3 40 5 36
15 3 1 12 3 15 4 13
16 3 1 12 2 17 5 11
17 2 1 30 5 25
18 3 2 15 4 9 5 14
19 2 2 19 5 20
20 3 1 30 2 33 4 33
21 end
