1 5 22
out
0 1 2 3 4
1 5 6
2 5
3 5 6
4 (20,10,12) 
5 9
6 8 9 7
7 21
8 21
9 21
10 11
11 6
12 13
13 15 16 17 14
14 6
15 14
16 14
17 18
18 19
19 14
20 6
in
6 (11,20,14)
info
0 start
1 2 2 41 3 45
2 4 1 7 2 11 3 6 4 13
3 5 1 32 2 29 3 27 4 32 5 28
4 2 1 30 4 27
5 1 2 39
6 1 2 23
7 5 1 15 2 16 3 16 4 18 5 17
8 3 1 24 2 26 4 18
9 2 1 36 3 36
10 2 1 26 2 20
11 3 1 19 4 15 5 16
12 2 2 32 3 36
13 2 2 39 3 39
14 2 1 39 4 38
15 1 2 45
16 4 2 37 3 35 4 39 5 39
17 5 1 14 2 17 3 14 4 17 5 12
18 3 1 10 2 11 4 15
19 2 1 19 5 9
20 2 3 31 4 33
21 end
