1 5 22
out
0 (5,6) 1 3
1 4
2 4
3 4
4 (7,8,17) 
5 2
6 2
7 21
8 9 10 11 14
9 (19,20) 
10 9
11 12
12 13
13 9
14 15
15 16
16 9
17 21
18 21
19 18
20 18
in
2 (5,6)
21 (7,17,18)
18 (19,20)
info
0 start
1 2 4 42 5 41
2 2 4 37 5 35
3 2 2 17 4 16
4 2 1 8 3 10
5 1 3 16
6 3 3 39 4 35 5 39
7 2 3 16 5 24
8 3 3 38 4 44 5 40
9 4 2 13 3 11 4 13 5 8
10 3 1 17 3 19 5 17
11 4 1 19 2 17 3 11 4 15
12 3 1 42 2 40 4 46
13 4 1 45 2 46 3 44 4 46
14 2 1 14 5 14
15 2 1 31 3 31
16 4 1 22 2 25 3 28 5 26
17 4 1 37 2 37 3 39 4 36
18 supernode
19 3 2 36 3 36 5 36
20 2 2 41 5 37
21 end
