1 5 21
out
0 (10,12,14) 1
1 (9,3) 
2 20
3 7 4 5
4 20
5 6
6 4
7 8
8 4
9 20
10 11
11 2
12 13
13 2
14 15 16 18 19
15 2
16 17
17 15
18 15
19 15
in
20 (9,4)
2 (15,11,13)
info
0 start
1 4 1 34 2 27 4 37 5 30
2 2 1 18 2 11
3 4 1 41 2 41 3 36 5 39
4 3 2 23 4 20 5 17
5 1 3 20
6 2 1 29 3 22
7 4 1 36 3 30 4 32 5 36
8 2 3 37 5 35
9 1 3 34
10 4 1 17 2 8 4 10 5 14
11 3 1 12 2 18 3 11
12 1 5 22
13 2 3 32 4 30
14 3 1 19 4 24 5 20
15 3 1 24 3 24 5 23
16 2 2 21 4 24
17 3 1 33 2 29 3 32
18 4 1 30 2 34 3 33 4 30
19 4 1 13 2 7 3 11 5 8
20 end
