1 5 21
out
0 1 2
1 (18,3,19) 
2 20
3 7 10 4 5
4 15 16 13 14
5 6
6 4
7 8
8 9
9 4
10 11
11 12
12 4
13 20
14 13
15 13
16 17
17 13
18 20
19 20
in
20 (18,19,13)
info
0 start
1 3 1 26 3 21 5 27
2 1 3 27
3 3 1 31 2 25 5 30
4 2 4 43 5 39
5 3 1 28 2 25 4 29
6 2 1 25 2 32
7 4 1 32 2 33 3 37 4 36
8 1 2 22
9 5 1 48 2 44 3 46 4 47 5 42
10 4 1 34 2 41 4 37 5 39
11 1 4 36
12 4 2 32 3 28 4 38 5 30
13 3 2 19 3 19 5 20
14 3 1 30 4 32 5 35
15 4 1 23 2 23 4 23 5 25
16 2 1 24 4 21
17 5 1 37 2 39 3 32 4 38 5 37
18 3 1 48 2 48 3 47
19 2 2 16 5 19
20 end
