1 5 20
out
0 1 2 3 4 6
1 5
2 8
3 8 7
4 5 7
5 19
6 19
7 (9,10) 
8 19
9 (12,13,14) 
10 19
11 19
12 11
13 11
14 (16,17) 
15 11
16 15
17 18
18 15
in
19 (10,11)
11 (15,12,13)
15 (16,18)
info
0 start
1 4 1 30 2 34 4 34 5 33
2 4 2 30 3 30 4 29 5 26
3 1 2 32
4 1 4 21
5 4 1 18 2 13 3 13 4 17
6 2 2 21 3 16
7 3 2 25 4 23 5 27
8 3 1 21 2 19 3 18
9 3 2 28 3 27 4 27
10 2 3 38 4 36
11 supernode
12 4 1 27 2 31 3 28 5 32
13 2 1 27 2 25
14 3 3 18 4 20 5 22
15 4 1 17 3 10 4 14 5 18
16 2 2 41 4 33
17 5 1 16 2 19 3 16 4 19 5 16
18 2 1 18 2 23
19 end
