1 5 21
out
0 1 2
1 20
2 (7,3,4) 
3 20
4 5
5 6
6 (9,10,19) 
7 20
8 20
9 8
10 15 11 12
11 18
12 13
13 14
14 11
15 16
16 17
17 11
18 8
19 8
in
20 (7,8,3)
8 (9,18,19)
info
0 start
1 3 1 17 4 23 5 17
2 1 2 28
3 2 1 32 5 37
4 5 1 31 2 38 3 34 4 36 5 32
5 1 4 35
6 5 1 40 2 43 3 45 4 42 5 40
7 2 1 14 5 14
8 supernode
9 1 2 14
10 2 1 15 5 10
11 2 1 18 5 22
12 3 2 31 3 36 4 34
13 3 2 22 3 19 4 20
14 4 1 13 2 16 3 11 5 15
15 2 3 37 5 34
16 3 2 30 4 22 5 21
17 2 3 26 4 23
18 3 1 27 3 23 5 22
19 2 1 28 2 22
20 end
