1 5 22
out
0 1 2 3
1 21
2 (9,20,4) 
3 21
4 7 5 6
5 21
6 5
7 8
8 5
9 17 10 11 14
10 19
11 12
12 13
13 10
14 15
15 16
16 10
17 18
18 10
19 21
20 21
in
21 (19,20,5)
info
0 start
1 4 1 16 2 19 3 22 4 17
2 5 1 24 2 24 3 30 4 30 5 29
3 4 1 10 2 7 3 11 5 12
4 4 1 22 2 22 4 19 5 20
5 2 4 27 5 20
6 4 1 30 2 36 4 31 5 34
7 2 2 23 4 21
8 5 1 21 2 26 3 29 4 25 5 21
9 2 1 44 4 40
10 2 1 21 3 27
11 4 1 21 2 24 3 25 4 16
12 5 1 23 2 21 3 21 4 15 5 23
13 4 2 28 3 30 4 30 5 25
14 3 2 17 3 15 4 13
15 2 2 8 5 12
16 3 3 20 4 22 5 24
17 3 1 30 2 31 5 30
18 3 2 31 3 35 4 31
19 2 3 26 4 29
20 4 2 24 3 26 4 22 5 23
21 end
