1 5 22
out
0 1 2 3 4
1 (17,20,14) 9 6
2 8 6 7
3 9 6 7
4 5
5 10 12 13
6 10
7 11 12 13
8 10 13
9 11 12
10 21
11 21
12 21
13 21
14 15
15 16
16 7
17 18
18 19
19 7
20 7
in
7 (16,19,20)
info
0 start
1 1 1 23
2 2 2 45 3 43
3 4 2 15 3 9 4 15 5 13
4 2 1 38 4 41
5 1 5 39
6 4 1 40 2 41 3 42 5 36
7 2 3 29 5 30
8 3 1 32 3 35 4 38
9 3 1 21 2 25 3 20
10 3 1 39 2 39 3 43
11 2 1 28 4 34
12 2 1 33 3 36
13 2 3 20 4 22
14 5 1 43 2 37 3 41 4 40 5 37
15 3 2 39 4 38 5 32
16 1 4 11
17 2 3 35 4 35
18 2 3 26 4 26
19 3 1 19 2 19 4 14
20 3 1 33 2 33 4 29
21 end
