1 5 22
out
0 1 2 3 4 5 12 14
1 8
2 8 9 6
3 8 9 6
4 6 7
5 8 9 6
6 13
7 10 13 15
8 10 15
9 10 11
10 18
11 18
12 16 18 19
13 16 17 18
14 17 18 19
15 18 19 20
16 21
17 21
18 21
19 21
20 21
in
info
0 start
1 2 1 22 2 20
2 4 1 13 3 14 4 16 5 16
3 3 3 31 4 31 5 28
4 4 1 16 2 18 3 17 4 19
5 2 1 18 2 21
6 2 2 39 4 41
7 3 1 39 3 42 5 38
8 4 1 37 2 35 3 34 5 40
9 3 2 25 4 25 5 31
10 2 2 19 3 16
11 2 1 27 2 28
12 2 3 34 4 32
13 4 1 21 3 23 4 17 5 16
14 1 4 45
15 3 1 23 3 23 5 23
16 2 2 32 4 32
17 3 2 43 3 36 5 42
18 1 5 31
19 3 2 44 3 42 4 42
20 2 4 40 5 42
21 end
