1 5 21
out
0 (16,18,13) 1
1 3 4 5
2 (7,6) 3 4
3 20
4 (9,11,12) 
5 20
6 5
7 8
8 5
9 10
10 20
11 20
12 20
13 14
14 15
15 2
16 17
17 2
18 19
19 2
in
5 (8,6)
20 (10,11,12)
2 (15,17,19)
info
0 start
1 3 1 31 2 34 4 39
2 2 3 36 4 31
3 2 2 20 3 24
4 2 2 31 5 32
5 3 1 19 4 17 5 22
6 1 1 36
7 3 2 30 3 22 5 26
8 2 3 13 5 13
9 3 1 25 3 29 4 25
10 3 1 13 2 16 5 16
11 3 3 33 4 36 5 35
12 2 3 36 5 39
13 3 2 25 3 19 4 19
14 2 1 15 3 16
15 2 1 35 3 32
16 3 2 37 4 40 5 31
17 2 1 38 5 34
18 2 3 23 4 32
19 1 2 11
20 end
