1 5 22
out
0 1 2 3 4 5
1 9 10 7
2 10
3 8
4 8 9 6
5 6
6 12 13
7 13
8 11 12
9 14
10 (18,19) 11 14
11 (15,17) 
12 21
13 21
14 21
15 16
16 21
17 21
18 13
19 20
20 13
in
21 (16,17)
13 (18,20)
info
0 start
1 4 2 17 3 16 4 17 5 16
2 2 1 40 3 43
3 2 3 35 5 25
4 3 3 9 4 11 5 9
5 2 1 11 3 19
6 4 1 20 2 22 3 19 4 16
7 2 3 32 5 33
8 2 3 12 4 18
9 3 2 23 4 27 5 22
10 3 1 29 2 30 5 28
11 1 1 14
12 4 2 11 3 14 4 15 5 13
13 4 2 23 3 22 4 25 5 18
14 2 1 18 5 12
15 3 1 7 2 7 4 13
16 3 1 25 3 23 5 27
17 3 1 43 3 42 5 41
18 2 1 41 2 34
19 2 3 42 4 45
20 1 4 38
21 end
