1 5 21
out
0 1 2 3 4
1 5 6
2 (12,14) 5
3 20
4 (10,11) 
5 (7,8) 
6 20
7 20
8 20
9 20
10 9
11 9
12 13
13 6
14 15
15 16 17 18
16 6
17 16
18 19
19 16
in
20 (7,8)
9 (10,11)
6 (16,13)
info
0 start
1 2 2 15 4 13
2 2 3 33 5 38
3 4 1 13 3 12 4 13 5 13
4 3 1 22 4 16 5 15
5 3 3 24 4 23 5 17
6 3 1 9 3 10 5 13
7 2 1 17 3 23
8 2 3 7 4 7
9 supernode
10 5 1 43 2 39 3 40 4 35 5 36
11 3 2 34 4 30 5 24
12 1 1 20
13 2 2 44 5 44
14 4 1 22 2 32 3 26 5 29
15 2 2 39 3 46
16 3 1 26 3 27 5 26
17 2 1 24 3 21
18 3 1 9 2 11 3 8
19 2 2 27 5 30
20 end
