1 5 21
out
0 (15,17,19) 1 2
1 4 6
2 (7,8,14) 4 6
3 5 6
4 20
5 20
6 20
7 5
8 9 10 12
9 13
10 11
11 9
12 9
13 5
14 5
15 16
16 3
17 18
18 3
19 3
in
5 (7,13,14)
3 (16,18,19)
info
0 start
1 3 2 34 4 31 5 33
2 2 2 21 4 17
3 2 2 41 5 39
4 1 2 6
5 2 1 31 4 28
6 2 2 36 4 31
7 2 2 42 5 48
8 4 1 29 2 35 3 30 5 31
9 4 2 39 3 33 4 35 5 35
10 2 3 47 5 43
11 3 1 17 3 17 4 16
12 4 1 35 2 30 3 31 4 32
13 2 3 22 5 12
14 1 4 41
15 2 1 38 3 42
16 4 1 27 2 25 3 28 4 28
17 2 1 28 2 22
18 4 1 19 2 20 3 23 5 23
19 2 1 38 4 44
20 end
