1 5 21
out
0 1 2 3
1 (11,4) 
2 20
3 20
4 (15,12,13) 
5 7 9 6
6 20
7 (16,19) 
8 6
9 10
10 6
11 20
12 5
13 14
14 5
15 5
16 17
17 18
18 8
19 8
in
20 (11,6)
5 (15,12,14)
8 (18,19)
info
0 start
1 3 1 21 2 27 4 25
2 3 2 37 3 35 5 37
3 2 4 20 5 14
4 3 1 20 2 22 4 22
5 3 1 30 2 35 3 32
6 4 1 13 3 12 4 9 5 11
7 4 1 14 2 19 3 17 4 20
8 2 1 30 5 36
9 3 1 31 2 30 3 23
10 3 3 42 4 41 5 42
11 1 3 39
12 3 1 16 2 18 5 17
13 2 3 42 5 41
14 3 1 40 3 36 4 40
15 2 3 22 4 23
16 2 4 35 5 34
17 5 1 36 2 31 3 37 4 33 5 37
18 4 2 26 3 25 4 32 5 33
19 3 1 11 2 16 5 9
20 end
