1 5 21
out
0 1 2 3 4
1 5
2 8 5 6
3 7
4 (9,11) 6 7
5 20
6 20
7 20
8 20
9 10
10 8
11 12
12 13
13 (15,18) 
14 8
15 16
16 17
17 14
18 19
19 14
in
8 (10,14)
14 (17,19)
info
0 start
1 3 3 18 4 19 5 16
2 3 1 18 2 16 3 20
3 3 2 35 4 36 5 41
4 4 1 41 2 34 3 40 5 39
5 5 1 17 2 19 3 24 4 20 5 18
6 4 2 34 3 35 4 39 5 42
7 4 2 33 3 34 4 35 5 37
8 2 1 43 4 39
9 2 4 34 5 39
10 2 4 24 5 20
11 1 2 35
12 2 3 37 4 39
13 5 1 27 2 28 3 29 4 29 5 26
14 supernode
15 2 2 16 4 14
16 2 1 36 5 35
17 3 1 27 3 29 4 25
18 1 4 16
19 2 3 18 4 15
20 end
