1 5 22
out
0 1 2
1 3 6
2 4 5
3 21
4 21
5 21
6 (7,10) 
7 8
8 9
9 21
10 (20,12) 
11 21
12 13
13 15 17 14
14 11
15 16
16 14
17 18
18 19
19 14
20 11
in
21 (9,11)
11 (20,14)
info
0 start
1 1 1 9
2 2 3 42 4 37
3 3 1 25 2 24 4 29
4 3 1 28 2 31 5 31
5 3 2 19 3 26 4 26
6 3 1 16 2 20 4 23
7 3 1 30 2 28 3 27
8 3 1 18 2 13 4 17
9 3 1 30 3 33 5 28
10 3 1 39 2 34 5 39
11 supernode
12 3 3 21 4 17 5 24
13 3 2 17 4 14 5 18
14 4 1 22 3 25 4 30 5 24
15 2 3 25 4 29
16 3 1 9 2 19 4 18
17 2 1 29 3 27
18 1 2 26
19 3 3 20 4 14 5 15
20 1 2 16
21 end
