1 5 20
out
0 1 2 3 4 17 18
1 6 7
2 5 7
3 5 6 7
4 5 6 7
5 9 10
6 9 10 11
7 8
8 16
9 12
10 13 14 15
11 16 14 15
12 19
13 19
14 19
15 19
16 19
17 19
18 19
in
info
0 start
1 3 2 7 3 15 5 11
2 1 3 30
3 3 1 41 3 43 5 42
4 3 3 39 4 45 5 40
5 3 1 33 2 39 5 35
6 3 1 37 3 34 5 39
7 3 3 45 4 38 5 39
8 2 2 24 5 27
9 3 1 36 2 40 4 34
10 3 1 27 2 27 4 21
11 3 2 17 3 14 5 11
12 2 3 11 4 12
13 1 4 23
14 3 1 17 3 17 5 19
15 4 1 29 2 29 3 33 4 32
16 3 1 37 4 36 5 34
17 5 1 29 2 26 3 25 4 23 5 29
18 4 2 10 3 15 4 10 5 13
19 end
