1 5 21
out
0 1 2 3 4
1 7
2 5 6
3 (8,10,11) 
4 7
5 20
6 20
7 20
8 (12,13) 
9 6
10 6
11 6
12 (15,17,19) 
13 9
14 9
15 16
16 14
17 18
18 14
19 14
in
6 (9,10,11)
9 (13,14)
14 (16,18,19)
info
0 start
1 1 5 45
2 1 3 24
3 3 3 39 4 37 5 37
4 2 2 45 3 41
5 4 1 41 2 39 3 31 5 36
6 2 1 13 4 13
7 3 2 13 3 14 4 20
8 3 1 39 3 39 5 37
9 1 3 23
10 4 2 33 3 31 4 31 5 29
11 3 2 31 3 33 4 32
12 2 2 27 3 21
13 3 2 30 3 29 4 31
14 supernode
15 4 1 47 3 41 4 42 5 42
16 2 1 36 5 39
17 1 2 31
18 2 2 22 3 25
19 4 1 36 3 33 4 37 5 41
20 end
