1 5 21
out
0 1 2 3 9 11 14
1 5 6
2 4 6 7
3 4 6
4 10 13
5 10 12 13
6 8
7 13
8 16
9 17
10 16
11 18 19 15
12 17 19
13 16 18
14 18
15 20
16 20
17 20
18 20
19 20
in
info
0 start
1 2 1 34 3 31
2 4 1 12 2 9 3 13 5 7
3 2 2 15 3 13
4 4 1 30 2 26 3 25 5 29
5 2 1 39 4 38
6 4 2 41 3 39 4 40 5 44
7 4 2 32 3 33 4 35 5 37
8 2 1 38 3 40
9 2 2 39 5 39
10 2 1 40 3 37
11 3 1 17 4 25 5 25
12 3 2 27 3 33 5 31
13 4 2 20 3 23 4 22 5 25
14 2 1 29 4 30
15 2 3 31 4 38
16 3 1 14 2 7 4 11
17 2 2 17 3 18
18 3 1 21 2 22 5 22
19 2 1 34 4 27
20 end
