1 5 21
out
0 1 2 3 7 8
1 5
2 5
3 4 5 6
4 9 11
5 9 10 11
6 9 10 11
7 (15,17) 10
8 (12,13) 
9 20
10 20
11 20
12 9
13 14
14 9
15 16
16 11
17 18
18 19
19 11
in
9 (12,14)
11 (16,19)
info
0 start
1 2 1 9 2 9
2 2 1 29 3 35
3 2 2 35 4 34
4 3 1 41 2 37 4 40
5 2 1 38 5 38
6 5 1 41 2 38 3 39 4 46 5 39
7 3 1 10 2 15 5 9
8 3 1 35 2 32 4 32
9 2 3 17 4 18
10 3 2 14 3 12 5 15
11 1 3 33
12 2 1 17 3 18
13 2 1 18 2 17
14 2 2 18 4 22
15 1 5 22
16 2 4 19 5 21
17 3 3 27 4 30 5 27
18 3 1 32 4 31 5 34
19 1 4 35
20 end
