1 5 20
out
0 1 2 3 5
1 6 7
2 4 6 7
3 4 6 7
4 19
5 19
6 19
7 (15,8,16) 
8 (17,18) 9 11 12
9 19
10 9
11 9
12 13
13 14
14 9
15 19
16 19
17 10
18 10
in
19 (15,16,9)
10 (17,18)
info
0 start
1 3 2 28 3 28 4 27
2 4 1 25 2 17 3 18 4 18
3 3 1 9 2 9 4 14
4 2 4 15 5 8
5 2 1 21 2 21
6 5 1 47 2 41 3 43 4 41 5 44
7 3 1 25 3 26 5 31
8 2 1 16 2 17
9 3 1 17 2 17 4 21
10 2 4 17 5 17
11 3 1 29 4 24 5 21
12 3 1 8 4 11 5 10
13 2 1 24 3 23
14 2 1 41 4 39
15 4 1 31 2 34 3 32 4 29
16 4 1 14 2 17 3 13 4 13
17 2 4 41 5 37
18 2 3 13 4 14
19 end
