1 5 21
out
0 1 2 3 4 7 15 19
1 10
2 8
3 8 9 5
4 9 5 6
5 11 13
6 11 12 13
7 11 12 13
8 11 13
9 11 12 13
10 11 13
11 17
12 17
13 16 18 14
14 20
15 20
16 20
17 20
18 20
19 20
in
info
0 start
1 2 3 46 5 45
2 3 3 32 4 26 5 32
3 3 1 42 3 38 5 39
4 2 2 30 3 32
5 3 2 9 3 12 4 10
6 3 1 34 2 34 5 39
7 1 3 21
8 3 2 39 4 34 5 38
9 4 1 35 2 33 3 33 5 32
10 3 2 24 3 23 4 18
11 2 4 31 5 33
12 1 3 44
13 2 2 28 4 33
14 2 1 14 4 11
15 2 1 20 4 20
16 3 2 18 3 16 4 18
17 1 2 30
18 2 3 13 5 17
19 4 1 20 3 23 4 18 5 28
20 end
