1 5 19
out
0 (8,10,11) 1 3
1 18
2 (16,13) 
3 (4,5,6) 
4 18
5 18
6 7
7 18
8 9
9 2
10 2
11 2
12 18
13 14
14 15
15 12
16 17
17 12
in
18 (7,4,5)
2 (9,10,11)
12 (15,17)
info
0 start
1 3 3 42 4 42 5 46
2 1 3 27
3 4 1 22 3 28 4 27 5 28
4 4 1 26 3 26 4 22 5 27
5 4 2 16 3 14 4 14 5 16
6 5 1 20 2 24 3 17 4 18 5 23
7 3 1 35 4 42 5 41
8 2 1 12 2 16
9 3 1 34 3 38 4 36
10 1 2 13
11 4 2 39 3 36 4 34 5 38
12 supernode
13 3 2 33 4 36 5 32
14 5 1 43 2 40 3 42 4 38 5 40
15 3 1 42 3 42 4 39
16 4 1 18 2 22 3 22 4 19
17 1 2 38
18 end
