1 5 21
out
0 1 2 3
1 4
2 (10,12) 
3 (7,8,5) 
4 20
5 6
6 20
7 20
8 20
9 20
10 (17,18,14) 
11 9
12 13
13 9
14 15
15 16
16 11
17 11
18 19
19 11
in
20 (7,8,6)
9 (11,13)
11 (16,17,19)
info
0 start
1 3 2 36 3 36 4 38
2 2 2 41 3 43
3 3 1 27 4 30 5 27
4 1 3 10
5 4 2 28 3 29 4 34 5 33
6 4 1 28 2 28 3 21 5 28
7 2 1 20 5 21
8 3 2 18 4 26 5 25
9 supernode
10 3 1 33 2 37 3 32
11 5 1 10 2 15 3 11 4 19 5 16
12 3 2 36 3 33 5 38
13 4 1 39 2 43 4 41 5 42
14 3 2 23 3 15 4 23
15 4 1 19 2 23 3 18 5 21
16 2 1 31 3 28
17 3 1 25 3 27 4 31
18 3 1 13 2 13 4 14
19 2 1 36 2 34
20 end
