1 5 21
out
0 1 2 3 4 5 6
1 9
2 8
3 8 9
4 8 9 7
5 8 9 7
6 8 9
7 11
8 (17,14) 11
9 10 12 13
10 20
11 20
12 20
13 20
14 15
15 16
16 10
17 18
18 19
19 10
in
10 (16,19)
info
0 start
1 2 2 27 5 20
2 2 3 31 4 25
3 3 2 42 3 41 4 39
4 2 2 33 4 28
5 4 1 43 2 48 3 40 4 39
6 4 2 27 3 19 4 22 5 25
7 3 2 15 3 11 4 19
8 4 2 31 3 28 4 25 5 27
9 1 3 9
10 3 2 41 3 38 5 44
11 3 1 11 3 7 5 7
12 3 2 11 3 16 5 16
13 5 1 19 2 12 3 13 4 18 5 20
14 4 2 10 3 17 4 17 5 18
15 3 1 29 3 31 4 31
16 1 2 23
17 1 3 29
18 2 3 40 5 43
19 3 1 21 2 20 5 24
20 end
