1 5 22
out
0 (8,6) 2 3
1 4 5
2 4 5
3 4 5
4 21
5 (9,10,11) 
6 7
7 1
8 (15,17,20) 
9 21
10 21
11 12
12 13
13 21
14 1
15 16
16 14
17 18
18 19
19 14
20 14
in
1 (7,14)
21 (9,10,13)
14 (16,19,20)
info
0 start
1 4 1 21 2 26 4 25 5 24
2 1 2 37
3 2 1 18 5 14
4 2 1 39 2 44
5 3 1 13 2 8 3 10
6 4 1 22 2 18 4 15 5 15
7 3 1 9 4 9 5 13
8 3 3 20 4 18 5 16
9 2 2 13 4 17
10 1 5 37
11 3 2 18 3 17 5 18
12 3 1 33 2 30 5 35
13 2 4 9 5 9
14 supernode
15 2 1 19 2 20
16 3 1 30 2 26 5 28
17 1 4 47
18 3 1 36 3 36 5 36
19 4 1 36 2 37 4 30 5 33
20 2 1 34 2 36
21 end
