1 5 22
out
0 1 2 3
1 4
2 (12,13) 
3 4
4 (5,6) 
5 (8,10) 
6 21
7 21
8 9
9 7
10 11
11 7
12 4
13 15 17 18 14
14 4
15 16
16 14
17 14
18 19
19 20
20 14
in
21 (7,6)
7 (9,11)
4 (12,14)
info
0 start
1 3 1 17 2 19 3 21
2 2 1 33 2 41
3 5 1 11 2 13 3 6 4 11 5 15
4 4 1 33 2 32 3 30 5 35
5 3 1 40 3 38 5 40
6 2 2 40 4 44
7 supernode
8 3 1 24 3 25 5 23
9 4 1 21 2 21 3 27 5 23
10 2 4 39 5 37
11 3 1 15 4 19 5 16
12 4 1 24 2 21 4 26 5 28
13 1 1 34
14 3 1 40 3 40 5 41
15 1 5 22
16 3 1 29 2 26 3 30
17 2 2 38 5 37
18 4 2 24 3 30 4 26 5 27
19 4 1 26 2 29 4 26 5 35
20 4 2 21 3 20 4 19 5 19
21 end
