1 5 20
out
0 1 2
1 3 4
2 (7,5) 4
3 19
4 (8,13,14) 
5 6
6 3
7 3
8 9 10 11
9 (16,17,18) 
10 9
11 12
12 9
13 19
14 19
15 19
16 15
17 15
18 15
in
3 (7,6)
19 (15,13,14)
15 (16,17,18)
info
0 start
1 3 1 37 2 33 5 36
2 3 1 15 2 19 5 19
3 4 1 34 2 37 3 41 5 35
4 2 2 17 5 16
5 1 1 17
6 2 3 42 5 39
7 2 2 16 4 17
8 4 1 38 2 38 4 40 5 43
9 2 2 33 3 30
10 4 1 27 2 30 3 27 5 26
11 3 2 37 3 37 4 32
12 4 1 36 3 36 4 42 5 40
13 4 1 24 2 31 3 25 4 30
14 3 1 18 4 18 5 23
15 supernode
16 2 2 24 3 23
17 3 1 28 2 24 4 22
18 3 1 14 2 8 5 14
19 end
