1 5 21
out
0 (3,4,6) 1
1 (17,18) 
2 20
3 2
4 5
5 2
6 (15,16) 
7 8 9 12
8 2
9 10
10 11
11 8
12 13
13 14
14 8
15 7
16 7
17 20
18 19
19 20
in
2 (8,3,5)
7 (15,16)
20 (17,19)
info
0 start
1 4 1 29 3 20 4 22 5 23
2 2 2 41 5 39
3 4 1 20 2 18 4 22 5 17
4 3 1 43 4 47 5 43
5 5 1 29 2 30 3 32 4 28 5 32
6 2 3 26 4 24
7 4 1 25 2 23 4 26 5 25
8 1 5 38
9 4 2 21 3 26 4 27 5 25
10 2 1 24 4 29
11 3 1 42 4 40 5 43
12 1 1 21
13 1 3 36
14 2 3 34 4 30
15 4 1 10 2 9 4 9 5 15
16 3 3 18 4 17 5 19
17 1 3 36
18 3 1 6 2 10 4 6
19 2 1 13 2 10
20 end
