1 5 22
out
0 1 2 3 4 5 7 9 12 19
1 10 6
2 8 11
3 6
4 10
5 13
6 16 13
7 13
8 16 13 14
9 15
10 13
11 16 15
12 16 13 14
13 18 20
14 20
15 17 18 20
16 20
17 21
18 21
19 21
20 21
in
info
0 start
1 5 1 20 2 22 3 19 4 18 5 17
2 3 1 41 2 41 4 36
3 2 2 43 5 37
4 2 4 25 5 22
5 4 1 38 2 40 3 33 4 40
6 2 2 42 4 46
7 3 2 24 4 22 5 19
8 4 1 41 2 40 3 45 5 42
9 4 1 13 2 16 3 12 5 14
10 2 4 33 5 38
11 1 3 34
12 3 1 19 2 13 3 13
13 3 1 23 3 26 5 30
14 2 2 33 3 30
15 5 1 27 2 22 3 24 4 24 5 27
16 4 1 26 2 25 4 27 5 29
17 4 1 9 2 10 3 14 4 10
18 2 1 26 2 32
19 1 1 20
20 3 1 18 4 17 5 17
21 end
