1 5 22
out
0 1 2 3 4 8 9 11
1 5 6
2 6 7
3 6
4 5 7
5 (15,17,19) 10 12
6 13 14
7 13
8 13
9 14
10 21
11 21
12 21
13 21
14 21
15 16
16 13
17 18
18 13
19 20
20 13
in
13 (16,18,20)
info
0 start
1 4 1 27 2 25 3 22 5 27
2 4 2 27 3 29 4 23 5 22
3 2 3 15 4 17
4 3 1 33 2 34 3 31
5 1 4 26
6 1 1 19
7 2 1 15 3 22
8 2 3 47 5 48
9 2 3 23 4 20
10 3 2 15 3 20 4 19
11 3 1 29 4 27 5 30
12 2 1 12 4 12
13 2 4 17 5 9
14 2 1 19 4 16
15 4 1 40 3 40 4 39 5 43
16 2 1 15 2 12
17 2 3 16 5 16
18 4 1 50 2 45 3 46 4 40
19 2 1 45 4 46
20 2 2 43 3 41
21 end
