1 5 22
out
0 1 2 5
1 3 4 6
2 (10,13) 
3 8 9 7
4 8 9 7
5 (17,20) 9 7
6 8 9
7 21
8 21
9 21
10 (16,14) 
11 12
12 3
13 3
14 15
15 11
16 11
17 18
18 19
19 8
20 8
in
3 (12,13)
11 (15,16)
8 (19,20)
info
0 start
1 3 1 26 3 25 5 26
2 4 1 17 2 19 4 14 5 17
3 3 1 16 4 14 5 10
4 3 2 36 3 34 5 33
5 3 1 19 3 17 5 18
6 2 1 32 5 37
7 3 3 36 4 36 5 36
8 4 1 43 2 42 4 42 5 43
9 1 4 27
10 2 1 25 3 21
11 4 2 18 3 14 4 20 5 17
12 2 1 39 4 40
13 3 2 42 3 37 4 39
14 2 1 21 5 15
15 2 1 15 3 17
16 3 1 21 2 17 3 21
17 3 2 13 3 11 5 15
18 3 1 30 4 31 5 26
19 4 1 19 2 15 3 15 5 14
20 3 1 11 2 13 4 16
21 end
