1 5 20
out
0 (15,14) 1 3 4 6 7
1 (12,13) 
2 11
3 8 9 10
4 8 9 10
5 8 9 10
6 8 10
7 (16,18) 8
8 19
9 19
10 19
11 19
12 5
13 5
14 2
15 2
16 17
17 9
18 9
in
5 (12,13)
2 (15,14)
9 (17,18)
info
0 start
1 5 1 20 2 19 3 24 4 24 5 20
2 1 4 11
3 4 1 39 2 36 3 39 5 32
4 3 1 12 2 8 3 8
5 2 3 30 5 26
6 3 2 42 4 44 5 46
7 4 1 23 3 22 4 27 5 28
8 2 3 19 5 22
9 3 2 15 4 20 5 19
10 2 1 36 5 38
11 4 1 20 2 16 3 23 5 17
12 2 2 23 4 21
13 2 1 33 5 39
14 4 1 19 3 21 4 17 5 21
15 2 1 14 5 14
16 4 1 34 2 35 3 31 5 36
17 3 1 11 2 14 3 17
18 2 2 19 4 22
19 end
