1 5 22
out
0 1 2
1 (3,5,14) 
2 21
3 4
4 21
5 7 10 12 6
6 21
7 8
8 9
9 6
10 11
11 6
12 13
13 6
14 15 16 19 20
15 21
16 17
17 18
18 15
19 15
20 15
in
21 (15,4,6)
info
0 start
1 1 1 9
2 4 1 27 2 28 3 28 5 27
3 3 1 16 2 15 5 15
4 2 3 23 4 31
5 1 2 18
6 4 1 39 2 40 3 40 4 43
7 3 1 38 2 38 4 33
8 3 2 31 3 36 4 32
9 3 2 16 3 16 5 14
10 1 1 12
11 2 3 9 5 10
12 3 2 28 3 31 5 35
13 4 1 31 3 29 4 35 5 29
14 4 1 21 2 25 4 25 5 21
15 2 2 20 3 19
16 1 1 28
17 3 1 14 2 13 3 16
18 4 2 30 3 30 4 34 5 37
19 3 3 39 4 45 5 42
20 2 1 27 3 25
21 end
