1 5 20
out
0 1 2 3 4 5 6 10 12
1 8 9 7
2 7
3 7
4 8 9
5 8 9 7
6 8 9 7
7 13
8 11
9 11 13
10 16 14
11 17
12 18 14 15
13 16 18 15
14 19
15 19
16 19
17 19
18 19
in
info
0 start
1 3 2 33 4 36 5 32
2 2 2 39 5 36
3 4 1 43 2 41 3 44 4 36
4 3 1 29 3 31 5 31
5 5 1 48 2 47 3 47 4 41 5 38
6 5 1 43 2 39 3 43 4 38 5 38
7 3 3 42 4 38 5 37
8 3 1 15 3 15 4 19
9 3 1 40 4 40 5 37
10 2 1 13 5 15
11 3 1 42 2 40 4 41
12 4 2 33 3 32 4 27 5 30
13 1 4 19
14 3 2 17 4 14 5 14
15 2 3 20 5 24
16 2 1 39 4 39
17 3 1 37 3 33 5 34
18 4 1 44 2 42 3 40 4 36
19 end
