1 5 22
out
0 1 2 4
1 (15,17,19) 
2 21
3 (11,12,14) 
4 (7,5) 
5 6
6 21
7 8
8 9
9 21
10 21
11 10
12 13
13 10
14 10
15 16
16 3
17 18
18 3
19 20
20 3
in
21 (9,6)
10 (11,13,14)
3 (16,18,20)
info
0 start
1 1 2 38
2 4 1 15 3 18 4 18 5 22
3 3 2 41 3 43 4 40
4 2 2 25 4 25
5 1 1 47
6 2 1 17 2 13
7 4 1 35 2 33 4 31 5 35
8 3 2 22 3 28 5 22
9 3 2 31 3 28 4 29
10 supernode
11 2 1 35 3 36
12 1 2 34
13 3 2 45 3 48 5 44
14 3 2 35 3 35 5 29
15 4 2 25 3 22 4 19 5 22
16 3 2 24 4 29 5 30
17 3 3 31 4 33 5 31
18 1 3 19
19 2 3 47 5 43
20 2 1 7 5 13
21 end
