1 5 19
out
0 1 2 3
1 (10,13) 5 6
2 5 6 7
3 7
4 9
5 9
6 8 9
7 8 9
8 18
9 (16,14) 
10 11
11 12
12 4
13 4
14 15
15 18
16 17
17 18
in
4 (12,13)
18 (15,17)
info
0 start
1 4 1 41 3 40 4 43 5 38
2 4 1 11 3 16 4 11 5 16
3 3 2 24 4 24 5 27
4 2 3 30 4 32
5 3 1 17 2 13 5 11
6 4 1 6 3 6 4 11 5 9
7 2 1 24 4 26
8 2 3 41 5 37
9 2 4 16 5 15
10 3 1 39 3 35 5 38
11 4 2 31 3 39 4 37 5 37
12 3 1 29 4 24 5 27
13 5 1 24 2 20 3 23 4 27 5 21
14 3 2 39 4 42 5 41
15 4 1 13 2 13 3 14 5 19
16 5 1 40 2 34 3 38 4 41 5 34
17 2 2 42 4 45
18 end
