1 5 22
out
0 (7,10,5) 1
1 (3,4) 
2 21
3 21
4 21
5 6
6 2
7 8
8 (20,11,12) 
9 2
10 2
11 9
12 16 17 13 14
13 9
14 15
15 13
16 13
17 18
18 19
19 13
20 9
in
21 (3,4)
2 (9,10,6)
9 (11,20,13)
info
0 start
1 3 2 40 3 36 4 41
2 3 1 47 2 43 4 47
3 2 3 38 4 32
4 3 1 35 2 35 3 34
5 4 2 39 3 42 4 42 5 37
6 2 2 11 4 10
7 3 2 28 4 34 5 31
8 2 3 42 4 46
9 3 1 23 2 18 3 24
10 2 2 15 4 6
11 3 3 29 4 32 5 32
12 3 2 36 4 33 5 31
13 1 4 10
14 4 1 43 3 45 4 42 5 45
15 1 4 29
16 2 1 34 5 34
17 4 1 12 3 15 4 11 5 12
18 2 2 22 5 28
19 2 1 35 4 35
20 2 2 38 4 42
21 end
