1 5 22
out
0 1 2 3
1 4 7
2 (12,13) 8 6
3 4 5 7
4 9 10 11
5 9 10 11
6 (17,19) 
7 (15,14) 10
8 9
9 21
10 21
11 21
12 5
13 5
14 9
15 9
16 9
17 18
18 16
19 20
20 16
in
5 (12,13)
9 (15,14)
16 (18,20)
info
0 start
1 3 1 33 4 28 5 28
2 3 1 18 3 18 4 26
3 4 1 45 2 44 3 43 5 45
4 5 1 40 2 34 3 38 4 40 5 38
5 3 1 21 2 22 4 20
6 2 3 21 5 26
7 2 1 14 4 5
8 1 4 32
9 2 3 27 5 22
10 1 5 27
11 1 4 38
12 4 1 40 2 41 3 44 5 40
13 2 3 15 4 19
14 4 1 25 2 24 3 24 5 27
15 1 1 30
16 supernode
17 3 2 24 3 32 4 29
18 2 1 26 2 24
19 3 1 36 2 40 3 41
20 1 5 14
21 end
