1 5 22
out
0 1 2 3 4 7
1 8 9 6
2 8 6
3 9 5
4 8 6
5 11 13
6 10 12 13
7 10 12 13
8 10 13
9 (19,20) 10 12
10 14 15
11 16 17 18
12 14
13 18
14 21
15 21
16 21
17 21
18 21
19 11
20 11
in
11 (19,20)
info
0 start
1 5 1 38 2 33 3 37 4 40 5 35
2 4 1 15 2 14 3 14 4 12
3 4 1 23 2 18 4 18 5 23
4 2 2 25 3 29
5 3 1 35 4 30 5 36
6 2 1 48 3 43
7 3 1 35 2 36 5 31
8 5 1 37 2 31 3 36 4 33 5 34
9 3 1 11 3 11 4 21
10 2 3 29 4 28
11 2 1 39 3 39
12 2 3 41 4 40
13 4 1 43 2 42 3 47 5 42
14 4 1 46 3 42 4 46 5 43
15 4 2 19 3 18 4 18 5 22
16 1 2 40
17 4 1 24 2 26 4 22 5 26
18 2 1 34 3 28
19 2 1 36 5 35
20 3 2 32 3 32 5 28
21 end
