1 5 22
out
0 1 2 3 7 8
1 (9,10) 
2 5
3 4 5 6
4 21
5 21
6 (11,12,13) 
7 21
8 21
9 4
10 4
11 21
12 (15,16,19) 
13 21
14 21
15 14
16 17
17 18
18 14
19 20
20 14
in
4 (9,10)
21 (11,13,14)
14 (15,18,20)
info
0 start
1 2 2 26 4 23
2 5 1 44 2 45 3 40 4 40 5 38
3 4 1 31 2 24 3 30 5 24
4 3 1 15 2 11 5 13
5 2 3 26 4 34
6 1 2 48
7 2 4 19 5 28
8 1 3 32
9 3 2 28 4 28 5 26
10 3 3 18 4 16 5 17
11 4 1 13 2 17 3 17 4 14
12 2 1 7 4 14
13 1 1 5
14 supernode
15 1 1 16
16 2 3 24 4 19
17 3 3 20 4 19 5 20
18 2 1 11 2 15
19 1 1 39
20 3 2 7 3 7 5 9
21 end
