1 5 21
out
0 1 2 3 4 5 15
1 8 9 6
2 9
3 9 10 7
4 8 6
5 8
6 12 14
7 12 13
8 14
9 (16,17,18) 13 14
10 12 14
11 20
12 20
13 20
14 20
15 20
16 11
17 11
18 19
19 11
in
11 (16,17,19)
info
0 start
1 1 5 34
2 2 3 37 5 35
3 3 1 41 2 44 5 45
4 1 4 33
5 2 2 28 5 25
6 1 5 38
7 4 1 18 2 12 4 12 5 18
8 4 2 42 3 39 4 43 5 40
9 3 1 12 2 11 3 13
10 2 1 28 3 29
11 3 2 38 3 42 5 35
12 3 2 19 3 20 4 21
13 4 1 45 2 41 4 42 5 46
14 2 1 44 2 43
15 2 2 15 5 18
16 3 2 45 3 39 5 38
17 2 4 23 5 22
18 2 1 44 5 38
19 2 2 18 3 22
20 end
