1 5 22
out
0 1 2
1 21
2 (3,4) 
3 (8,11) 
4 5
5 6
6 21
7 21
8 9
9 (16,18,13) 
10 7
11 12
12 7
13 14
14 15
15 10
16 17
17 10
18 19
19 20
20 10
in
21 (7,6)
7 (10,12)
10 (15,17,20)
info
0 start
1 2 4 27 5 31
2 1 5 30
3 2 2 46 5 41
4 2 3 39 5 37
5 3 1 29 3 24 5 23
6 4 2 41 3 41 4 43 5 43
7 supernode
8 4 2 40 3 45 4 44 5 44
9 4 2 33 3 34 4 32 5 30
10 1 5 20
11 3 2 10 3 13 4 10
12 2 2 46 3 40
13 3 1 43 4 43 5 34
14 3 1 16 2 19 4 20
15 3 2 18 4 15 5 16
16 2 3 43 5 43
17 4 1 29 2 38 4 39 5 38
18 5 1 17 2 15 3 14 4 16 5 19
19 4 1 19 2 13 4 13 5 13
20 4 2 45 3 40 4 39 5 39
21 end
