1 5 22
out
0 1 2 5 6 7 10
1 8 3
2 8 4
3 9
4 9 11 12
5 11
6 9 11 12
7 (16,18,13) 
8 11
9 21
10 21
11 21
12 21
13 14
14 15
15 11
16 17
17 11
18 19
19 20
20 11
in
11 (15,17,20)
info
0 start
1 1 5 47
2 5 1 31 2 34 3 30 4 31 5 31
3 2 4 19 5 21
4 1 4 30
5 1 4 18
6 2 2 23 3 27
7 2 2 19 3 17
8 3 1 31 3 33 4 31
9 2 3 28 4 22
10 1 4 26
11 2 2 37 4 38
12 3 2 23 4 24 5 23
13 2 3 16 4 16
14 5 1 40 2 39 3 32 4 35 5 42
15 2 2 32 3 32
16 1 2 21
17 2 2 16 4 15
18 2 1 41 2 38
19 5 1 34 2 29 3 31 4 34 5 34
20 2 1 45 2 48
21 end
