1 5 20
out
0 1 2 3 4 5 12 13
1 (16,18,14) 8
2 8 6 7
3 7
4 6
5 8
6 11
7 9 11
8 9 10 11
9 19
10 19
11 19
12 19
13 19
14 15
15 7
16 17
17 7
18 7
in
7 (15,17,18)
info
0 start
1 2 2 35 5 35
2 3 3 11 4 13 5 16
3 2 3 30 4 32
4 2 4 38 5 36
5 2 2 13 5 20
6 2 3 13 5 14
7 4 2 9 3 17 4 16 5 14
8 4 1 37 3 42 4 37 5 39
9 2 4 39 5 35
10 2 1 22 3 19
11 3 3 43 4 46 5 39
12 1 2 40
13 3 3 25 4 22 5 26
14 4 1 42 2 43 3 38 4 46
15 4 1 25 2 29 3 30 5 26
16 4 1 37 2 33 4 34 5 37
17 4 1 20 2 20 3 16 4 17
18 1 2 24
19 end
