1 5 22
out
0 1 2 3 4 5 6 10
1 7
2 7
3 8
4 8 9 7
5 7
6 13 14 15
7 11 12
8 11 13
9 13 14
10 17 19
11 16
12 18
13 17 18 20
14 18 19
15 16 19 20
16 21
17 21
18 21
19 21
20 21
in
info
0 start
1 4 1 36 2 35 4 39 5 38
2 3 1 19 3 19 4 15
3 2 2 10 4 6
4 4 2 28 3 31 4 27 5 31
5 1 4 12
6 2 3 13 4 17
7 3 3 30 4 32 5 37
8 2 1 27 3 21
9 1 4 22
10 4 2 20 3 23 4 20 5 22
11 3 2 19 3 20 4 21
12 2 1 8 4 13
13 3 3 38 4 41 5 42
14 3 1 32 2 31 5 32
15 3 2 28 3 32 4 27
16 2 3 35 4 33
17 1 4 15
18 3 1 31 2 26 5 31
19 3 1 23 2 21 5 21
20 2 2 13 5 13
21 end
