1 5 22
out
0 (12,14) 1 3 4 5
1 8 6 7
2 8 6 7
3 8 6 7
4 6
5 (15,17,20) 
6 11
7 9 10 11
8 9 10
9 21
10 21
11 21
12 13
13 2
14 2
15 16
16 7
17 18
18 19
19 7
20 7
in
2 (13,14)
7 (16,19,20)
info
0 start
1 1 4 40
2 2 4 45 5 42
3 2 1 32 5 32
4 2 4 25 5 25
5 2 2 34 3 31
6 2 2 29 5 28
7 3 1 25 3 32 4 24
8 4 1 18 2 15 3 18 5 12
9 3 1 34 2 27 5 36
10 2 1 20 5 22
11 3 2 11 3 9 4 7
12 2 4 30 5 32
13 3 1 37 2 39 4 34
14 2 2 18 4 17
15 2 1 25 3 30
16 3 3 30 4 25 5 27
17 4 1 32 2 25 4 25 5 27
18 2 2 46 5 44
19 1 4 17
20 2 4 18 5 18
21 end
