1 5 22
out
0 1 2 3
1 (16,9) 
2 21
3 (4,5) 
4 21
5 6
6 7
7 21
8 21
9 10 11 14
10 8
11 12
12 13
13 10
14 15
15 10
16 (18,20) 
17 8
18 19
19 17
20 17
in
21 (7,4)
8 (17,10)
17 (19,20)
info
0 start
1 4 1 28 2 24 4 29 5 26
2 2 2 25 4 26
3 3 1 27 3 31 4 26
4 3 1 28 2 31 5 28
5 4 1 23 2 24 3 24 5 22
6 3 2 39 4 39 5 43
7 2 1 18 3 24
8 supernode
9 2 3 21 5 23
10 2 1 7 5 13
11 3 2 37 3 36 4 36
12 1 4 40
13 4 1 31 2 40 3 38 5 40
14 2 1 45 5 41
15 1 1 33
16 3 2 31 3 26 4 33
17 3 1 30 2 28 5 29
18 5 1 15 2 12 3 8 4 14 5 17
19 4 1 10 2 14 4 13 5 8
20 2 1 35 4 28
21 end
