1 5 21
out
0 1 2 3 6 7
1 8 5
2 8
3 (15,16,17) 4
4 20
5 20
6 (9,12,13) 
7 20
8 20
9 10
10 11
11 20
12 20
13 14
14 20
15 5
16 5
17 18
18 19
19 5
in
20 (11,12,14)
5 (15,16,19)
info
0 start
1 4 1 27 3 28 4 28 5 27
2 2 4 40 5 47
3 3 2 22 3 27 4 24
4 3 1 8 4 14 5 9
5 2 2 24 5 21
6 3 1 20 4 18 5 13
7 5 1 28 2 38 3 36 4 32 5 28
8 2 1 46 4 46
9 3 2 37 3 40 5 33
10 1 3 13
11 3 1 40 4 40 5 39
12 2 3 44 5 40
13 4 2 17 3 13 4 14 5 15
14 3 1 40 2 46 3 40
15 1 5 32
16 2 2 40 5 38
17 3 2 42 4 42 5 43
18 4 1 35 2 31 4 30 5 31
19 2 2 29 4 29
20 end
