1 5 20
out
0 1 2 3 4 5
1 8 9
2 9 7
3 8
4 8 6
5 6 7
6 12
7 10 11 12
8 10 11
9 10 11 12
10 16 13 14
11 18 13 15
12 17 13 15
13 19
14 19
15 19
16 19
17 19
18 19
in
info
0 start
1 3 3 29 4 30 5 32
2 3 1 40 3 40 4 44
3 2 1 13 3 16
4 4 1 13 3 15 4 20 5 15
5 2 1 43 5 42
6 2 2 15 5 19
7 3 2 43 3 40 4 40
8 3 1 21 4 18 5 20
9 3 2 40 3 44 4 45
10 3 2 24 3 23 5 27
11 3 2 17 3 19 4 19
12 2 3 33 4 30
13 3 2 26 3 23 4 22
14 2 3 40 5 36
15 1 3 8
16 4 1 49 2 42 3 48 4 41
17 4 1 42 2 46 4 42 5 48
18 4 1 12 2 9 3 7 5 14
19 end
