1 5 22
out
0 1 2 3 4 7 8
1 6
2 5 6
3 5
4 9 10 12
5 11
6 9 10
7 13 14
8 (15,17,18) 
9 21
10 21
11 21
12 21
13 21
14 21
15 16
16 9
17 9
18 19
19 20
20 9
in
9 (16,17,20)
info
0 start
1 3 1 22 3 18 5 20
2 2 1 29 5 24
3 3 1 31 3 28 5 27
4 4 1 40 3 33 4 33 5 35
5 4 2 42 3 40 4 33 5 42
6 2 1 21 4 18
7 2 3 21 5 19
8 1 2 8
9 2 2 11 5 11
10 4 1 36 2 27 4 31 5 35
11 4 1 18 3 14 4 18 5 20
12 1 4 29
13 1 3 22
14 1 4 12
15 2 3 33 5 35
16 2 1 45 4 43
17 4 2 16 3 11 4 9 5 14
18 5 1 10 2 13 3 9 4 7 5 10
19 3 2 15 4 12 5 12
20 5 1 33 2 39 3 41 4 40 5 41
21 end
