1 5 21
out
0 1 2
1 3 4
2 (7,5) 
3 20
4 20
5 (9,10,11) 
6 20
7 8
8 20
9 6
10 6
11 12
12 17 18 13 14
13 6
14 15
15 16
16 13
17 13
18 19
19 13
in
20 (8,6)
6 (9,10,13)
info
0 start
1 2 4 7 5 5
2 3 1 11 4 12 5 17
3 3 1 37 3 37 5 36
4 1 4 29
5 3 2 32 3 31 4 32
6 3 1 7 2 15 3 9
7 3 1 24 2 22 3 23
8 4 1 20 2 15 3 22 5 19
9 3 1 44 3 48 4 44
10 1 5 25
11 1 3 34
12 1 2 11
13 3 3 10 4 12 5 15
14 1 5 18
15 4 1 28 2 30 4 33 5 32
16 4 1 29 2 30 4 30 5 26
17 4 2 24 3 16 4 16 5 16
18 3 1 19 3 18 4 15
19 3 3 30 4 32 5 29
20 end
