1 5 22
out
0 1
1 2 3 4
2 21
3 21
4 (12,5) 
5 6
6 7 8 10 11
7 21
8 9
9 7
10 (20,14) 
11 7
12 13
13 21
14 15 16 17
15 7
16 15
17 18
18 19
19 15
20 7
in
21 (7,13)
7 (15,20)
info
0 start
1 1 3 38
2 4 1 27 2 22 3 25 5 23
3 2 2 31 4 26
4 2 1 44 3 36
5 4 2 10 3 14 4 9 5 11
6 2 1 38 5 33
7 3 2 11 3 18 4 12
8 3 2 15 4 18 5 16
9 3 2 9 3 13 4 10
10 3 2 25 3 26 4 26
11 4 1 43 3 47 4 47 5 42
12 5 1 31 2 24 3 26 4 32 5 26
13 2 1 43 4 41
14 2 3 39 4 41
15 1 1 22
16 3 1 17 2 15 5 19
17 3 2 15 4 9 5 14
18 3 1 12 2 11 3 16
19 2 1 39 2 33
20 4 1 21 2 23 3 21 4 26
21 end
