1 5 22
out
0 1 2
1 3 4
2 (7,5,6) 3
3 21
4 (15,8,16) 
5 4
6 4
7 4
8 (18,19) 
9 10 11 12 13
10 21
11 10
12 10
13 14
14 10
15 21
16 17
17 21
18 9
19 20
20 9
in
4 (7,5,6)
21 (15,17,10)
9 (18,20)
info
0 start
1 2 3 22 4 21
2 2 4 15 5 10
3 3 1 32 2 28 5 32
4 2 1 23 2 26
5 3 2 41 4 44 5 42
6 5 1 18 2 17 3 13 4 17 5 18
7 1 4 22
8 1 3 34
9 3 1 10 2 9 5 8
10 3 2 10 3 13 4 11
11 2 1 13 5 11
12 2 3 34 4 35
13 1 2 29
14 3 3 22 4 20 5 25
15 3 1 23 2 32 3 31
16 3 2 26 3 31 5 26
17 3 1 46 3 41 5 39
18 2 3 39 4 40
19 3 1 8 2 11 3 8
20 3 1 36 4 34 5 36
21 end
