1 5 21
out
0 1 2 3 4 5 6 11 19
1 8 9 10
2 8 9 10
3 8 7
4 9 7
5 7
6 12
7 12 13 15
8 12 14 15
9 14
10 13
11 18
12 16
13 16
14 16 17
15 18
16 20
17 20
18 20
19 20
in
info
0 start
1 3 2 39 3 42 4 41
2 3 2 18 3 13 4 18
3 5 1 41 2 39 3 49 4 45 5 47
4 1 5 9
5 1 3 21
6 3 3 15 4 17 5 17
7 1 3 31
8 2 3 32 4 33
9 3 1 12 3 15 5 8
10 4 1 18 2 13 3 15 5 19
11 2 2 16 5 16
12 2 3 22 5 19
13 2 1 26 4 34
14 2 2 21 5 24
15 1 4 20
16 5 1 39 2 43 3 44 4 45 5 45
17 3 2 12 3 6 5 11
18 3 1 40 3 41 4 34
19 3 1 40 2 38 4 42
20 end
