1 5 21
out
0 1 2
1 (3,5) 
2 (15,18) 
3 4
4 (8,11,12) 
5 6
6 20
7 20
8 9
9 10
10 7
11 7
12 13
13 7
14 20
15 16
16 17
17 14
18 19
19 14
in
20 (7,6)
7 (10,11,13)
14 (17,19)
info
0 start
1 5 1 25 2 23 3 22 4 28 5 24
2 2 2 14 4 12
3 4 1 26 2 27 3 28 5 28
4 5 1 39 2 37 3 40 4 41 5 44
5 1 4 13
6 4 1 15 3 19 4 12 5 15
7 supernode
8 4 1 25 2 21 3 22 5 28
9 3 1 23 2 22 5 16
10 3 2 39 3 39 4 44
11 2 2 33 3 27
12 4 1 7 2 14 3 14 5 8
13 2 2 22 3 23
14 supernode
15 2 4 41 5 39
16 1 3 30
17 3 2 38 4 39 5 47
18 3 1 21 3 22 5 17
19 4 1 12 2 15 3 14 5 9
20 end
