1 5 21
out
0 1 2 3 4 5 7 10
1 8
2 8 11 12
3 11
4 9 6
5 12
6 16 14 15
7 16 17 14
8 17
9 15
10 16 13 15
11 13 14
12 16 14
13 18 19
14 18 19
15 18 19
16 18 19
17 18 19
18 20
19 20
in
info
0 start
1 1 2 31
2 3 1 15 3 7 5 9
3 3 1 33 3 37 4 35
4 3 1 39 2 39 5 41
5 2 1 31 3 27
6 2 2 45 4 49
7 2 2 18 4 22
8 1 1 22
9 3 1 14 2 18 4 18
10 3 2 20 3 23 4 28
11 2 1 17 2 15
12 4 1 40 2 36 3 40 5 34
13 4 1 43 2 40 4 40 5 40
14 1 5 35
15 4 1 16 2 17 4 16 5 20
16 2 1 30 4 30
17 3 1 27 3 32 5 35
18 1 3 27
19 2 3 39 4 49
20 end
