1 5 22
out
0 (7,4,5) 1 2
1 21
2 21
3 21
4 3
5 6
6 (11,13) 
7 8
8 9
9 3
10 3
11 12
12 10
13 14
14 15 16 18 20
15 10
16 17
17 15
18 19
19 15
20 15
in
3 (9,10,4)
10 (15,12)
info
0 start
1 2 3 15 5 21
2 3 1 20 2 19 5 21
3 2 3 48 4 49
4 2 1 30 2 28
5 3 2 27 3 28 5 34
6 4 2 23 3 21 4 20 5 14
7 1 5 35
8 5 1 22 2 24 3 20 4 24 5 20
9 2 4 20 5 19
10 supernode
11 2 1 12 4 10
12 4 1 21 2 22 3 22 4 20
13 3 2 39 3 32 5 34
14 3 1 47 3 38 5 41
15 5 1 38 2 40 3 42 4 41 5 41
16 1 3 43
17 4 1 36 2 34 3 40 4 42
18 3 1 29 2 33 4 30
19 3 2 23 3 28 5 23
20 1 4 38
21 end
