1 5 22
out
0 (16,18,19) 1 2
1 4
2 (7,8,9) 3 6
3 21
4 21
5 21
6 21
7 (11,13) 
8 4
9 4
10 4
11 12
12 10
13 14
14 15
15 10
16 17
17 5
18 5
19 20
20 5
in
4 (8,9,10)
10 (15,12)
5 (17,18,20)
info
0 start
1 1 4 34
2 1 4 17
3 3 1 33 2 32 3 35
4 4 2 18 3 20 4 15 5 19
5 3 2 31 3 30 4 35
6 2 1 16 3 17
7 3 3 33 4 36 5 38
8 3 2 33 4 38 5 39
9 2 2 33 4 34
10 supernode
11 3 1 35 2 33 3 37
12 3 1 40 2 38 3 38
13 1 4 28
14 1 1 46
15 2 1 13 4 12
16 3 1 32 3 31 4 25
17 4 1 17 2 22 3 14 5 16
18 3 1 35 2 34 3 35
19 2 1 18 4 17
20 3 2 24 3 23 5 21
21 end
