1 5 20
out
0 1 2 3 4 5 14
1 7
2 9
3 10 6
4 8 6 7
5 8 9
6 11 13
7 12
8 12 13
9 11 12
10 11
11 17 18
12 17 18 15
13 16 15
14 19
15 19
16 19
17 19
18 19
in
info
0 start
1 5 1 14 2 18 3 18 4 17 5 17
2 4 2 14 3 12 4 16 5 10
3 2 1 39 4 36
4 3 1 10 2 11 5 13
5 2 4 20 5 23
6 5 1 6 2 14 3 13 4 12 5 8
7 1 4 36
8 3 1 22 4 23 5 23
9 1 2 19
10 3 1 14 3 14 5 14
11 3 1 29 2 26 5 27
12 2 2 42 4 41
13 4 2 26 3 26 4 25 5 22
14 4 1 10 2 8 3 8 4 14
15 3 3 30 4 30 5 20
16 2 1 46 3 40
17 1 1 16
18 3 1 16 2 16 4 18
19 end
