1 5 22
out
0 1 2 3
1 21
2 21
3 (4,5) 
4 (9,14) 
5 6
6 7
7 21
8 21
9 10
10 11 12 13
11 8
12 11
13 (17,18) 
14 15
15 16
16 8
17 11
18 19
19 20
20 11
in
21 (7,8)
8 (16,11)
11 (17,20)
info
0 start
1 2 3 20 5 27
2 1 2 17
3 4 1 23 3 27 4 30 5 28
4 4 1 11 3 10 4 9 5 16
5 2 2 14 3 13
6 4 2 27 3 27 4 21 5 22
7 2 2 26 5 34
8 supernode
9 2 2 40 4 40
10 3 2 43 3 34 5 42
11 1 4 31
12 2 2 48 4 43
13 1 1 34
14 2 1 38 5 29
15 4 2 37 3 27 4 37 5 28
16 4 1 16 2 10 3 16 5 16
17 3 1 42 3 38 5 32
18 4 1 39 2 38 4 39 5 31
19 4 1 37 3 32 4 29 5 35
20 4 2 41 3 38 4 40 5 38
21 end
