1 5 21
out
0 1 2 3 4
1 5
2 8 6 7
3 8
4 9
5 9 10
6 9 10
7 (11,19) 10
8 9
9 20
10 20
11 12
12 17 13 14
13 9
14 15
15 16
16 13
17 18
18 13
19 9
in
9 (19,13)
info
0 start
1 4 1 45 2 44 4 41 5 39
2 4 1 18 3 22 4 22 5 17
3 1 1 14
4 4 1 12 2 9 4 8 5 10
5 3 2 44 4 45 5 46
6 1 2 29
7 2 1 34 4 31
8 2 4 26 5 29
9 2 2 42 4 38
10 4 1 21 2 19 3 21 4 20
11 2 2 17 4 14
12 3 1 36 2 35 5 36
13 2 2 15 5 20
14 1 2 28
15 4 1 32 2 33 4 33 5 36
16 2 3 35 4 38
17 3 1 32 3 31 4 34
18 5 1 16 2 22 3 21 4 19 5 17
19 4 1 15 2 15 4 17 5 16
20 end
