1 5 20
out
0 1 2
1 4 5 6
2 3 4 6
3 (15,16) 10
4 8 10
5 8 9 7
6 8
7 19
8 19
9 (11,14) 
10 19
11 12
12 13
13 19
14 19
15 7
16 17
17 18
18 7
in
19 (13,14)
7 (15,18)
info
0 start
1 2 2 29 3 23
2 2 2 25 3 30
3 1 3 34
4 3 2 27 4 28 5 23
5 3 1 27 2 31 4 32
6 4 1 19 2 16 4 15 5 16
7 3 2 43 4 35 5 44
8 4 1 16 2 15 3 15 5 16
9 1 5 15
10 4 1 29 3 26 4 27 5 27
11 4 1 17 2 16 3 15 5 15
12 2 2 20 3 22
13 4 1 16 2 14 3 11 4 21
14 4 1 13 3 17 4 20 5 17
15 3 1 15 2 15 3 8
16 4 2 39 3 37 4 42 5 40
17 1 2 29
18 3 1 37 4 30 5 37
19 end
