1 5 22
out
0 (7,9,10) 2 3 4
1 (18,20) 
2 5 6
3 6
4 5
5 21
6 21
7 8
8 1
9 1
10 11
11 15 12 13
12 1
13 14
14 12
15 16
16 17
17 12
18 19
19 5
20 5
in
1 (8,9,12)
5 (19,20)
info
0 start
1 2 1 28 3 28
2 2 2 26 3 28
3 3 1 27 2 27 4 23
4 1 2 33
5 2 1 36 4 37
6 2 2 22 4 23
7 3 3 31 4 32 5 24
8 3 1 41 4 42 5 38
9 3 2 30 3 31 5 29
10 3 1 15 2 16 4 13
11 3 1 13 2 18 4 20
12 3 2 31 4 30 5 26
13 1 1 19
14 4 1 37 3 30 4 33 5 32
15 3 1 44 4 36 5 35
16 3 1 29 2 28 5 28
17 2 1 27 2 30
18 3 1 41 3 49 4 46
19 2 3 35 4 35
20 3 1 29 4 26 5 33
21 end
