1 5 21
out
0 (10,3) 2
1 20
2 20
3 4
4 7 5 6
5 1
6 5
7 (15,13) 
8 9
9 5
10 11
11 12
12 1
13 (18,19) 
14 8
15 16
16 17
17 8
18 14
19 14
in
1 (12,5)
8 (17,14)
14 (18,19)
info
0 start
1 2 2 35 4 31
2 2 1 24 2 19
3 4 1 41 2 40 4 39 5 39
4 3 2 41 4 33 5 37
5 4 1 41 2 42 4 43 5 43
6 4 1 34 3 38 4 38 5 38
7 2 2 38 3 39
8 5 1 42 2 46 3 44 4 48 5 40
9 2 2 39 4 35
10 2 1 26 5 26
11 1 2 17
12 4 1 30 2 29 3 32 5 24
13 2 1 12 5 11
14 4 1 13 2 11 3 14 4 16
15 4 2 31 3 31 4 38 5 33
16 4 1 14 3 13 4 16 5 11
17 2 4 17 5 20
18 1 5 38
19 2 1 30 5 23
20 end
