1 5 20
out
0 1 2 3
1 4
2 (8,9,5) 
3 (15,11,13) 
4 19
5 6
6 7
7 4
8 (17,18) 
9 4
10 4
11 12
12 10
13 14
14 10
15 10
16 4
17 16
18 16
in
4 (7,16,9)
10 (15,12,14)
16 (17,18)
info
0 start
1 4 1 37 3 39 4 35 5 41
2 4 1 38 2 30 3 32 4 39
3 2 2 37 3 34
4 1 3 22
5 3 2 38 4 39 5 43
6 3 2 12 3 15 5 12
7 3 3 22 4 17 5 16
8 2 4 27 5 24
9 3 3 28 4 26 5 27
10 supernode
11 3 1 18 2 23 5 20
12 3 3 11 4 14 5 15
13 4 1 19 2 21 3 20 4 18
14 1 1 18
15 4 1 8 2 13 4 9 5 12
16 supernode
17 2 2 28 3 32
18 2 3 38 5 42
19 end
