1 5 20
out
0 1 2 3
1 19
2 19
3 (7,4) 
4 5
5 (15,16) 
6 19
7 8 9 10
8 19
9 8
10 (11,14) 
11 12
12 13
13 8
14 8
15 6
16 17
17 18
18 6
in
19 (8,6)
8 (13,14)
6 (15,18)
info
0 start
1 1 2 16
2 4 1 45 2 40 4 39 5 39
3 3 1 20 2 21 3 22
4 2 2 15 4 14
5 3 3 45 4 39 5 45
6 3 1 12 2 13 4 12
7 4 1 30 2 36 3 38 5 38
8 2 3 28 5 27
9 3 1 39 3 44 4 42
10 3 2 36 3 39 5 38
11 2 3 36 4 32
12 5 1 24 2 22 3 26 4 23 5 25
13 2 3 25 5 29
14 3 2 31 3 25 5 25
15 3 3 41 4 36 5 36
16 3 2 48 3 43 5 39
17 4 1 32 2 36 3 31 4 30
18 4 1 45 2 44 4 45 5 36
19 end
