1 5 21
out
0 1 2
1 (17,19) 3 5
2 6
3 (7,9) 
4 20
5 20
6 20
7 8
8 20
9 16 10 11 13
10 20
11 12
12 10
13 14
14 15
15 10
16 10
17 18
18 4
19 4
in
20 (8,10)
4 (18,19)
info
0 start
1 4 1 31 2 29 3 26 4 26
2 3 1 15 4 23 5 15
3 2 3 40 4 49
4 3 2 34 3 33 5 33
5 4 2 33 3 30 4 30 5 29
6 2 2 45 5 44
7 2 3 20 4 14
8 1 2 33
9 2 4 18 5 11
10 4 1 5 3 10 4 12 5 12
11 2 1 23 5 21
12 1 3 11
13 3 2 34 4 33 5 32
14 2 2 38 3 43
15 4 1 43 3 41 4 40 5 44
16 5 1 16 2 18 3 18 4 16 5 17
17 1 1 16
18 4 1 28 2 26 3 26 4 30
19 3 3 24 4 25 5 26
20 end
