1 5 22
out
0 1 2 3 5
1 (11,12,14) 
2 4
3 10 7
4 8 10
5 9
6 (16,17,20) 9
7 21
8 21
9 21
10 21
11 6
12 13
13 6
14 15
15 6
16 7
17 18
18 19
19 7
20 7
in
6 (15,11,13)
7 (16,19,20)
info
0 start
1 2 2 15 4 14
2 2 1 36 4 34
3 4 1 21 2 21 3 23 4 21
4 2 1 19 5 18
5 4 2 43 3 46 4 44 5 50
6 3 2 23 4 28 5 22
7 3 1 33 2 34 3 39
8 1 2 24
9 2 2 16 3 18
10 3 2 21 4 17 5 22
11 1 4 46
12 4 1 16 2 15 4 19 5 21
13 2 1 19 3 18
14 2 1 35 3 40
15 2 2 21 3 23
16 1 3 27
17 3 1 43 3 45 5 43
18 3 2 7 4 9 5 13
19 3 3 36 4 34 5 34
20 3 1 45 2 48 3 41
21 end
