1 5 22
out
0 (18,19) 1 2 3 7
1 5
2 4
3 5
4 9 11
5 8 10
6 10
7 (17,12,13) 
8 21
9 21
10 21
11 21
12 21
13 15 16 14
14 21
15 14
16 14
17 21
18 6
19 20
20 6
in
21 (17,12,14)
6 (18,20)
info
0 start
1 1 1 23
2 3 1 36 3 33 5 38
3 3 1 35 2 41 4 38
4 1 1 14
5 2 1 9 3 14
6 3 1 42 2 45 5 39
7 3 2 27 3 30 4 28
8 3 2 32 3 36 5 33
9 3 1 33 4 36 5 31
10 3 2 31 3 29 4 29
11 4 1 19 2 14 4 19 5 17
12 3 1 48 2 41 5 42
13 3 1 29 3 34 5 24
14 4 1 32 2 38 3 42 4 37
15 5 1 23 2 18 3 15 4 19 5 22
16 1 1 22
17 4 1 45 2 48 3 42 5 44
18 3 2 13 4 11 5 7
19 4 2 21 3 12 4 15 5 11
20 2 3 17 5 13
21 end
