1 5 21
out
0 1 2 3 4 5
1 8 7
2 6
3 8 6 7
4 7
5 8 6 7
6 (16,17) 
7 20
8 (9,10) 
9 (12,14) 
10 20
11 20
12 13
13 11
14 11
15 20
16 15
17 18
18 19
19 15
in
20 (10,11)
11 (13,14)
15 (16,19)
info
0 start
1 3 2 17 4 23 5 18
2 2 2 35 4 37
3 4 1 21 2 19 3 11 4 12
4 3 1 31 2 29 4 29
5 3 2 26 3 20 5 23
6 1 1 45
7 3 2 30 3 36 4 37
8 4 1 36 2 35 3 38 5 39
9 3 1 42 4 44 5 42
10 3 1 41 2 42 3 37
11 supernode
12 3 1 39 3 42 4 44
13 1 4 24
14 2 1 27 3 29
15 supernode
16 3 1 35 2 32 5 31
17 4 2 23 3 27 4 25 5 31
18 4 1 42 2 45 3 45 5 44
19 4 1 43 3 36 4 39 5 43
20 end
