1 5 22
out
0 1 2 3 7
1 (15,16,14) 6
2 8 4
3 8 5 6
4 10 11 12
5 (17,18,19) 11
6 10 11
7 11 13
8 11
9 11 13
10 21
11 21
12 21
13 21
14 9
15 9
16 9
17 13
18 13
19 20
20 13
in
9 (15,16,14)
13 (17,18,20)
info
0 start
1 1 3 23
2 1 1 31
3 4 1 45 2 43 4 48 5 43
4 4 1 27 2 29 4 30 5 31
5 2 4 20 5 25
6 2 3 41 4 37
7 3 1 24 2 22 4 25
8 3 2 30 4 36 5 28
9 3 1 20 2 21 5 20
10 3 3 16 4 19 5 16
11 2 2 20 4 20
12 5 1 31 2 28 3 27 4 30 5 30
13 1 3 39
14 2 1 21 4 22
15 3 3 41 4 42 5 41
16 3 1 43 2 38 4 45
17 1 5 40
18 1 3 43
19 4 1 22 2 22 4 25 5 25
20 2 3 27 4 21
21 end
