1 5 22
out
0 1 2 3
1 5
2 4 5
3 (7,6) 5
4 21
5 (10,13) 
6 (15,16,18) 
7 8
8 9
9 4
10 11
11 12
12 21
13 21
14 4
15 14
16 17
17 14
18 19
19 20
20 14
in
4 (9,14)
21 (12,13)
14 (15,17,20)
info
0 start
1 2 1 19 5 16
2 2 2 15 5 11
3 3 1 15 4 10 5 10
4 1 3 26
5 2 4 38 5 45
6 3 1 28 2 24 3 19
7 4 1 23 2 19 3 16 4 20
8 3 3 18 4 23 5 22
9 2 2 25 4 25
10 3 3 12 4 14 5 11
11 4 1 37 2 36 4 33 5 41
12 2 4 23 5 20
13 4 1 7 2 16 3 11 5 7
14 supernode
15 4 2 33 3 40 4 34 5 38
16 2 1 9 5 12
17 3 2 34 4 34 5 31
18 5 1 29 2 33 3 29 4 37 5 30
19 4 1 25 2 23 3 17 4 21
20 2 3 7 4 9
21 end
