1 5 22
out
0 1 2 3
1 (4,5) 
2 21
3 21
4 (15,11,13) 
5 (18,20) 7 9
6 21
7 8
8 6
9 6
10 21
11 12
12 10
13 14
14 10
15 16
16 17
17 10
18 19
19 6
20 6
in
21 (10,6)
10 (17,12,14)
6 (19,20)
info
0 start
1 3 1 45 2 43 5 42
2 2 1 22 4 18
3 3 1 24 2 26 5 29
4 2 2 14 4 13
5 4 1 27 3 24 4 29 5 27
6 2 2 23 4 26
7 4 1 19 2 22 4 19 5 14
8 2 2 15 5 18
9 2 1 13 4 17
10 supernode
11 2 1 37 3 43
12 5 1 18 2 19 3 21 4 23 5 22
13 2 1 21 5 16
14 2 3 20 5 16
15 2 3 22 4 21
16 1 4 35
17 2 1 25 5 26
18 3 2 18 4 21 5 21
19 1 1 19
20 2 2 35 3 40
21 end
