1 5 21
out
0 1 2
1 (9,3,12) 
2 20
3 7 4 5
4 8
5 (17,19) 
6 4
7 (13,14) 
8 20
9 10
10 11
11 20
12 20
13 4
14 15
15 16
16 4
17 18
18 6
19 6
in
20 (8,11,12)
4 (16,13)
6 (18,19)
info
0 start
1 2 1 39 4 32
2 3 1 40 2 42 5 38
3 3 1 38 3 37 5 38
4 3 2 30 3 34 4 31
5 2 2 32 3 31
6 3 1 34 2 33 3 31
7 2 2 31 5 33
8 5 1 45 2 37 3 41 4 38 5 36
9 2 1 38 3 42
10 2 1 33 5 33
11 3 1 24 3 31 5 25
12 4 1 21 2 19 3 22 4 24
13 2 3 32 5 30
14 4 1 33 3 32 4 34 5 31
15 2 1 34 4 29
16 4 1 40 3 37 4 37 5 33
17 1 4 18
18 3 1 39 2 33 5 36
19 1 5 35
20 end
