1 5 21
out
0 1 2 3 4
1 (7,8) 5
2 5 6
3 6
4 6
5 20
6 (11,19) 
7 6
8 9
9 10
10 6
11 16 18 12 13
12 20
13 14
14 15
15 12
16 17
17 12
18 12
19 20
in
6 (7,10)
20 (19,12)
info
0 start
1 4 1 17 2 18 3 24 4 26
2 1 4 41
3 4 1 24 3 22 4 21 5 26
4 2 4 45 5 46
5 2 4 40 5 38
6 1 1 33
7 2 2 10 3 10
8 1 2 41
9 4 1 24 2 20 4 21 5 26
10 3 1 19 3 15 5 16
11 1 3 27
12 4 1 20 3 23 4 21 5 23
13 3 3 31 4 33 5 35
14 3 2 47 3 47 4 46
15 2 1 41 4 41
16 4 2 39 3 38 4 35 5 35
17 1 4 30
18 1 3 35
19 3 2 23 4 16 5 19
20 end
