1 5 20
out
0 1 3
1 2 4
2 19
3 19
4 (7,5,6) 
5 19
6 (11,12,14) 
7 8
8 9
9 19
10 19
11 10
12 13
13 (17,18) 
14 15
15 10
16 10
17 16
18 16
in
19 (9,10,5)
10 (15,16,11)
16 (17,18)
info
0 start
1 4 1 32 2 31 3 34 5 33
2 4 1 37 3 37 4 40 5 37
3 2 3 33 5 28
4 4 1 39 3 38 4 38 5 38
5 3 1 8 2 5 5 10
6 2 4 41 5 38
7 1 4 38
8 2 2 17 3 20
9 2 1 21 4 23
10 supernode
11 4 2 38 3 32 4 39 5 38
12 2 1 28 5 26
13 3 2 15 4 16 5 14
14 3 2 33 3 28 4 27
15 3 1 43 3 40 4 36
16 supernode
17 3 2 18 3 17 5 19
18 4 1 18 2 16 3 20 5 14
19 end
