1 5 22
out
0 (4,13) 1 3
1 21
2 21
3 21
4 7 10 5 6
5 12
6 5
7 8
8 9
9 5
10 11
11 5
12 2
13 15 18 20 14
14 2
15 16
16 17
17 14
18 19
19 14
20 14
in
2 (12,14)
info
0 start
1 2 3 23 5 25
2 2 1 16 4 10
3 4 1 28 2 31 4 32 5 36
4 2 4 30 5 33
5 2 3 7 4 8
6 1 4 34
7 1 3 23
8 3 1 19 2 14 5 16
9 2 2 45 3 42
10 2 2 35 3 31
11 3 3 31 4 23 5 27
12 3 2 19 3 23 5 15
13 3 2 46 3 41 5 42
14 3 2 38 4 36 5 37
15 2 2 34 5 30
16 4 1 15 2 14 3 14 4 9
17 3 1 18 2 13 3 16
18 4 1 16 3 18 4 23 5 14
19 2 1 45 4 42
20 4 1 23 2 19 3 24 5 23
21 end
