1 5 21
out
0 1 2
1 20
2 (3,6) 
3 4
4 (7,17,19) 
5 20
6 20
7 8
8 16 9 10 13
9 5
10 11
11 12
12 9
13 14
14 15
15 9
16 9
17 18
18 5
19 5
in
20 (5,6)
5 (9,18,19)
info
0 start
1 2 3 33 4 36
2 4 1 35 3 30 4 28 5 28
3 4 1 22 2 23 3 24 5 25
4 3 1 18 3 20 5 20
5 2 3 11 4 11
6 3 3 29 4 28 5 26
7 4 1 39 2 42 3 36 4 43
8 4 1 21 3 21 4 26 5 23
9 3 2 40 4 40 5 38
10 2 4 43 5 45
11 3 2 38 4 40 5 35
12 3 1 15 3 15 4 15
13 2 2 28 3 28
14 2 4 38 5 37
15 3 1 36 2 35 5 37
16 2 2 30 3 25
17 3 1 41 2 41 4 40
18 3 3 39 4 39 5 38
19 2 4 18 5 18
20 end
