1 5 22
out
0 (8,9,10) 2 3 4 5
1 7
2 6 7
3 (19,13) 
4 6 7
5 6
6 21
7 21
8 1
9 1
10 11
11 12
12 1
13 14
14 15 16 18
15 6
16 17
17 15
18 15
19 20
20 6
in
1 (8,9,12)
6 (15,20)
info
0 start
1 4 1 39 3 38 4 32 5 31
2 4 1 26 2 22 3 22 4 17
3 3 1 29 3 32 5 28
4 3 3 32 4 37 5 38
5 4 1 43 2 38 4 44 5 47
6 3 2 35 3 36 4 31
7 3 1 19 2 24 5 23
8 2 3 16 4 17
9 2 3 24 4 20
10 2 3 17 4 17
11 3 1 18 3 20 4 18
12 4 1 9 2 13 4 11 5 13
13 2 3 11 5 9
14 1 1 28
15 2 3 24 5 28
16 2 1 33 3 35
17 2 2 10 4 12
18 3 2 12 4 13 5 13
19 3 2 13 4 17 5 13
20 3 1 45 2 45 3 45
21 end
