1 5 21
out
0 1 2 3 4 5 8
1 (18,19) 9 6
2 7
3 6
4 9
5 9 7
6 (16,17,14) 11
7 10 11
8 11 12 13
9 10 12 13
10 20
11 20
12 20
13 20
14 15
15 13
16 13
17 13
18 7
19 7
in
13 (15,16,17)
7 (18,19)
info
0 start
1 3 1 11 2 17 4 17
2 2 1 39 5 42
3 2 1 40 2 41
4 2 3 42 5 45
5 2 2 23 4 22
6 3 3 38 4 37 5 30
7 3 2 13 3 10 5 15
8 2 2 41 4 40
9 4 1 46 3 42 4 46 5 47
10 3 3 24 4 24 5 24
11 1 3 35
12 1 2 37
13 1 4 22
14 4 1 43 2 47 4 42 5 43
15 2 2 33 5 30
16 2 2 28 4 27
17 2 1 45 2 47
18 4 1 44 2 42 4 39 5 42
19 3 1 46 4 43 5 43
20 end
