1 5 21
out
0 1 2 3
1 4
2 6
3 4 5 7
4 9 12
5 9 10 11
6 9 10
7 8 9 12
8 15
9 16 13 14
10 16 13 14
11 (17,18,19) 16 14
12 13
13 20
14 20
15 20
16 20
17 15
18 15
19 15
in
15 (17,18,19)
info
0 start
1 1 2 8
2 3 1 30 2 32 4 37
3 2 3 32 4 31
4 4 1 28 2 28 3 30 4 29
5 3 1 45 3 39 5 42
6 5 1 16 2 19 3 15 4 20 5 19
7 5 1 29 2 30 3 26 4 32 5 31
8 1 5 37
9 3 2 31 3 30 4 26
10 4 1 37 3 37 4 34 5 38
11 2 1 11 5 11
12 3 1 18 3 18 4 23
13 3 1 17 2 15 4 12
14 3 1 28 2 25 4 26
15 3 1 35 3 38 4 35
16 2 4 37 5 35
17 5 1 16 2 14 3 22 4 19 5 14
18 4 1 46 2 41 3 43 4 44
19 2 3 31 4 28
20 end
