1 5 22
out
0 (7,6) 1
1 3 4 5
2 5
3 21
4 (10,12) 
5 (15,16,18) 
6 2
7 8
8 9
9 2
10 11
11 21
12 13
13 21
14 21
15 14
16 17
17 14
18 19
19 20
20 14
in
2 (9,6)
21 (11,13)
14 (15,17,20)
info
0 start
1 2 1 15 4 16
2 3 2 18 3 18 5 14
3 4 1 17 2 23 4 23 5 24
4 2 1 27 3 27
5 4 2 31 3 28 4 33 5 34
6 1 2 14
7 2 4 41 5 39
8 4 1 29 2 28 3 32 4 27
9 2 1 44 3 47
10 4 1 40 2 43 4 48 5 40
11 3 2 25 3 27 4 23
12 1 4 31
13 1 2 49
14 supernode
15 3 2 38 3 38 5 38
16 5 1 41 2 45 3 45 4 43 5 44
17 3 2 31 4 32 5 34
18 2 3 35 4 34
19 4 2 19 3 23 4 23 5 17
20 4 1 11 2 11 4 9 5 7
21 end
