1 5 21
out
0 1 2 3 4
1 8 9 6
2 5 6 7
3 9 5 7
4 8 7
5 13 14 15
6 11 12 14
7 10 14
8 11
9 15
10 16 19
11 16
12 16 18
13 16 18
14 18
15 16 17 19
16 20
17 20
18 20
19 20
in
info
0 start
1 3 1 17 2 23 4 15
2 2 1 20 5 15
3 3 1 38 2 43 5 38
4 3 2 14 3 18 5 13
5 3 1 33 2 36 5 33
6 4 1 31 2 39 4 39 5 32
7 3 1 45 2 45 5 44
8 2 1 10 4 7
9 2 2 19 3 18
10 3 2 9 3 10 4 19
11 3 1 41 3 43 4 42
12 3 2 30 3 34 5 36
13 5 1 23 2 15 3 23 4 18 5 15
14 3 1 49 2 49 4 47
15 1 5 21
16 2 1 32 3 31
17 4 2 10 3 14 4 11 5 18
18 3 1 25 4 19 5 21
19 4 1 22 2 21 3 22 4 19
20 end
