1 5 21
out
0 1 2 3 4 5
1 8
2 6
3 8 6
4 7
5 8 6
6 9 10 11
7 9
8 (12,13) 9
9 20
10 20
11 20
12 (16,19) 
13 14
14 10
15 10
16 17
17 18
18 15
19 15
in
10 (15,14)
15 (18,19)
info
0 start
1 2 2 22 4 23
2 3 1 33 2 30 3 35
3 2 4 38 5 44
4 2 2 31 5 38
5 2 3 11 5 14
6 3 1 16 3 12 5 14
7 2 2 23 3 22
8 2 1 44 4 39
9 4 1 12 3 10 4 16 5 12
10 3 2 18 4 16 5 12
11 4 1 38 2 36 3 39 5 41
12 4 1 28 2 24 4 30 5 29
13 3 1 25 3 21 4 20
14 2 1 13 5 15
15 supernode
16 2 1 40 2 36
17 4 1 34 2 35 4 29 5 26
18 3 2 22 4 17 5 20
19 2 1 20 5 20
20 end
