1 5 22
out
0 1 2 3 7 12
1 4 5 6
2 4
3 4 6
4 8 9 11
5 8 11
6 8 10
7 8 9 11
8 21
9 21
10 21
11 (15,13) 
12 21
13 14
14 21
15 16
16 (18,19,20) 
17 21
18 17
19 17
20 17
in
21 (17,14)
17 (18,19,20)
info
0 start
1 3 1 23 2 22 3 22
2 3 1 48 3 47 5 46
3 2 2 28 3 26
4 3 2 13 3 11 4 18
5 3 1 35 4 38 5 37
6 4 1 43 2 44 3 44 5 44
7 3 2 27 3 25 4 26
8 1 1 45
9 4 1 30 2 25 3 30 4 23
10 3 1 24 2 24 4 24
11 3 1 38 3 30 5 36
12 2 2 29 5 29
13 2 1 25 3 21
14 2 1 8 2 9
15 2 4 20 5 19
16 4 1 46 3 39 4 46 5 40
17 1 3 37
18 3 1 37 3 41 5 43
19 2 2 47 3 49
20 3 1 17 2 20 4 18
21 end
