1 5 20
out
0 1 2
1 (11,12,14) 4
2 3 4
3 (9,5,6) 
4 19
5 19
6 7
7 8
8 19
9 10
10 (16,17,18) 
11 3
12 13
13 3
14 3
15 19
16 15
17 15
18 15
in
19 (15,8,5)
3 (11,13,14)
15 (16,17,18)
info
0 start
1 4 1 10 2 12 3 16 5 10
2 1 2 37
3 4 1 38 3 31 4 31 5 39
4 3 1 24 3 25 4 19
5 3 2 17 3 19 4 20
6 2 2 29 3 28
7 4 1 16 2 21 3 16 4 22
8 3 1 17 2 21 4 23
9 3 2 15 3 12 4 19
10 2 1 26 4 23
11 3 1 31 3 29 5 30
12 4 1 29 3 29 4 31 5 30
13 1 4 33
14 3 2 36 3 35 4 30
15 supernode
16 4 1 40 2 39 3 40 5 37
17 1 2 44
18 2 1 23 5 29
19 end
