1 5 22
out
0 1 2 3
1 21
2 (11,4,13) 
3 21
4 9 5 6
5 10
6 7
7 8
8 5
9 5
10 21
11 12
12 21
13 14
14 15 16 18
15 21
16 17
17 15
18 19
19 20
20 15
in
21 (15,10,12)
info
0 start
1 4 2 38 3 35 4 34 5 35
2 2 4 8 5 15
3 2 2 21 5 20
4 2 1 21 4 13
5 5 1 47 2 44 3 42 4 44 5 44
6 1 2 32
7 4 1 32 2 33 4 30 5 32
8 3 1 24 2 25 3 29
9 3 1 25 3 28 5 20
10 3 1 17 2 22 5 24
11 1 2 19
12 3 2 17 3 20 4 17
13 4 1 38 2 37 3 31 4 30
14 2 2 15 3 15
15 2 1 10 3 20
16 1 3 27
17 1 4 34
18 3 1 23 4 22 5 22
19 4 1 37 2 32 3 32 4 35
20 4 1 15 2 15 3 8 4 10
21 end
