1 5 21
out
0 1 2 3 4 5 10 11
1 7
2 9 6 7
3 8 6 7
4 (18,19) 6 7
5 14
6 14
7 12
8 12 13
9 13
10 15
11 16 17 15
12 16 17 15
13 17 15
14 16 15
15 20
16 20
17 20
18 9
19 9
in
9 (18,19)
info
0 start
1 1 3 22
2 3 3 34 4 38 5 38
3 3 3 14 4 13 5 15
4 1 3 35
5 1 1 25
6 1 3 43
7 2 2 13 3 13
8 4 1 29 3 28 4 23 5 33
9 1 3 42
10 3 1 14 2 9 3 14
11 4 2 28 3 22 4 24 5 26
12 2 1 19 3 20
13 3 2 20 3 16 5 19
14 2 2 45 3 46
15 5 1 5 2 13 3 11 4 9 5 6
16 3 2 19 3 21 4 19
17 2 3 16 5 14
18 4 1 21 2 23 3 21 4 29
19 2 3 23 4 17
20 end
