1 5 22
out
0 (9,5,6) 1
1 (12,14) 3
2 3 4
3 21
4 21
5 2
6 7
7 8
8 2
9 10
10 11
11 2
12 (17,20) 
13 4
14 15
15 16
16 4
17 18
18 19
19 13
20 13
in
2 (8,11,5)
4 (16,13)
13 (19,20)
info
0 start
1 3 1 34 2 37 3 36
2 3 1 15 2 8 3 15
3 4 1 14 2 16 3 11 5 11
4 2 1 13 3 12
5 1 5 33
6 2 2 36 4 39
7 1 5 40
8 1 3 24
9 3 1 21 2 23 4 23
10 3 1 28 4 33 5 28
11 5 1 34 2 37 3 39 4 41 5 38
12 3 2 46 3 41 4 46
13 3 2 41 4 38 5 45
14 1 3 20
15 3 1 14 3 14 4 21
16 2 2 9 3 9
17 3 1 15 2 15 4 12
18 3 2 11 3 12 4 18
19 4 1 26 3 28 4 28 5 24
20 3 1 11 2 7 3 13
21 end
