1 5 21
out
0 1
1 (8,9) 2 4
2 20
3 20
4 (5,6) 
5 20
6 7
7 20
8 3
9 10
10 (15,17,12) 
11 3
12 13
13 14
14 11
15 16
16 11
17 18
18 19
19 11
in
20 (7,5)
3 (8,11)
11 (16,19,14)
info
0 start
1 4 1 29 2 26 3 30 5 32
2 2 3 40 5 33
3 2 1 18 2 19
4 4 1 34 2 31 3 29 4 33
5 3 2 40 4 37 5 37
6 4 1 35 2 40 3 40 5 38
7 1 2 33
8 2 1 24 4 25
9 2 1 15 3 19
10 4 2 10 3 10 4 13 5 11
11 supernode
12 2 1 14 5 9
13 3 1 29 2 26 5 27
14 3 2 18 3 17 4 13
15 4 1 16 3 16 4 19 5 12
16 4 1 41 2 43 4 44 5 40
17 3 3 26 4 18 5 21
18 3 1 11 3 15 5 15
19 2 3 11 5 11
20 end
