1 5 21
out
0 (10,11,12) 2 4
1 3 5 6
2 (18,19) 5 6
3 8 7
4 (15,17) 8
5 8 9 7
6 8 7
7 20
8 20
9 20
10 1
11 1
12 13
13 14
14 1
15 16
16 7
17 7
18 3
19 3
in
1 (10,11,14)
7 (16,17)
3 (18,19)
info
0 start
1 3 2 30 3 26 5 27
2 3 3 44 4 39 5 41
3 1 2 29
4 4 1 29 2 27 3 22 5 31
5 4 2 42 3 44 4 45 5 40
6 3 1 17 2 19 5 13
7 2 1 29 2 35
8 2 3 34 5 30
9 2 2 38 4 39
10 2 2 10 3 8
11 3 1 44 2 48 5 46
12 2 1 9 4 10
13 2 1 34 4 34
14 1 4 21
15 3 1 12 2 13 4 16
16 3 1 35 2 39 5 35
17 4 2 26 3 24 4 27 5 29
18 2 4 18 5 14
19 3 1 23 3 25 4 18
20 end
