1 5 19
out
0 1 3 5 6
1 2 4
2 18
3 (7,10) 
4 (16,17) 
5 18
6 18
7 8
8 (11,14) 
9 18
10 18
11 12
12 13
13 9
14 9
15 18
16 15
17 15
in
18 (9,10)
9 (13,14)
15 (16,17)
info
0 start
1 4 1 13 2 13 3 15 4 13
2 3 1 20 2 20 4 24
3 4 1 44 2 43 3 43 4 42
4 2 2 42 5 40
5 2 2 46 4 41
6 3 1 19 4 20 5 21
7 3 3 29 4 24 5 24
8 4 1 32 2 33 3 37 5 33
9 4 1 9 2 11 3 14 5 6
10 3 2 16 3 20 5 12
11 3 1 25 2 28 5 28
12 2 2 14 5 18
13 2 1 22 2 21
14 1 1 17
15 supernode
16 4 1 24 2 34 3 25 4 24
17 3 2 41 3 46 5 43
18 end
