1 5 21
out
0 1 2 3 4
1 5 7
2 7
3 5 7
4 5 6 7
5 9
6 (17,18) 10 11
7 8 9 12
8 14 15
9 13 14 15
10 14 15
11 13
12 16 13 15
13 20
14 20
15 20
16 20
17 8
18 19
19 8
in
8 (17,19)
info
0 start
1 1 5 18
2 4 2 29 3 29 4 27 5 26
3 2 1 35 3 34
4 5 1 22 2 18 3 17 4 21 5 19
5 2 1 19 3 19
6 2 1 41 2 37
7 5 1 11 2 12 3 16 4 14 5 14
8 4 1 44 2 44 4 42 5 42
9 1 5 36
10 2 2 27 3 26
11 3 1 37 2 39 3 36
12 3 1 43 2 42 5 35
13 1 1 22
14 4 1 36 2 37 4 40 5 39
15 4 1 13 2 20 3 10 5 15
16 3 1 37 2 36 5 36
17 1 1 28
18 3 1 11 4 10 5 15
19 1 4 21
20 end
