1 5 21
out
0 (7,9) 1 3 4
1 6
2 5
3 5 6
4 (11,13) 
5 20
6 20
7 8
8 2
9 10
10 2
11 12
12 20
13 (15,18) 
14 20
15 16
16 17
17 14
18 19
19 14
in
2 (8,10)
20 (12,14)
14 (17,19)
info
0 start
1 2 2 26 5 23
2 3 2 26 3 30 4 28
3 3 1 29 4 31 5 32
4 3 1 15 2 20 4 18
5 3 1 24 3 27 4 25
6 2 1 46 2 45
7 1 3 17
8 4 1 26 2 25 4 24 5 26
9 2 1 29 4 33
10 1 2 45
11 5 1 14 2 12 3 11 4 16 5 7
12 3 2 17 4 16 5 20
13 4 1 10 2 8 3 10 5 14
14 supernode
15 3 1 35 2 32 3 29
16 1 2 25
17 2 1 24 3 24
18 1 4 45
19 3 2 25 4 29 5 24
20 end
