1 5 21
out
0 1 2
1 5 6 7
2 3 4 5
3 9 10
4 9 10 11
5 (16,17) 
6 11
7 8 9 10
8 20
9 (12,13) 
10 20
11 20
12 20
13 14
14 15
15 20
16 9
17 18
18 19
19 9
in
20 (15,12)
9 (16,19)
info
0 start
1 2 3 36 4 40
2 1 3 26
3 2 2 36 5 39
4 5 1 20 2 25 3 25 4 24 5 23
5 2 2 43 4 40
6 3 3 12 4 14 5 17
7 1 4 14
8 1 3 14
9 4 1 15 2 12 4 15 5 13
10 3 1 21 4 21 5 24
11 3 3 23 4 21 5 15
12 3 1 26 2 21 5 25
13 3 2 47 3 41 5 43
14 5 1 33 2 34 3 32 4 31 5 31
15 2 3 32 4 32
16 4 2 16 3 14 4 18 5 15
17 3 1 13 2 18 5 14
18 3 2 34 3 34 5 31
19 4 1 10 3 15 4 11 5 13
20 end
