1 5 22
out
0 (15,18) 1 3 4
1 5
2 7
3 8 5
4 8 6 7
5 9
6 10
7 9 10 11
8 9
9 21
10 21
11 (12,14) 
12 13
13 21
14 21
15 16
16 17
17 2
18 19
19 20
20 2
in
21 (13,14)
2 (17,20)
info
0 start
1 2 1 19 2 9
2 2 3 21 4 11
3 2 3 17 5 15
4 4 2 39 3 42 4 45 5 41
5 2 2 47 3 42
6 3 1 41 2 41 3 43
7 3 1 42 4 40 5 40
8 2 2 17 5 15
9 2 1 15 3 11
10 5 1 43 2 40 3 44 4 49 5 49
11 1 2 13
12 2 1 19 5 21
13 1 1 12
14 2 2 27 5 24
15 4 1 19 2 19 3 23 4 22
16 2 1 41 2 42
17 1 1 13
18 1 4 10
19 4 2 22 3 21 4 17 5 20
20 2 2 41 3 40
21 end
