1 5 20
out
0 1 2 3 6 7 8
1 (9,12,13) 4
2 4 5
3 19
4 19
5 19
6 19
7 19
8 19
9 (15,18,14) 
10 11
11 5
12 5
13 5
14 10
15 16
16 17
17 10
18 10
in
5 (11,12,13)
10 (17,18,14)
info
0 start
1 3 1 13 3 17 4 13
2 3 2 30 3 27 5 35
3 1 1 14
4 2 2 26 3 27
5 3 1 18 2 23 3 23
6 2 3 10 4 13
7 2 1 21 5 25
8 2 1 45 3 42
9 2 3 25 4 24
10 5 1 16 2 13 3 13 4 18 5 14
11 3 3 46 4 42 5 42
12 1 2 9
13 4 2 43 3 45 4 47 5 47
14 3 1 7 3 14 5 13
15 1 3 11
16 4 1 29 3 36 4 29 5 34
17 3 1 29 2 29 5 34
18 3 1 33 3 33 4 30
19 end
