1 5 21
out
0 1 2 3 4 8 14 15
1 7
2 5 7
3 9 5 6
4 9 5
5 10 11 13
6 12
7 10 12
8 10 11 13
9 10 12 13
10 18
11 17
12 18 19
13 16
14 20
15 20
16 20
17 20
18 20
19 20
in
info
0 start
1 2 3 13 4 21
2 1 2 44
3 2 2 26 3 24
4 3 2 17 3 15 5 16
5 5 1 29 2 24 3 19 4 20 5 22
6 3 2 13 3 14 5 14
7 3 1 19 2 16 3 19
8 3 1 26 3 21 5 27
9 2 1 13 2 11
10 3 1 28 3 26 5 28
11 3 1 20 2 16 4 18
12 4 2 14 3 15 4 18 5 20
13 3 2 30 4 33 5 37
14 1 1 28
15 3 1 8 2 14 5 12
16 3 1 41 2 47 3 40
17 3 3 35 4 33 5 35
18 3 2 16 3 15 5 18
19 3 3 49 4 48 5 46
20 end
