1 5 20
out
0 1 2 3 4 5 10
1 8
2 8 6 7
3 6 7
4 (16,13,14) 8
5 8 6 7
6 9
7 9 11
8 11 12
9 19
10 19
11 19
12 19
13 6
14 15
15 6
16 17
17 18
18 6
in
6 (15,18,13)
info
0 start
1 3 1 23 4 23 5 26
2 2 1 20 5 19
3 3 2 21 3 22 5 22
4 3 2 40 3 38 5 43
5 2 2 27 3 27
6 4 2 18 3 18 4 16 5 12
7 3 2 12 3 14 5 12
8 4 2 18 3 12 4 12 5 18
9 1 5 25
10 4 1 44 2 49 3 48 4 43
11 3 1 24 2 26 3 18
12 3 1 24 2 23 4 21
13 3 1 45 2 47 4 46
14 3 2 19 3 20 5 18
15 3 2 25 4 27 5 22
16 3 3 22 4 18 5 22
17 3 3 10 4 8 5 14
18 4 1 35 3 42 4 36 5 36
19 end
