1 5 22
out
0 1 2 3 4 5 9
1 10 6
2 8 11 12
3 11 12 7
4 12
5 12 7
6 16 13 14
7 16
8 15
9 16 13
10 15
11 16 17
12 16 13
13 18 20
14 18 20
15 19 20
16 19 20
17 18
18 21
19 21
20 21
in
info
0 start
1 1 2 36
2 1 5 39
3 1 3 25
4 2 1 41 5 40
5 2 3 21 5 21
6 1 4 13
7 2 3 29 5 31
8 2 1 23 4 23
9 3 1 25 2 25 3 30
10 3 1 11 3 12 5 14
11 3 1 44 2 40 4 41
12 5 1 34 2 37 3 30 4 31 5 38
13 4 1 17 2 19 3 17 5 19
14 4 1 26 3 24 4 28 5 28
15 3 2 10 4 9 5 12
16 3 1 43 3 43 4 47
17 3 1 46 2 47 3 40
18 3 2 40 3 41 5 37
19 4 1 41 2 39 3 33 5 33
20 3 1 24 3 25 4 22
21 end
