1 5 22
out
0 1 2 3 4 5 8
1 11 6 7
2 12
3 11
4 9 10 7
5 9 11
6 17 13
7 16 13 15
8 16 13 15
9 13 14
10 16
11 13
12 16 17 14
13 18 19
14 18 19
15 20
16 18 19 20
17 18 19 20
18 21
19 21
20 21
in
info
0 start
1 3 2 42 3 37 4 37
2 3 3 33 4 32 5 36
3 4 1 19 2 24 3 15 5 21
4 3 1 28 2 29 4 30
5 1 2 27
6 4 1 35 2 30 4 30 5 34
7 3 1 22 3 23 5 23
8 1 4 16
9 1 4 39
10 3 1 18 3 14 5 17
11 1 2 12
12 3 1 31 2 27 3 30
13 2 2 12 3 10
14 1 1 44
15 2 1 33 5 34
16 3 1 7 4 6 5 13
17 1 3 40
18 2 1 41 5 37
19 2 3 18 4 14
20 4 1 12 2 12 3 8 4 9
21 end
