1 5 21
out
0 (7,8) 2 3
1 4 5 6
2 (9,10) 4 6
3 4 6
4 20
5 20
6 20
7 1
8 1
9 5
10 11
11 (15,13) 
12 5
13 14
14 12
15 16
16 17 18 19
17 12
18 17
19 17
in
1 (7,8)
5 (9,12)
12 (17,14)
info
0 start
1 1 2 15
2 3 1 21 2 22 4 24
3 3 1 40 2 39 4 47
4 2 2 26 5 23
5 4 1 31 3 32 4 30 5 29
6 3 1 21 2 27 5 22
7 3 1 43 4 44 5 42
8 4 2 21 3 22 4 21 5 25
9 4 2 10 3 16 4 16 5 10
10 3 1 33 4 34 5 28
11 2 3 32 4 24
12 supernode
13 3 2 35 4 32 5 38
14 1 1 33
15 3 3 24 4 17 5 17
16 2 2 34 4 35
17 4 1 17 2 20 3 19 5 21
18 2 2 15 3 15
19 2 3 23 4 22
20 end
