1 5 21
out
0 1 2 3
1 20
2 (8,9) 
3 (4,6) 
4 (10,11) 
5 20
6 20
7 20
8 7
9 7
10 5
11 12
12 15 18 13 14
13 5
14 13
15 16
16 17
17 13
18 19
19 13
in
20 (5,6)
7 (8,9)
5 (10,13)
info
0 start
1 3 2 36 3 33 4 37
2 4 1 40 2 44 3 44 5 46
3 2 4 47 5 44
4 1 2 47
5 4 1 32 2 34 4 33 5 29
6 3 2 9 3 18 5 19
7 supernode
8 2 1 13 3 13
9 5 1 10 2 11 3 12 4 10 5 16
10 3 1 11 2 12 5 17
11 1 4 15
12 2 2 42 5 45
13 4 1 19 2 22 4 21 5 24
14 2 3 9 5 8
15 3 2 30 3 35 5 33
16 2 4 35 5 29
17 3 1 24 2 21 5 18
18 3 1 11 2 12 4 11
19 2 4 11 5 14
20 end
