1 5 21
out
0 1 2 4
1 5 6
2 (15,17,19) 6
3 (11,14) 
4 (7,9) 
5 20
6 20
7 8
8 20
9 20
10 20
11 12
12 13
13 10
14 10
15 16
16 3
17 18
18 3
19 3
in
20 (8,9)
10 (13,14)
3 (16,18,19)
info
0 start
1 3 1 13 3 15 4 18
2 3 3 17 4 17 5 17
3 3 2 28 4 27 5 27
4 3 1 17 3 18 5 19
5 4 1 33 3 30 4 34 5 36
6 3 1 8 3 13 4 14
7 4 1 43 2 49 4 44 5 44
8 2 4 50 5 45
9 3 1 21 3 18 4 17
10 supernode
11 1 5 44
12 1 4 36
13 1 2 37
14 3 2 12 3 12 4 13
15 3 1 28 2 27 5 31
16 2 1 9 4 14
17 3 1 37 2 33 4 40
18 2 1 13 3 10
19 2 1 27 3 32
20 end
