1 5 22
out
0 1 2 3 4 5
1 (16,17) 10
2 8 9 6
3 9 6 7
4 8 11
5 6
6 (19,20) 13 14
7 14 15
8 13 15
9 12
10 13 14 15
11 12 15
12 21
13 21
14 21
15 21
16 7
17 18
18 7
19 12
20 12
in
7 (16,18)
12 (19,20)
info
0 start
1 3 3 31 4 28 5 33
2 3 2 20 3 20 4 21
3 3 1 34 2 40 5 32
4 4 1 26 3 33 4 33 5 32
5 2 3 15 4 18
6 3 2 13 4 12 5 14
7 1 4 15
8 3 1 36 2 40 4 35
9 2 1 33 5 28
10 3 3 11 4 6 5 11
11 2 3 29 5 27
12 2 2 31 3 39
13 3 1 39 3 33 4 32
14 3 3 17 4 14 5 17
15 1 5 28
16 3 2 13 3 12 5 17
17 2 2 17 3 25
18 2 1 35 3 38
19 2 1 11 5 15
20 3 2 28 3 28 5 29
21 end
