1 5 22
out
0 1 2
1 3 4
2 (5,6) 
3 (8,10,12) 
4 (15,18,20) 
5 3
6 7
7 3
8 9
9 21
10 11
11 21
12 13
13 21
14 21
15 16
16 17
17 14
18 19
19 14
20 14
in
3 (7,5)
21 (9,11,13)
14 (17,19,20)
info
0 start
1 2 3 48 5 47
2 2 3 37 5 38
3 2 3 32 4 23
4 3 1 26 2 29 3 30
5 2 4 38 5 39
6 2 2 32 3 32
7 3 2 47 3 40 5 38
8 4 1 25 3 26 4 24 5 28
9 2 2 11 3 17
10 2 2 16 5 17
11 3 1 25 3 23 5 27
12 4 2 17 3 20 4 21 5 20
13 1 1 33
14 supernode
15 3 1 34 2 33 3 36
16 3 1 13 2 12 3 10
17 4 1 39 3 32 4 39 5 35
18 4 1 45 3 40 4 43 5 42
19 2 1 39 4 38
20 2 2 16 5 10
21 end
