1 5 21
out
0 (11,13) 2 3 4
1 5 6 7
2 5 7
3 5
4 6 7
5 9
6 8 10
7 10
8 20
9 (15,16) 
10 20
11 12
12 (18,19) 
13 14
14 1
15 20
16 20
17 1
18 17
19 17
in
1 (17,14)
20 (15,16)
17 (18,19)
info
0 start
1 3 1 41 4 43 5 38
2 4 2 21 3 22 4 24 5 23
3 4 1 43 2 35 4 40 5 36
4 3 1 33 4 35 5 37
5 2 2 41 5 41
6 5 1 20 2 19 3 18 4 21 5 22
7 2 3 38 4 33
8 3 1 40 4 43 5 46
9 1 5 17
10 2 2 17 4 21
11 2 1 26 5 24
12 3 1 37 2 34 5 33
13 3 1 16 3 23 4 23
14 4 2 24 3 25 4 19 5 25
15 2 2 25 4 24
16 1 3 17
17 supernode
18 2 4 41 5 38
19 1 5 30
20 end
