1 5 20
out
0 1 2
1 (15,18,14) 
2 (3,4) 
3 (7,12) 
4 5
5 19
6 19
7 8 9 10 11
8 6
9 8
10 8
11 8
12 6
13 19
14 13
15 16
16 17
17 13
18 13
in
19 (5,6)
6 (8,12)
13 (17,18,14)
info
0 start
1 4 2 38 3 35 4 35 5 39
2 1 4 18
3 5 1 10 2 8 3 11 4 12 5 11
4 3 2 9 4 14 5 13
5 4 1 11 3 11 4 13 5 9
6 supernode
7 4 1 28 2 28 3 28 4 27
8 4 1 32 2 31 4 29 5 32
9 2 1 36 2 36
10 4 2 35 3 32 4 33 5 32
11 3 1 12 3 10 4 16
12 3 3 29 4 26 5 24
13 supernode
14 4 1 38 2 34 3 38 4 28
15 2 2 39 4 33
16 2 4 26 5 29
17 3 2 12 4 9 5 15
18 2 3 16 4 16
19 end
