1 5 21
out
0 (16,17,13) 2 3
1 4 5 6
2 4 5 6
3 4 6
4 20
5 (7,9) 
6 20
7 8
8 20
9 10 11 12
10 20
11 10
12 10
13 14
14 15
15 1
16 1
17 18
18 19
19 1
in
20 (8,10)
1 (15,16,19)
info
0 start
1 4 1 23 2 19 3 22 4 20
2 3 1 29 3 26 5 28
3 3 2 14 3 15 5 9
4 1 5 28
5 3 3 24 4 28 5 29
6 2 4 11 5 10
7 3 1 29 3 38 4 28
8 1 4 14
9 5 1 28 2 24 3 25 4 31 5 31
10 3 1 16 2 17 4 12
11 3 1 44 2 42 5 45
12 4 1 26 3 18 4 26 5 22
13 2 1 46 5 40
14 3 2 10 4 9 5 12
15 1 5 17
16 2 4 39 5 35
17 3 1 7 2 12 4 7
18 3 2 24 4 22 5 25
19 2 1 39 4 39
20 end
