1 5 22
out
0 1 2 3 4
1 8 6
2 5 6 7
3 8 6 7
4 5
5 21
6 (18,19) 
7 (15,9) 
8 21
9 10
10 11 12 13
11 21
12 11
13 14
14 11
15 16
16 21
17 21
18 17
19 20
20 17
in
21 (16,11)
17 (18,20)
info
0 start
1 2 4 30 5 32
2 2 2 12 3 14
3 2 1 31 2 34
4 1 5 19
5 4 1 31 2 30 4 30 5 31
6 4 1 23 2 22 3 15 4 14
7 2 1 33 5 33
8 4 2 42 3 45 4 39 5 43
9 4 1 30 2 31 3 37 4 33
10 3 2 37 4 35 5 33
11 2 3 30 5 30
12 4 2 27 3 26 4 30 5 30
13 3 1 29 2 23 4 22
14 2 1 23 5 24
15 1 3 32
16 4 1 20 2 25 3 24 4 24
17 supernode
18 3 1 17 3 15 4 14
19 1 2 31
20 2 3 27 5 21
21 end
