1 5 22
out
0 1 2 3 9
1 6
2 4 5 6
3 4
4 7
5 8 10 7
6 7
7 (20,11,12) 
8 21
9 21
10 21
11 21
12 15 18 13 14
13 19
14 13
15 16
16 17
17 13
18 13
19 21
20 21
in
21 (20,11,19)
info
0 start
1 2 3 39 5 38
2 2 3 23 4 22
3 4 1 29 2 31 3 23 5 25
4 3 3 48 4 43 5 41
5 2 1 22 5 19
6 1 5 45
7 2 1 32 2 32
8 2 3 25 5 19
9 2 2 34 3 36
10 2 2 36 4 35
11 4 1 41 2 38 3 41 4 39
12 5 1 20 2 11 3 15 4 13 5 11
13 3 1 36 2 40 5 43
14 1 3 30
15 2 2 16 3 11
16 2 4 20 5 16
17 3 1 29 2 28 3 32
18 1 2 29
19 3 2 36 4 37 5 36
20 2 1 43 4 45
21 end
