1 5 22
out
0 1 2 3 4 6 8
1 5
2 5
3 5
4 9 10 11
5 (17,20) 
6 (12,13) 
7 21
8 21
9 21
10 21
11 21
12 7
13 14
14 15
15 7
16 7
17 18
18 19
19 16
20 16
in
7 (15,12)
16 (19,20)
info
0 start
1 1 5 22
2 3 2 12 4 11 5 14
3 3 3 41 4 43 5 42
4 4 1 46 2 44 4 48 5 48
5 2 3 10 4 9
6 4 1 43 2 44 4 41 5 38
7 2 2 8 3 14
8 3 1 10 2 12 3 10
9 3 1 42 3 43 4 37
10 1 4 20
11 3 2 43 4 46 5 45
12 2 1 19 4 22
13 3 1 35 3 35 5 35
14 2 1 19 4 15
15 4 1 27 3 26 4 35 5 29
16 supernode
17 2 2 25 4 24
18 1 5 41
19 2 1 25 5 31
20 3 1 38 2 36 4 38
21 end
