1 5 22
out
0 1 2 3 4 5 6 7 12 17 20
1 8
2 8
3 9
4 9 10
5 8 10
6 9
7 11
8 15
9 14 15
10 13 15
11 13
12 13 14
13 19
14 16 18 19
15 16 18
16 21
17 21
18 21
19 21
20 21
in
info
0 start
1 2 3 26 4 24
2 4 1 31 2 33 4 28 5 30
3 4 2 46 3 46 4 44 5 46
4 5 1 40 2 44 3 39 4 39 5 40
5 1 3 44
6 2 2 26 4 26
7 2 1 14 3 16
8 2 1 45 5 42
9 1 1 31
10 4 1 34 3 34 4 32 5 35
11 2 4 34 5 29
12 2 1 27 5 25
13 4 1 34 2 41 3 35 5 39
14 3 1 45 3 47 4 43
15 3 3 24 4 22 5 24
16 3 3 15 4 20 5 20
17 2 1 30 2 31
18 3 1 46 2 38 4 42
19 4 1 40 2 40 3 41 5 41
20 4 1 32 3 40 4 32 5 40
21 end
