1 5 22
out
0 (8,11,13) 2 3
1 4 6 7
2 7
3 5 7
4 21
5 21
6 (17,20) 
7 21
8 9
9 10
10 1
11 12
12 1
13 15 16 14
14 1
15 14
16 14
17 18
18 19
19 21
20 21
in
1 (10,12,14)
21 (19,20)
info
0 start
1 2 4 34 5 26
2 3 2 24 4 28 5 32
3 3 1 12 4 11 5 8
4 3 1 44 2 45 3 40
5 2 2 19 4 16
6 1 5 27
7 3 1 12 2 13 3 10
8 1 5 11
9 3 3 42 4 46 5 49
10 4 1 32 2 27 4 31 5 29
11 3 1 42 3 35 4 39
12 1 4 25
13 1 2 18
14 2 3 40 5 37
15 2 2 40 5 36
16 2 4 32 5 35
17 1 2 24
18 3 2 40 4 47 5 43
19 1 3 43
20 4 1 27 2 33 3 30 4 33
21 end
