1 5 22
out
0 1 2 3 4 7 10
1 8
2 (17,14) 8 5
3 6
4 8 9
5 13
6 12
7 12
8 13
9 11 13
10 21
11 21
12 21
13 21
14 (18,19,20) 
15 16
16 6
17 6
18 15
19 15
20 15
in
6 (16,17)
15 (18,19,20)
info
0 start
1 3 2 13 4 14 5 15
2 3 1 11 2 12 3 11
3 2 4 43 5 38
4 3 2 12 4 10 5 13
5 2 1 42 4 41
6 4 1 20 2 24 3 23 4 22
7 3 1 41 2 37 5 40
8 3 1 23 3 27 5 25
9 2 1 12 2 14
10 5 1 37 2 31 3 37 4 33 5 39
11 1 4 36
12 3 1 27 2 27 4 27
13 1 5 22
14 2 3 18 5 20
15 4 1 30 2 31 4 33 5 27
16 2 1 27 4 31
17 2 1 29 5 30
18 2 1 6 3 6
19 1 5 26
20 4 1 12 2 16 3 18 4 14
21 end
