1 5 21
out
0 1 2 3 4
1 (8,9) 
2 6
3 (12,13) 5 7
4 5 6 7
5 20
6 20
7 20
8 5
9 10
10 11
11 5
12 6
13 14
14 15
15 (17,18) 
16 6
17 16
18 19
19 16
in
5 (8,11)
6 (16,12)
16 (17,19)
info
0 start
1 2 2 37 3 34
2 3 1 36 2 39 3 37
3 2 1 15 2 18
4 2 3 33 4 35
5 4 1 14 3 16 4 19 5 18
6 2 3 19 5 22
7 1 4 25
8 3 1 15 2 19 3 22
9 3 1 40 4 43 5 43
10 4 1 46 2 41 3 43 4 43
11 3 2 21 4 21 5 28
12 5 1 18 2 19 3 19 4 20 5 21
13 2 2 19 4 24
14 2 4 38 5 41
15 3 3 34 4 43 5 42
16 supernode
17 1 2 35
18 4 1 8 2 14 3 12 4 8
19 4 1 30 2 25 4 29 5 26
20 end
