1 5 21
out
0 1 2 3 4 6 17 19
1 8 5
2 7
3 7
4 5 7
5 14
6 9 11 12
7 11 14
8 10 13 14
9 15
10 16
11 18 15
12 18 15
13 15
14 18
15 20
16 20
17 20
18 20
19 20
in
info
0 start
1 3 1 13 4 13 5 10
2 1 3 34
3 4 1 37 3 36 4 35 5 38
4 3 1 8 3 14 5 5
5 3 2 36 3 38 5 36
6 4 1 36 3 35 4 37 5 35
7 2 4 11 5 12
8 3 1 18 2 17 5 17
9 2 1 18 3 16
10 4 1 32 2 32 4 37 5 32
11 3 3 41 4 41 5 41
12 2 1 40 3 44
13 2 1 26 3 20
14 4 1 24 3 22 4 16 5 18
15 1 4 37
16 2 1 14 4 13
17 1 2 22
18 4 1 39 2 37 3 38 4 38
19 3 1 42 4 43 5 44
20 end
