1 5 22
out
0 (8,10,5) 2
1 3 4
2 3
3 21
4 21
5 (11,12) 
6 7
7 1
8 9
9 1
10 1
11 6
12 17 20 13 14
13 6
14 15
15 16
16 13
17 18
18 19
19 13
20 13
in
1 (7,9,10)
6 (11,13)
info
0 start
1 4 1 18 2 18 3 16 5 12
2 3 1 21 2 21 3 20
3 1 1 16
4 5 1 25 2 23 3 31 4 28 5 28
5 2 2 42 3 48
6 3 1 47 2 43 3 44
7 2 4 31 5 25
8 1 1 22
9 2 4 27 5 32
10 2 3 32 5 35
11 3 2 40 4 43 5 40
12 2 2 21 3 21
13 5 1 44 2 40 3 39 4 45 5 39
14 4 2 41 3 45 4 46 5 45
15 1 4 47
16 4 1 47 3 47 4 42 5 50
17 2 3 49 4 41
18 4 1 39 2 41 3 37 4 35
19 3 2 13 3 11 5 11
20 3 1 39 4 45 5 44
21 end
