1 5 22
out
0 (13,14) 2 3 4 5
1 (15,16,17) 
2 (18,19) 6 7
3 8
4 6 7
5 8 7
6 9 10
7 9 10 11
8 10 12
9 21
10 21
11 21
12 21
13 1
14 1
15 6
16 6
17 6
18 8
19 20
20 8
in
1 (13,14)
6 (15,16,17)
8 (18,20)
info
0 start
1 3 2 12 3 9 4 6
2 1 4 37
3 2 3 29 5 26
4 3 1 22 3 28 5 24
5 1 1 43
6 4 1 22 3 26 4 22 5 25
7 2 1 11 3 17
8 5 1 41 2 41 3 47 4 47 5 42
9 2 3 20 4 26
10 3 2 44 3 41 5 44
11 3 1 9 3 5 5 12
12 1 3 13
13 2 1 24 4 21
14 2 3 29 4 33
15 1 1 32
16 1 2 38
17 1 4 37
18 2 2 22 4 17
19 3 2 11 3 17 4 15
20 1 3 13
21 end
