1 5 21
out
0 (8,9,17) 1 3 4
1 5 6 7
2 5 7
3 5 6 7
4 6
5 20
6 20
7 20
8 2
9 10 11 12 13
10 16
11 10
12 10
13 14
14 15
15 10
16 2
17 18
18 19
19 2
in
2 (8,19,16)
info
0 start
1 4 1 38 2 42 4 40 5 39
2 3 1 34 3 37 4 41
3 2 2 21 3 21
4 4 1 16 2 12 4 17 5 9
5 2 2 45 3 47
6 2 3 24 5 15
7 3 2 26 3 28 4 27
8 2 1 14 5 19
9 4 2 20 3 16 4 11 5 17
10 3 2 11 3 15 4 13
11 3 1 49 2 47 4 42
12 2 3 26 4 31
13 1 1 28
14 1 3 22
15 3 1 25 2 22 3 22
16 4 2 18 3 17 4 13 5 15
17 1 2 41
18 3 1 45 3 44 4 40
19 2 3 32 4 23
20 end
