1 5 22
out
0 1 2 3 4 5 6
1 7
2 (16,17) 9 10
3 8 9 10
4 (11,14) 10
5 8 9
6 8 10
7 8
8 21
9 (19,20) 
10 21
11 12
12 13
13 8
14 8
15 8
16 15
17 18
18 15
19 21
20 21
in
8 (13,14)
15 (16,18)
21 (19,20)
info
0 start
1 3 2 42 3 42 4 39
2 4 1 40 2 46 3 50 4 49
3 2 2 25 5 18
4 4 1 30 2 25 4 25 5 31
5 3 2 44 3 41 5 42
6 4 1 41 3 43 4 41 5 46
7 2 2 45 3 42
8 4 1 9 2 14 4 5 5 14
9 1 5 11
10 2 3 30 4 27
11 5 1 25 2 29 3 24 4 23 5 29
12 2 3 39 4 46
13 2 1 29 2 30
14 1 4 22
15 supernode
16 2 2 9 3 8
17 4 2 37 3 38 4 33 5 38
18 2 1 40 2 42
19 3 2 26 3 29 5 26
20 1 4 15
21 end
