1 5 20
out
0 (16,14) 2 3
1 19
2 (4,5) 
3 (8,11,13) 
4 19
5 6
6 19
7 19
8 9
9 10
10 7
11 12
12 7
13 7
14 15
15 1
16 17
17 18
18 1
in
19 (4,6)
7 (10,12,13)
1 (15,18)
info
0 start
1 3 1 39 2 33 4 36
2 4 1 33 2 35 3 35 5 43
3 4 1 25 2 31 4 28 5 25
4 2 1 35 2 34
5 1 4 27
6 2 2 26 5 25
7 supernode
8 1 2 38
9 2 3 12 5 18
10 4 1 18 3 10 4 14 5 13
11 2 2 17 4 16
12 3 1 21 2 23 3 28
13 3 2 27 4 27 5 28
14 4 1 42 3 45 4 47 5 41
15 3 2 46 3 42 5 48
16 4 1 31 2 36 4 39 5 36
17 3 1 40 3 36 5 40
18 3 1 19 3 25 5 21
19 end
