1 5 20
out
0 1 2
1 (15,16,17) 
2 3 4 5
3 19
4 19
5 (7,6) 
6 19
7 8
8 9
9 (11,13) 
10 19
11 12
12 10
13 14
14 10
15 5
16 5
17 18
18 5
in
19 (10,6)
10 (12,14)
5 (15,16,18)
info
0 start
1 3 1 40 2 38 3 36
2 2 2 11 3 10
3 2 2 11 3 14
4 2 2 42 3 39
5 3 2 30 3 25 4 23
6 2 4 13 5 16
7 4 1 14 2 12 3 15 5 9
8 4 1 21 2 16 4 24 5 20
9 3 2 14 3 14 4 10
10 supernode
11 3 1 23 2 18 5 21
12 5 1 40 2 33 3 37 4 36 5 40
13 2 2 27 4 30
14 4 1 13 2 11 4 11 5 15
15 3 2 33 3 33 5 31
16 1 1 15
17 2 3 13 5 15
18 1 5 18
19 end
