1 5 22
out
0 1 2 3 5
1 6
2 4 6
3 (7,12,13) 
4 21
5 21
6 (15,16,14) 
7 8
8 9 10 11
9 4
10 9
11 9
12 4
13 4
14 21
15 21
16 17 18 19 20
17 21
18 17
19 17
20 17
in
4 (9,12,13)
21 (15,17,14)
info
0 start
1 1 1 35
2 3 1 41 4 34 5 35
3 2 3 27 5 23
4 1 1 36
5 4 2 34 3 32 4 30 5 32
6 3 1 24 2 30 4 32
7 3 1 13 3 13 5 15
8 3 3 40 4 42 5 39
9 2 2 34 4 32
10 3 1 11 2 16 3 16
11 2 3 38 5 37
12 3 3 30 4 32 5 26
13 2 1 42 5 45
14 3 2 36 3 31 4 33
15 4 2 42 3 40 4 40 5 36
16 2 1 42 2 36
17 4 1 40 2 42 3 47 4 47
18 2 1 30 2 28
19 3 1 30 4 31 5 35
20 3 1 11 2 17 3 11
21 end
