1 5 22
out
0 1 2 3 4 5 6 7
1 8 11 12
2 10 11
3 8 11 12
4 10 12
5 8 11
6 8 9
7 9 10 12
8 15
9 13 14 15
10 13 15
11 16 14 15
12 17 14
13 18 19 20
14 18 19 20
15 20
16 18 20
17 18 19
18 21
19 21
20 21
in
info
0 start
1 3 1 17 3 23 4 19
2 4 1 12 2 13 4 13 5 10
3 2 2 14 5 7
4 4 1 46 3 43 4 46 5 42
5 4 1 12 3 12 4 16 5 9
6 1 4 16
7 1 3 20
8 3 2 43 4 42 5 49
9 2 1 22 2 21
10 4 1 29 2 31 4 28 5 25
11 3 2 32 3 35 4 30
12 3 1 40 2 42 3 39
13 1 5 12
14 4 1 27 3 28 4 28 5 26
15 4 1 26 3 26 4 29 5 30
16 4 1 40 2 37 4 36 5 42
17 3 1 18 3 10 4 17
18 1 1 34
19 3 2 45 3 45 4 43
20 1 5 20
21 end
