1 5 21
out
0 1 2
1 (8,5,6) 3
2 3 4
3 20
4 20
5 4
6 7
7 4
8 9
9 10 11 14
10 4
11 (16,17) 
12 13
13 10
14 (18,19) 
15 10
16 12
17 12
18 15
19 15
in
4 (7,10,5)
12 (16,17)
15 (18,19)
info
0 start
1 5 1 36 2 39 3 35 4 37 5 41
2 4 2 33 3 26 4 29 5 32
3 3 2 23 3 23 5 22
4 2 4 21 5 24
5 3 1 11 2 13 4 13
6 4 1 35 2 34 3 35 5 38
7 2 1 32 5 30
8 1 1 32
9 3 2 27 3 29 4 26
10 2 3 27 5 32
11 1 2 42
12 2 3 27 4 26
13 2 1 19 4 21
14 2 4 15 5 14
15 2 1 25 5 28
16 3 1 22 4 18 5 23
17 1 3 29
18 2 3 28 5 27
19 2 3 40 5 43
20 end
