1 5 22
out
0 (15,12,13) 2 3 4 7
1 8
2 8 5 6
3 (9,10) 5 6
4 8 5 6
5 21
6 (16,18,19) 
7 21
8 21
9 8
10 11
11 8
12 1
13 14
14 1
15 1
16 17
17 21
18 21
19 20
20 21
in
8 (9,11)
1 (15,12,14)
21 (17,18,20)
info
0 start
1 4 1 33 3 33 4 40 5 36
2 2 1 19 3 25
3 2 2 37 5 32
4 3 1 36 3 42 5 39
5 1 2 19
6 2 4 35 5 34
7 3 2 18 3 24 5 19
8 4 2 38 3 39 4 33 5 34
9 2 3 25 5 23
10 4 1 33 2 33 3 33 5 34
11 4 1 32 3 33 4 35 5 28
12 2 2 31 3 30
13 3 2 41 3 34 5 36
14 4 1 32 2 31 3 37 5 32
15 3 1 25 4 22 5 24
16 2 1 35 5 37
17 2 1 17 4 21
18 2 2 35 4 34
19 3 3 39 4 41 5 39
20 1 4 16
21 end
