1 5 22
out
0 1 2 3
1 21
2 (4,6) 
3 21
4 (7,10) 
5 21
6 21
7 8
8 9
9 5
10 (17,18,20) 
11 16 12 13
12 5
13 14
14 15
15 12
16 12
17 11
18 19
19 11
20 11
in
21 (5,6)
5 (9,12)
11 (17,19,20)
info
0 start
1 4 2 15 3 10 4 15 5 11
2 3 1 43 2 41 5 38
3 3 1 33 3 29 4 34
4 4 1 19 2 19 4 16 5 26
5 4 1 24 2 22 3 27 5 24
6 1 4 33
7 3 2 20 3 20 5 19
8 3 2 22 4 20 5 20
9 1 2 19
10 3 1 31 3 23 5 31
11 2 1 26 2 27
12 3 1 37 3 33 4 34
13 4 1 17 3 17 4 14 5 14
14 1 5 19
15 3 1 10 4 10 5 12
16 3 3 27 4 25 5 22
17 2 3 35 4 38
18 1 2 9
19 1 4 26
20 3 1 22 3 23 5 20
21 end
