1 5 22
out
0 (19,12) 1 2
1 21
2 (7,4,5) 
3 21
4 21
5 (8,11) 
6 21
7 21
8 9
9 10
10 6
11 6
12 15 13 14
13 18
14 13
15 16
16 17
17 13
18 3
19 20
20 3
in
21 (7,4,6)
6 (10,11)
3 (18,20)
info
0 start
1 4 1 37 2 34 4 35 5 38
2 3 2 26 4 28 5 25
3 4 1 23 2 19 3 26 4 22
4 3 1 45 3 46 4 46
5 3 1 35 2 33 3 35
6 5 1 20 2 18 3 19 4 21 5 21
7 3 2 31 3 29 4 35
8 4 1 22 3 18 4 23 5 20
9 2 1 30 2 34
10 2 1 22 2 22
11 3 2 43 4 45 5 38
12 2 1 45 2 48
13 3 3 36 4 38 5 39
14 3 1 22 2 17 5 23
15 2 1 44 4 44
16 4 1 28 2 31 3 30 4 34
17 1 3 24
18 2 2 39 5 37
19 3 3 39 4 41 5 38
20 4 1 37 2 37 3 33 4 32
21 end
