1 5 21
out
0 (19,13) 1 7
1 4
2 (8,10,12) 5 6
3 20
4 20
5 20
6 20
7 20
8 9
9 3
10 11
11 3
12 3
13 15 18 14
14 2
15 16
16 17
17 14
18 14
19 2
in
3 (9,11,12)
2 (19,14)
info
0 start
1 4 2 33 3 31 4 30 5 25
2 2 2 23 3 31
3 1 5 25
4 3 1 45 2 41 4 42
5 3 1 24 2 28 5 24
6 1 4 9
7 3 1 18 2 19 5 19
8 5 1 14 2 18 3 15 4 16 5 17
9 3 2 26 3 26 4 26
10 1 1 34
11 4 1 38 3 38 4 41 5 44
12 3 1 29 3 36 4 33
13 1 1 17
14 3 2 26 3 23 5 28
15 3 1 33 4 30 5 30
16 4 1 23 2 20 3 23 5 19
17 1 5 35
18 3 2 27 3 25 4 28
19 3 2 33 4 30 5 31
20 end
