1 5 21
out
0 1 2 3 4 5
1 8 7
2 8 6
3 6
4 (15,17,12) 8 6
5 8
6 9 10 11
7 10 11
8 9 10 11
9 20
10 20
11 20
12 13
13 14
14 7
15 16
16 7
17 18
18 19
19 7
in
7 (16,19,14)
info
0 start
1 2 1 19 2 18
2 5 1 31 2 31 3 31 4 35 5 34
3 3 1 12 3 9 5 6
4 4 1 30 2 33 3 32 4 34
5 2 4 42 5 42
6 4 1 24 2 21 3 23 4 22
7 2 1 33 2 29
8 1 2 13
9 2 1 15 5 17
10 2 2 43 4 48
11 2 2 26 3 28
12 4 1 31 3 27 4 28 5 30
13 2 1 29 3 27
14 2 3 30 5 32
15 3 2 35 4 37 5 39
16 4 1 42 3 43 4 42 5 41
17 2 3 44 4 46
18 2 2 43 4 39
19 3 1 28 2 26 5 26
20 end
