1 5 22
out
0 (9,10,12) 1 2
1 5
2 4
3 (8,6) 
4 21
5 21
6 7
7 21
8 21
9 3
10 11
11 (15,16,18) 
12 13
13 3
14 3
15 14
16 17
17 14
18 19
19 20
20 14
in
21 (7,8)
3 (9,13,14)
14 (15,17,20)
info
0 start
1 4 1 21 2 22 3 20 5 23
2 4 2 19 3 17 4 22 5 16
3 5 1 33 2 32 3 29 4 33 5 33
4 2 1 30 5 30
5 3 3 46 4 46 5 41
6 3 1 33 2 35 3 35
7 1 1 24
8 1 5 43
9 4 1 29 2 29 3 28 5 26
10 2 3 25 4 22
11 3 2 27 4 30 5 28
12 3 2 27 3 24 5 29
13 2 1 15 2 9
14 supernode
15 3 1 19 2 18 4 26
16 4 2 22 3 27 4 27 5 26
17 3 2 42 3 39 5 36
18 3 2 23 3 15 5 19
19 3 1 26 2 19 4 25
20 1 3 48
21 end
