1 5 20
out
0 1 2 3 4 5 10
1 8 9 7
2 8 9 6
3 8 7
4 8 6
5 7
6 11 12 14
7 12 13 14
8 14
9 11 12
10 16 17 15
11 16 17 18
12 18 15
13 16 18 15
14 17
15 19
16 19
17 19
18 19
in
info
0 start
1 1 3 26
2 4 1 25 2 25 3 27 4 28
3 5 1 24 2 28 3 24 4 25 5 27
4 2 3 26 5 29
5 3 1 35 2 40 4 43
6 3 1 27 2 21 4 20
7 4 1 7 2 17 4 8 5 9
8 2 3 22 5 26
9 4 1 14 2 6 3 8 5 7
10 4 1 20 2 16 3 13 4 13
11 2 1 15 5 17
12 2 3 13 4 9
13 2 1 12 3 17
14 2 2 20 4 17
15 2 3 42 4 42
16 3 2 17 4 11 5 17
17 2 1 17 2 14
18 2 1 24 2 25
19 end
