1 5 21
out
0 1 2 3 11 13
1 4 5 7
2 4 6 7
3 5 6
4 9
5 12
6 8 10 14
7 14
8 16 18 15
9 18
10 16 17
11 17 18 19
12 18 19
13 17 15
14 18
15 20
16 20
17 20
18 20
19 20
in
info
0 start
1 1 5 31
2 3 1 14 3 16 5 14
3 4 1 33 2 31 3 34 5 39
4 1 3 32
5 3 3 23 4 26 5 26
6 4 2 31 3 26 4 28 5 34
7 4 1 34 3 31 4 28 5 33
8 2 2 16 5 12
9 1 1 23
10 3 1 31 2 28 5 37
11 1 2 40
12 4 2 18 3 17 4 13 5 20
13 4 1 14 2 12 4 12 5 10
14 5 1 17 2 20 3 21 4 14 5 15
15 3 1 37 2 34 4 34
16 3 1 41 2 40 4 37
17 3 1 32 2 28 5 28
18 2 1 14 3 12
19 4 1 41 2 41 3 40 5 43
20 end
