1 5 22
out
0 1 2 3 4
1 5 6
2 6
3 5 6
4 5
5 21
6 (7,8) 
7 21
8 9 10 11 14
9 21
10 9
11 (16,18,19) 
12 13
13 9
14 15
15 9
16 17
17 12
18 12
19 20
20 12
in
21 (7,9)
12 (17,18,20)
info
0 start
1 2 2 22 3 23
2 3 1 47 3 42 4 47
3 2 2 12 4 15
4 3 3 33 4 30 5 36
5 1 3 16
6 5 1 19 2 18 3 28 4 23 5 24
7 2 1 18 2 24
8 3 1 32 2 31 5 34
9 2 4 41 5 41
10 3 1 23 2 21 5 26
11 3 1 27 3 34 4 35
12 3 2 10 4 14 5 15
13 3 2 41 4 45 5 39
14 1 4 30
15 3 3 16 4 15 5 19
16 3 1 9 4 10 5 10
17 3 1 26 2 22 5 21
18 3 1 26 2 23 4 22
19 2 2 29 5 25
20 4 2 32 3 33 4 31 5 29
21 end
