1 5 22
out
0 1 2 4
1 3 6
2 (7,8,11) 5
3 21
4 21
5 21
6 21
7 3
8 9
9 10
10 (18,20) 
11 12
12 15 16 13 14
13 3
14 13
15 13
16 13
17 3
18 19
19 17
20 17
in
3 (7,17,13)
17 (19,20)
info
0 start
1 1 4 46
2 2 3 12 4 14
3 1 5 9
4 2 1 48 4 46
5 3 1 28 3 34 5 29
6 3 2 20 4 26 5 21
7 3 1 46 2 46 4 40
8 1 5 16
9 2 4 42 5 37
10 1 3 36
11 2 1 25 2 28
12 2 1 24 4 29
13 4 1 21 2 22 3 25 5 23
14 3 1 23 2 22 3 31
15 3 2 19 4 22 5 23
16 2 1 32 3 35
17 supernode
18 3 3 25 4 21 5 20
19 4 1 43 2 42 4 44 5 43
20 1 3 25
21 end
