1 5 22
out
0 1 2 3 4 5
1 8
2 8 9
3 8 7
4 6
5 (10,11,12) 8 9
6 21
7 21
8 21
9 21
10 (15,16,18) 
11 7
12 13
13 7
14 7
15 14
16 17
17 14
18 19
19 20
20 14
in
7 (11,13,14)
14 (15,17,20)
info
0 start
1 3 3 26 4 23 5 26
2 3 1 31 3 28 5 31
3 3 1 13 3 9 5 7
4 3 3 37 4 34 5 40
5 2 2 20 5 24
6 1 4 46
7 2 4 21 5 12
8 2 1 12 3 8
9 1 3 29
10 4 1 11 2 11 3 11 5 11
11 1 3 20
12 2 1 6 5 16
13 2 3 11 4 7
14 supernode
15 4 2 19 3 23 4 19 5 25
16 3 3 15 4 15 5 17
17 4 2 16 3 12 4 16 5 16
18 2 3 22 4 19
19 3 1 43 2 48 4 45
20 1 4 31
21 end
