1 5 21
out
0 1 2 3 4 6
1 9 10
2 10 7
3 8
4 (17,18,19) 8 9
5 11 12 13
6 12
7 11 12
8 13
9 13
10 (16,14) 
11 20
12 20
13 20
14 15
15 11
16 11
17 5
18 5
19 5
in
11 (15,16)
5 (17,18,19)
info
0 start
1 3 3 10 4 12 5 9
2 2 1 21 4 14
3 4 1 25 2 21 3 23 5 24
4 2 3 38 5 38
5 1 5 12
6 3 1 23 3 19 4 21
7 1 4 23
8 2 1 24 3 25
9 2 1 40 3 44
10 5 1 41 2 34 3 39 4 41 5 37
11 1 5 38
12 3 1 40 2 40 4 35
13 2 2 32 3 28
14 2 2 25 5 25
15 3 2 15 3 13 5 15
16 4 1 29 3 35 4 30 5 32
17 3 1 21 3 22 4 20
18 2 1 38 5 40
19 2 3 43 4 37
20 end
