1 5 19
out
0 1 2 3 9
1 4 5
2 4 6 7
3 4 5 6
4 8 10
5 8 10
6 8
7 10
8 18
9 18
10 (11,12,14) 
11 (16,17) 
12 13
13 18
14 18
15 18
16 15
17 15
in
18 (15,13,14)
15 (16,17)
info
0 start
1 5 1 21 2 21 3 21 4 20 5 20
2 1 3 33
3 3 2 36 4 35 5 38
4 3 1 31 3 26 4 26
5 3 1 43 4 47 5 48
6 2 2 38 4 38
7 4 1 27 2 31 3 27 4 27
8 3 1 13 3 17 5 14
9 2 2 24 5 18
10 3 1 15 3 9 5 15
11 4 1 34 2 36 3 30 5 32
12 3 2 34 3 37 5 42
13 4 1 26 2 22 4 24 5 22
14 3 3 24 4 22 5 22
15 supernode
16 4 1 41 2 45 4 42 5 49
17 3 3 29 4 29 5 29
18 end
