1 5 22
out
0 (7,9,10) 1 2
1 4 5
2 4 5
3 (15,17,18) 4 5
4 21
5 21
6 21
7 8
8 (12,13) 
9 3
10 3
11 3
12 11
13 14
14 11
15 16
16 6
17 6
18 19
19 20
20 6
in
3 (9,10,11)
11 (12,14)
6 (16,17,20)
info
0 start
1 2 2 22 3 24
2 2 1 42 4 42
3 5 1 25 2 24 3 28 4 27 5 25
4 1 5 37
5 5 1 36 2 35 3 31 4 36 5 35
6 3 2 34 3 32 5 35
7 2 4 17 5 21
8 2 3 31 5 25
9 3 2 11 3 13 5 11
10 1 2 34
11 supernode
12 3 1 12 3 7 4 9
13 4 1 16 2 7 3 16 5 17
14 3 1 14 3 18 4 15
15 4 2 18 3 19 4 19 5 16
16 3 3 32 4 37 5 37
17 4 1 27 2 27 4 32 5 35
18 3 1 31 3 23 4 31
19 2 3 25 5 27
20 3 1 7 3 14 4 12
21 end
