1 5 21
out
0 1 2 3
1 4
2 (16,19,14) 
3 (8,10,5) 
4 (12,13) 
5 6
6 7
7 20
8 9
9 20
10 20
11 20
12 11
13 11
14 15
15 4
16 17
17 18
18 4
19 4
in
20 (7,9,10)
11 (12,13)
4 (15,18,19)
info
0 start
1 3 3 38 4 38 5 39
2 2 3 42 4 39
3 1 3 45
4 2 4 35 5 37
5 2 3 36 4 32
6 1 5 41
7 2 2 18 4 19
8 5 1 20 2 22 3 22 4 22 5 20
9 3 1 23 3 17 4 17
10 3 1 38 4 35 5 34
11 supernode
12 2 2 23 3 22
13 3 1 31 3 26 5 25
14 2 1 15 4 17
15 3 3 18 4 18 5 18
16 2 4 18 5 20
17 3 1 22 2 26 4 27
18 3 1 22 2 22 5 21
19 4 2 22 3 18 4 19 5 20
20 end
