1 5 20
out
0 1 2 3 4
1 6 7
2 (12,13,14) 
3 6
4 (8,11) 
5 19
6 19
7 (16,17) 
8 9
9 10
10 19
11 19
12 5
13 5
14 5
15 19
16 15
17 18
18 15
in
19 (10,11)
5 (12,13,14)
15 (16,18)
info
0 start
1 3 1 33 2 34 4 34
2 3 1 27 2 35 5 33
3 4 1 41 2 40 3 45 5 40
4 5 1 30 2 31 3 25 4 25 5 24
5 5 1 40 2 39 3 41 4 36 5 39
6 2 4 14 5 19
7 3 1 24 3 30 5 28
8 4 1 8 2 10 3 10 5 10
9 2 3 38 4 38
10 1 3 19
11 1 4 25
12 3 2 22 3 28 5 22
13 4 2 8 3 8 4 10 5 12
14 4 1 32 2 29 3 32 5 30
15 supernode
16 4 2 42 3 42 4 43 5 45
17 2 1 34 5 35
18 2 1 28 5 32
19 end
