1 5 20
out
0 1 2 3 4 5 11
1 9 7
2 9 10 7
3 6
4 10
5 8
6 12
7 12 13 14
8 12 13
9 13 14
10 13
11 18 15
12 16 17
13 18
14 16 17 18
15 19
16 19
17 19
18 19
in
info
0 start
1 3 3 21 4 19 5 23
2 2 1 39 5 40
3 3 1 25 3 23 4 28
4 3 2 29 3 23 4 24
5 3 1 24 3 22 4 20
6 2 1 29 3 21
7 3 1 14 3 14 5 13
8 3 1 29 4 26 5 31
9 2 1 32 3 30
10 4 1 35 3 31 4 31 5 31
11 2 3 16 4 17
12 5 1 40 2 45 3 46 4 38 5 43
13 4 1 40 2 44 4 38 5 44
14 2 4 32 5 36
15 3 2 17 4 15 5 20
16 4 2 29 3 29 4 21 5 20
17 2 4 43 5 39
18 3 1 32 2 30 5 29
19 end
