1 5 22
out
0 (8,5) 1 3
1 4
2 4
3 (11,12) 
4 21
5 6
6 7
7 2
8 9
9 10
10 2
11 (16,17,18) 
12 13
13 14
14 4
15 4
16 15
17 15
18 19
19 20
20 15
in
2 (7,10)
4 (15,14)
15 (16,17,20)
info
0 start
1 2 3 44 5 43
2 2 3 21 5 22
3 3 1 40 2 45 5 40
4 1 4 38
5 1 1 32
6 3 1 40 4 33 5 32
7 2 3 29 4 29
8 4 1 35 3 39 4 39 5 35
9 3 3 21 4 13 5 18
10 2 3 34 5 34
11 3 1 33 3 32 5 37
12 3 2 12 4 13 5 14
13 4 2 8 3 13 4 8 5 10
14 2 3 43 4 36
15 supernode
16 2 2 35 5 30
17 2 2 39 4 41
18 3 1 16 3 22 5 17
19 2 2 47 3 48
20 2 1 27 3 25
21 end
