1 5 22
out
0 1 2 3 4
1 (15,9) 
2 5
3 5 6
4 (7,8) 
5 21
6 21
7 21
8 21
9 (16,19) 
10 11 12 14
11 6
12 13
13 11
14 11
15 6
16 17
17 18
18 10
19 20
20 10
in
21 (7,8)
6 (15,11)
10 (18,20)
info
0 start
1 3 3 22 4 19 5 21
2 4 1 18 2 18 3 14 5 17
3 2 3 40 4 41
4 2 3 31 5 30
5 2 1 36 4 38
6 1 1 10
7 3 1 32 3 40 4 38
8 3 1 30 2 31 3 37
9 2 3 22 4 22
10 3 2 12 3 9 4 9
11 4 1 33 3 35 4 34 5 32
12 3 2 27 3 30 5 33
13 4 2 26 3 23 4 24 5 27
14 3 1 29 3 32 4 28
15 1 1 34
16 3 2 36 3 30 4 32
17 3 1 16 3 19 5 20
18 2 4 36 5 39
19 3 2 12 3 10 5 13
20 2 1 10 2 11
21 end
