1 5 22
out
0 1 2 3 4 5 8
1 (18,20) 6 7
2 9
3 9 7
4 12
5 10 12 13
6 11 13
7 11 12 13
8 11 12 13
9 13
10 16 15
11 17 14
12 16 17 14
13 16 14 15
14 21
15 21
16 21
17 21
18 19
19 9
20 9
in
9 (19,20)
info
0 start
1 3 1 32 2 33 5 30
2 3 2 49 3 41 4 47
3 4 1 15 3 12 4 15 5 13
4 1 1 10
5 1 5 9
6 2 1 16 2 16
7 3 2 43 3 41 4 37
8 5 1 18 2 15 3 17 4 22 5 15
9 3 1 40 2 30 4 32
10 3 2 24 3 27 5 22
11 3 2 35 4 39 5 33
12 2 1 32 3 32
13 1 3 17
14 1 4 26
15 2 1 24 3 19
16 2 1 28 2 24
17 4 2 22 3 23 4 25 5 25
18 2 2 43 5 35
19 2 2 7 3 6
20 3 2 17 4 21 5 23
21 end
