1 5 21
out
0 (15,17) 1 2 3
1 8 5 7
2 7
3 8 6 7
4 8 6
5 (13,14) 
6 9 10 11
7 10 11 12
8 10 11 12
9 20
10 20
11 20
12 20
13 11
14 11
15 16
16 4
17 18
18 19
19 4
in
11 (13,14)
4 (16,19)
info
0 start
1 4 1 19 2 19 3 13 4 14
2 1 4 43
3 2 1 14 4 9
4 3 2 33 3 35 5 34
5 3 2 41 4 45 5 46
6 3 2 31 3 32 5 35
7 2 4 38 5 41
8 4 1 30 2 28 3 26 5 28
9 4 1 24 2 30 3 26 5 24
10 3 1 36 2 43 5 40
11 2 1 20 2 24
12 2 1 40 4 39
13 1 1 18
14 3 1 39 2 38 5 35
15 1 1 19
16 4 1 39 2 36 3 44 4 44
17 3 1 22 2 24 3 14
18 3 1 25 2 31 3 33
19 3 1 34 4 38 5 39
20 end
