1 5 22
out
0 1 2 3 4
1 5 6 7
2 6
3 5 6
4 8 5 7
5 10
6 (16,18,14) 10 11
7 10 11
8 (12,13) 9 11
9 21
10 21
11 21
12 10
13 10
14 15
15 9
16 17
17 9
18 19
19 20
20 9
in
10 (12,13)
9 (15,17,20)
info
0 start
1 4 1 15 2 21 3 21 5 21
2 2 1 34 5 29
3 2 1 16 3 21
4 4 1 22 2 17 3 18 5 19
5 2 2 36 4 32
6 1 1 22
7 3 2 32 3 37 4 35
8 3 2 37 4 31 5 35
9 3 1 22 2 13 3 18
10 2 1 32 5 35
11 3 3 40 4 39 5 37
12 3 1 36 2 32 5 31
13 1 5 33
14 3 2 30 3 31 4 26
15 2 3 13 5 15
16 3 1 17 4 18 5 18
17 1 1 13
18 2 1 32 5 32
19 3 1 41 2 35 5 35
20 1 1 20
21 end
