1 5 21
out
0 (11,5) 2
1 3 4
2 3 4
3 (17,18) 
4 20
5 6
6 7 8 9
7 1
8 7
9 10
10 7
11 (16,13,14) 
12 1
13 12
14 15
15 12
16 12
17 20
18 19
19 20
in
1 (7,12)
12 (15,16,13)
20 (17,19)
info
0 start
1 3 1 48 3 45 4 45
2 1 2 41
3 2 1 28 5 29
4 2 1 10 2 10
5 1 5 29
6 2 3 21 4 21
7 3 3 23 4 20 5 23
8 1 5 18
9 4 1 14 3 16 4 11 5 13
10 3 2 41 3 37 4 37
11 2 4 19 5 13
12 supernode
13 3 2 25 3 22 5 24
14 2 3 43 4 41
15 4 1 41 2 36 3 37 5 39
16 3 1 17 3 13 4 14
17 3 3 36 4 35 5 36
18 2 2 22 3 20
19 4 1 46 2 44 3 42 5 45
20 end
