1 5 21
out
0 (17,18) 1 2 3 4
1 8 9 7
2 9
3 9 6 7
4 8 9 6
5 8
6 (12,13,14) 
7 10 11
8 11
9 10 11
10 20
11 20
12 10
13 10
14 15
15 16
16 10
17 5
18 19
19 5
in
10 (16,12,13)
5 (17,19)
info
0 start
1 2 1 26 5 33
2 3 2 15 3 15 5 8
3 4 2 40 3 43 4 42 5 42
4 2 1 46 4 41
5 5 1 30 2 29 3 26 4 24 5 29
6 1 3 20
7 1 2 46
8 2 1 10 4 7
9 5 1 18 2 14 3 19 4 15 5 16
10 2 1 16 4 15
11 4 1 25 2 32 4 26 5 30
12 2 1 7 4 10
13 4 2 35 3 31 4 37 5 37
14 2 1 29 5 29
15 2 1 32 2 31
16 2 3 46 5 47
17 3 1 23 2 31 5 24
18 1 5 28
19 2 1 20 3 22
20 end
