1 5 22
out
0 (16,17,18) 1 2
1 4 5 6
2 4 6
3 (8,11,14) 
4 21
5 21
6 21
7 21
8 9
9 10
10 7
11 12
12 (19,20) 
13 7
14 15
15 7
16 3
17 3
18 3
19 13
20 13
in
7 (15,10,13)
3 (16,17,18)
13 (19,20)
info
0 start
1 1 4 25
2 2 1 13 5 17
3 2 2 9 4 15
4 3 3 34 4 32 5 38
5 4 2 36 3 35 4 36 5 37
6 1 5 18
7 1 4 30
8 3 2 18 3 16 5 18
9 2 2 38 3 38
10 2 3 46 4 46
11 4 2 26 3 29 4 28 5 29
12 2 2 14 3 13
13 2 1 39 5 36
14 2 1 13 4 16
15 3 1 31 4 37 5 41
16 3 1 39 4 41 5 39
17 3 1 18 2 15 5 17
18 3 1 32 3 34 5 30
19 2 1 28 4 28
20 1 2 43
21 end
