1 5 22
out
0 1 2 3 4
1 (9,10,13) 
2 6 7
3 8 6 7
4 5 6
5 21
6 21
7 21
8 21
9 (15,17,20) 
10 11
11 12
12 5
13 5
14 5
15 16
16 14
17 18
18 19
19 14
20 14
in
5 (12,13,14)
14 (16,19,20)
info
0 start
1 3 2 14 4 15 5 13
2 3 1 35 2 34 5 35
3 4 1 8 2 14 4 14 5 12
4 2 3 14 4 7
5 3 1 45 3 44 5 44
6 2 2 18 3 14
7 3 3 10 4 15 5 9
8 3 3 31 4 33 5 33
9 1 5 13
10 4 1 39 2 32 3 39 5 33
11 4 1 10 2 8 3 12 4 8
12 4 1 34 3 39 4 40 5 36
13 2 3 28 4 31
14 supernode
15 1 4 29
16 4 1 8 3 11 4 12 5 13
17 4 1 9 3 11 4 11 5 8
18 2 3 39 5 36
19 5 1 25 2 18 3 22 4 25 5 22
20 3 2 13 3 12 4 14
21 end
