1 5 21
out
0 1 2 3 4 5 6 7 8 19
1 10 12 13
2 10
3 9
4 10
5 12
6 13
7 11 12
8 10 12 13
9 16 14 15
10 16 14 15
11 15
12 16 14 15
13 16 14 15
14 17 18
15 18
16 18
17 20
18 20
19 20
in
info
0 start
1 3 1 23 4 25 5 22
2 3 1 21 4 27 5 25
3 4 1 40 2 41 4 38 5 35
4 3 1 21 2 20 4 30
5 3 1 39 2 39 3 30
6 1 4 47
7 2 1 13 3 21
8 3 2 39 4 39 5 42
9 3 1 34 2 36 4 41
10 1 1 44
11 3 1 40 2 36 4 40
12 4 1 44 3 42 4 41 5 38
13 4 2 10 3 13 4 11 5 17
14 3 3 34 4 27 5 34
15 4 1 36 2 42 3 35 4 41
16 4 1 15 2 14 3 17 4 10
17 3 2 14 3 15 5 11
18 4 1 33 2 35 4 33 5 38
19 3 1 19 2 16 4 19
20 end
