1 5 20
out
0 1 2 3 4 5 8 9
1 11
2 11
3 10 6
4 11 7
5 10 7
6 12 13 14
7 13 14
8 14 15
9 12
10 12 14 15
11 12
12 16 17 18
13 16 17 18
14 16 17
15 16 17 18
16 19
17 19
18 19
in
info
0 start
1 3 2 21 3 25 5 22
2 3 1 11 2 17 4 17
3 4 1 28 3 24 4 30 5 28
4 4 1 20 2 23 4 22 5 23
5 1 5 37
6 2 3 42 5 41
7 2 4 32 5 31
8 2 1 25 5 22
9 2 2 6 5 11
10 2 2 21 5 20
11 4 1 15 2 12 3 10 5 12
12 3 2 35 3 38 4 35
13 3 1 42 2 44 4 39
14 4 1 20 3 26 4 23 5 23
15 2 3 33 5 29
16 3 1 42 3 44 4 39
17 1 5 32
18 1 2 41
19 end
