1 5 22
out
0 (3,6) 2
1 21
2 21
3 4
4 5
5 (15,14) 
6 7
7 (9,11,12) 
8 1
9 10
10 8
11 8
12 8
13 1
14 13
15 16 17 20
16 13
17 18
18 19
19 16
20 16
in
1 (8,13)
8 (10,11,12)
13 (16,14)
info
0 start
1 2 1 38 2 38
2 1 3 21
3 4 2 14 3 17 4 14 5 17
4 2 2 28 5 26
5 1 2 43
6 3 1 9 2 11 5 12
7 1 4 41
8 supernode
9 4 2 33 3 32 4 32 5 31
10 2 4 42 5 40
11 4 1 19 2 19 3 13 5 14
12 2 1 32 3 35
13 supernode
14 5 1 23 2 24 3 26 4 26 5 26
15 1 5 23
16 2 4 11 5 13
17 2 3 17 5 15
18 2 1 15 4 11
19 5 1 24 2 22 3 24 4 23 5 23
20 3 1 16 4 17 5 11
21 end
