1 5 22
out
0 (15,18) 1
1 4
2 3 4 5
3 21
4 21
5 (8,10,6) 
6 (12,13) 
7 21
8 9
9 21
10 11
11 21
12 7
13 14
14 7
15 16
16 17
17 2
18 19
19 20
20 2
in
21 (7,9,11)
7 (12,14)
2 (17,20)
info
0 start
1 1 3 26
2 2 1 35 3 34
3 2 1 12 5 12
4 3 2 43 3 39 4 41
5 2 2 29 4 26
6 2 2 25 3 19
7 2 2 28 5 32
8 2 2 34 5 36
9 3 1 28 2 30 5 24
10 2 1 16 3 16
11 3 1 33 3 33 5 36
12 1 2 27
13 2 2 27 3 29
14 2 2 22 5 21
15 3 1 43 2 46 5 49
16 2 2 43 5 39
17 1 3 30
18 3 3 38 4 37 5 41
19 2 1 32 4 41
20 3 1 21 4 17 5 19
21 end
