1 5 21
out
0 (11,13) 1 2 6
1 (16,17,14) 
2 5
3 (18,19) 5 7
4 8 10
5 9
6 8 10
7 8
8 20
9 20
10 20
11 12
12 3
13 3
14 15
15 7
16 7
17 7
18 4
19 4
in
3 (12,13)
7 (15,16,17)
4 (18,19)
info
0 start
1 4 2 38 3 43 4 38 5 42
2 3 3 37 4 42 5 37
3 3 1 29 3 29 5 33
4 1 3 19
5 3 1 16 2 18 4 17
6 2 2 21 4 21
7 4 2 15 3 17 4 20 5 15
8 3 1 12 2 12 5 8
9 3 1 44 2 48 3 49
10 1 3 14
11 5 1 15 2 15 3 14 4 13 5 14
12 3 2 35 3 33 4 29
13 2 1 27 4 25
14 2 2 32 5 28
15 3 1 13 4 11 5 7
16 3 3 17 4 20 5 23
17 3 1 14 4 13 5 15
18 2 3 19 5 11
19 2 3 12 5 12
20 end
