1 5 21
out
0 (3,4,5) 2
1 20
2 20
3 (9,12) 
4 1
5 6
6 7
7 (15,17,19) 
8 1
9 10
10 11
11 8
12 13
13 8
14 1
15 16
16 14
17 18
18 14
19 14
in
1 (8,4,14)
8 (11,13)
14 (16,18,19)
info
0 start
1 1 5 40
2 4 1 41 2 36 3 42 5 36
3 2 2 19 4 18
4 3 2 22 4 20 5 22
5 4 2 30 3 34 4 28 5 30
6 3 1 24 2 17 5 19
7 3 1 36 3 39 4 36
8 supernode
9 2 3 45 4 44
10 3 1 35 3 30 4 32
11 2 1 46 5 46
12 4 1 10 2 19 4 18 5 18
13 2 4 29 5 35
14 supernode
15 2 1 14 5 17
16 3 2 22 4 17 5 20
17 2 4 20 5 19
18 4 1 30 2 24 3 27 5 22
19 3 1 19 2 16 4 23
20 end
