1 5 22
out
0 1 2 3
1 (10,12,14) 
2 21
3 (7,4) 
4 5
5 6
6 21
7 8
8 21
9 (16,19) 
10 11
11 9
12 13
13 9
14 9
15 21
16 17
17 18
18 15
19 20
20 15
in
21 (8,6)
9 (11,13,14)
15 (18,20)
info
0 start
1 3 1 33 2 33 4 27
2 2 1 39 3 43
3 3 2 34 3 34 5 36
4 2 3 41 5 46
5 3 1 30 3 32 4 38
6 1 1 38
7 4 1 16 2 20 4 18 5 17
8 3 1 41 2 46 3 44
9 supernode
10 4 1 41 2 46 4 46 5 41
11 3 1 16 2 14 4 16
12 2 2 10 4 19
13 2 2 42 4 49
14 4 1 15 2 14 3 12 5 18
15 supernode
16 2 2 15 3 16
17 3 1 24 4 26 5 21
18 3 1 29 2 27 5 30
19 1 5 31
20 2 1 18 4 14
21 end
