1 5 22
out
0 (16,17,20) 2 3
1 4 6
2 5 7
3 5 6 7
4 21
5 21
6 21
7 (8,10) 
8 9
9 21
10 11
11 15 12 13 14
12 21
13 12
14 12
15 12
16 1
17 18
18 19
19 1
20 1
in
21 (9,12)
1 (16,19,20)
info
0 start
1 3 1 15 2 17 5 14
2 3 2 33 4 35 5 30
3 2 1 16 3 14
4 1 1 42
5 3 2 13 4 10 5 10
6 4 2 30 3 29 4 32 5 28
7 3 2 23 4 22 5 19
8 3 1 29 2 29 3 26
9 4 1 20 3 29 4 28 5 30
10 1 3 38
11 3 1 30 3 35 5 35
12 1 4 24
13 2 1 17 3 14
14 3 1 28 2 33 5 32
15 2 3 18 4 22
16 4 1 39 2 38 3 38 5 33
17 4 1 31 2 24 4 27 5 32
18 2 1 12 3 14
19 3 1 27 2 28 4 32
20 1 3 28
21 end
