1 5 21
out
0 1 2 3
1 20
2 (4,5) 
3 (12,14) 
4 (9,10) 
5 6
6 7
7 20
8 20
9 8
10 8
11 20
12 13
13 11
14 15 16 17
15 11
16 15
17 18
18 19
19 15
in
20 (7,8)
8 (9,10)
11 (15,13)
info
0 start
1 4 1 34 2 37 3 39 5 32
2 2 2 37 5 32
3 1 3 8
4 2 4 30 5 28
5 3 1 9 2 13 4 16
6 2 2 43 3 42
7 2 3 40 5 37
8 supernode
9 2 2 18 3 16
10 3 3 17 4 15 5 20
11 supernode
12 3 1 12 2 13 4 8
13 3 1 30 3 34 5 40
14 4 1 12 2 10 3 9 5 11
15 2 1 24 2 24
16 3 1 30 2 29 5 31
17 3 1 15 4 11 5 13
18 5 1 34 2 32 3 35 4 35 5 35
19 3 1 45 3 39 4 38
20 end
