1 5 22
out
0 1
1 (12,5) 2 3
2 21
3 21
4 (15,14) 
5 7 10 6
6 4
7 8
8 (16,19) 
9 6
10 11
11 6
12 13
13 4
14 21
15 21
16 17
17 18
18 9
19 20
20 9
in
4 (13,6)
21 (15,14)
9 (18,20)
info
0 start
1 3 1 15 2 16 4 12
2 1 4 34
3 1 4 40
4 3 2 20 4 21 5 15
5 2 4 18 5 17
6 1 3 45
7 3 1 29 2 28 5 26
8 1 3 38
9 3 2 11 4 16 5 14
10 2 3 16 4 17
11 3 1 35 3 40 4 33
12 5 1 39 2 36 3 40 4 39 5 42
13 1 1 34
14 4 1 35 2 35 3 30 4 30
15 2 1 13 2 13
16 4 2 38 3 31 4 39 5 33
17 3 2 16 3 10 5 10
18 4 1 16 2 24 4 16 5 21
19 3 1 38 2 38 4 40
20 4 2 37 3 29 4 34 5 36
21 end
