1 5 22
out
0 1 2 3
1 (7,9) 4 6
2 4 6
3 4 5 6
4 (15,10,12) 
5 21
6 21
7 8
8 5
9 5
10 11
11 21
12 (16,17,19) 
13 14
14 21
15 21
16 13
17 18
18 13
19 20
20 13
in
5 (8,9)
21 (15,11,14)
13 (16,18,20)
info
0 start
1 2 1 35 3 40
2 1 3 13
3 3 2 10 4 11 5 17
4 1 2 39
5 3 2 32 3 30 4 33
6 4 1 18 2 18 4 14 5 18
7 3 1 30 3 25 5 27
8 4 2 26 3 30 4 23 5 30
9 4 1 40 2 38 3 36 4 35
10 2 1 23 2 26
11 4 1 35 2 34 3 35 5 32
12 1 4 39
13 4 1 37 2 42 3 38 5 35
14 3 1 39 3 48 4 47
15 2 3 22 4 25
16 1 3 22
17 3 1 43 2 42 5 37
18 2 2 30 4 30
19 3 2 36 3 35 4 39
20 3 1 41 2 40 4 46
21 end
