1 5 20
out
0 1 2 3
1 (7,4) 
2 19
3 19
4 5
5 6
6 19
7 (9,10) 
8 (16,12,14) 
9 8
10 8
11 19
12 13
13 11
14 15
15 11
16 17
17 18
18 11
in
19 (11,6)
8 (9,10)
11 (15,18,13)
info
0 start
1 4 1 22 2 29 3 24 4 29
2 1 3 31
3 2 2 31 4 31
4 2 3 18 5 17
5 3 1 32 4 24 5 28
6 3 1 14 2 15 3 14
7 4 1 21 2 19 3 13 4 17
8 supernode
9 2 1 43 5 44
10 4 1 40 3 42 4 45 5 45
11 supernode
12 3 3 21 4 18 5 16
13 4 1 23 2 22 3 26 4 24
14 2 2 22 4 20
15 5 1 43 2 45 3 45 4 43 5 47
16 3 3 24 4 26 5 23
17 2 2 14 4 17
18 3 1 17 3 20 4 17
19 end
