1 5 21
out
0 1 2
1 20
2 (3,4,6) 
3 (10,12,14) 
4 5
5 20
6 7
7 8
8 20
9 (16,19) 
10 11
11 9
12 13
13 9
14 9
15 20
16 17
17 18
18 15
19 15
in
20 (15,8,5)
9 (11,13,14)
15 (18,19)
info
0 start
1 1 3 14
2 2 1 20 3 15
3 3 2 44 3 41 4 42
4 3 3 10 4 9 5 15
5 4 2 12 3 15 4 14 5 12
6 3 1 35 2 26 3 27
7 2 1 13 5 19
8 4 2 13 3 13 4 12 5 10
9 supernode
10 2 3 19 4 17
11 4 2 41 3 40 4 46 5 44
12 3 2 16 3 20 5 18
13 1 2 27
14 3 2 24 4 21 5 25
15 supernode
16 2 2 9 4 12
17 2 1 9 4 10
18 2 1 16 3 18
19 3 1 18 4 19 5 16
20 end
