1 5 22
out
0 1 2 3 4
1 7
2 8 5 6
3 8 6
4 5 6
5 12
6 9 10
7 9 11 12
8 10 12
9 21
10 21
11 (15,18,13) 
12 21
13 14
14 21
15 16
16 17
17 21
18 19
19 20
20 21
in
21 (17,20,14)
info
0 start
1 2 1 37 4 31
2 2 1 38 5 40
3 2 1 41 2 41
4 4 1 47 2 47 3 41 5 48
5 3 1 33 3 27 5 31
6 1 1 36
7 2 2 9 5 10
8 4 1 30 2 26 3 24 5 30
9 3 1 30 4 30 5 29
10 3 2 36 3 35 5 28
11 3 3 35 4 33 5 35
12 2 3 32 5 30
13 2 1 18 3 18
14 2 4 30 5 33
15 1 4 35
16 4 1 37 2 41 4 40 5 36
17 3 2 38 3 36 4 36
18 2 2 19 5 17
19 3 2 17 3 22 5 24
20 5 1 37 2 32 3 42 4 37 5 34
21 end
