1 5 21
out
0 (9,10) 2 3 4
1 5 6 7
2 8
3 5 6
4 (18,19) 
5 (15,11,12) 
6 20
7 20
8 20
9 1
10 1
11 20
12 13
13 14
14 20
15 16
16 17
17 20
18 7
19 7
in
1 (9,10)
20 (17,11,14)
7 (18,19)
info
0 start
1 3 2 31 4 35 5 37
2 2 2 24 5 25
3 3 1 16 4 13 5 22
4 5 1 43 2 37 3 44 4 38 5 40
5 2 1 33 5 38
6 4 1 9 2 9 4 16 5 10
7 2 1 22 4 19
8 4 1 28 3 29 4 28 5 29
9 3 1 18 3 17 5 14
10 2 2 36 4 32
11 2 4 36 5 32
12 2 2 27 4 22
13 4 2 36 3 35 4 35 5 41
14 1 1 25
15 4 1 20 2 28 4 28 5 20
16 3 3 27 4 31 5 27
17 3 1 27 2 31 5 34
18 1 3 18
19 1 4 28
20 end
