1 5 22
out
0 (5,6) 2 4
1 3
2 21
3 21
4 21
5 1
6 (15,13) 
7 (16,17,18) 8 11
8 1
9 10
10 8
11 12
12 8
13 14
14 7
15 7
16 9
17 9
18 19
19 20
20 9
in
1 (8,5)
7 (15,14)
9 (16,17,20)
info
0 start
1 3 2 43 4 42 5 41
2 4 1 36 2 35 3 37 4 37
3 2 1 12 4 10
4 3 2 31 3 30 4 28
5 2 1 40 4 37
6 2 4 39 5 39
7 2 3 36 5 30
8 4 1 18 3 14 4 17 5 13
9 4 1 13 3 16 4 9 5 16
10 2 1 14 5 14
11 3 2 43 3 39 5 39
12 4 1 26 3 26 4 29 5 26
13 1 4 22
14 2 2 24 3 18
15 4 1 20 2 23 3 25 4 26
16 4 1 40 2 41 4 45 5 43
17 4 1 25 3 26 4 21 5 27
18 2 1 36 3 33
19 4 1 17 2 20 3 18 5 10
20 2 4 44 5 42
21 end
