1 5 22
out
0 (9,11,14) 1 3 4 5
1 (16,18,19) 8 6
2 6 7
3 8 7
4 8
5 8 6 7
6 21
7 21
8 21
9 10
10 2
11 12
12 13
13 2
14 15
15 2
16 17
17 7
18 7
19 20
20 7
in
2 (15,10,13)
7 (17,18,20)
info
0 start
1 1 1 32
2 1 2 31
3 2 2 44 4 40
4 4 1 27 2 31 3 27 4 29
5 1 4 27
6 1 2 34
7 3 1 10 2 12 5 9
8 3 1 22 2 21 3 16
9 3 1 38 2 39 3 39
10 4 2 29 3 29 4 26 5 25
11 2 2 16 4 12
12 2 2 24 3 21
13 2 3 33 5 27
14 2 3 18 4 18
15 2 1 17 2 20
16 3 1 15 4 14 5 17
17 2 4 42 5 42
18 3 2 18 4 19 5 18
19 3 3 39 4 45 5 46
20 4 1 25 3 25 4 28 5 21
21 end
