1 5 22
out
0 1 2 3 4
1 (9,10,6) 
2 5
3 5
4 5
5 21
6 (16,12,14) 
7 8
8 5
9 5
10 (17,20) 
11 5
12 13
13 7
14 15
15 7
16 7
17 18
18 19
19 11
20 11
in
5 (8,9,11)
7 (15,16,13)
11 (19,20)
info
0 start
1 3 2 28 3 27 4 23
2 4 1 15 2 16 4 19 5 15
3 1 5 42
4 5 1 33 2 32 3 33 4 35 5 37
5 5 1 44 2 43 3 47 4 42 5 45
6 3 2 36 3 40 4 36
7 2 3 24 4 25
8 3 1 15 2 11 4 11
9 3 1 35 2 36 3 41
10 5 1 25 2 19 3 24 4 26 5 27
11 3 1 29 2 34 5 29
12 2 1 29 2 27
13 2 2 20 5 28
14 4 1 38 2 38 3 38 5 43
15 3 2 41 4 36 5 39
16 3 1 30 3 30 5 24
17 1 2 9
18 1 5 13
19 1 4 21
20 3 2 28 3 26 5 25
21 end
