1 5 22
out
0 1 2 3 4 5 6 9
1 (13,14) 
2 (19,20) 7
3 8
4 8
5 8 7
6 7
7 10
8 11 12
9 21
10 21
11 21
12 21
13 7
14 15 16 17 18
15 7
16 15
17 15
18 15
19 8
20 8
in
7 (15,13)
8 (19,20)
info
0 start
1 4 1 37 2 47 4 40 5 42
2 3 2 26 4 20 5 18
3 4 1 18 3 18 4 12 5 16
4 2 2 24 3 25
5 3 1 20 4 14 5 21
6 3 2 39 4 38 5 41
7 4 1 39 2 41 4 42 5 37
8 3 2 20 3 18 5 23
9 4 1 38 2 42 3 44 5 44
10 4 1 18 2 19 3 21 4 20
11 3 2 6 4 9 5 8
12 2 3 23 5 25
13 1 1 38
14 5 1 13 2 11 3 11 4 9 5 13
15 3 1 24 3 23 5 20
16 3 1 39 3 34 5 37
17 2 1 17 2 13
18 3 1 10 2 14 4 17
19 3 1 23 2 28 5 31
20 3 2 47 3 39 4 48
21 end
