1 5 22
out
0 1 2 3
1 21
2 (4,13) 
3 21
4 9 10 5 6
5 21
6 7
7 8
8 5
9 5
10 (19,20) 
11 (16,14) 
12 5
13 21
14 15
15 12
16 17
17 18
18 12
19 11
20 11
in
21 (5,13)
12 (15,18)
11 (19,20)
info
0 start
1 2 4 38 5 42
2 3 1 15 2 18 3 15
3 4 1 40 2 44 3 43 5 44
4 2 3 25 5 20
5 2 1 27 3 24
6 3 2 18 3 10 5 11
7 2 3 30 5 35
8 4 1 40 2 37 4 35 5 37
9 1 1 7
10 1 4 23
11 3 1 36 3 37 4 38
12 3 1 30 3 30 5 25
13 2 4 35 5 35
14 1 4 33
15 2 2 26 5 21
16 3 2 30 4 33 5 32
17 3 2 34 3 39 4 41
18 3 1 42 2 45 4 44
19 2 3 31 5 28
20 5 1 21 2 22 3 25 4 24 5 26
21 end
