1 5 22
out
0 1 2 3 4 5 6 8 10 11 13 14 19
1 7
2 7
3 7
4 7
5 7
6 7
7 9 12
8 18 15
9 16 15
10 15
11 17 20
12 16 18 15
13 21
14 21
15 21
16 21
17 21
18 21
19 21
20 21
in
info
0 start
1 4 1 28 2 30 3 36 5 38
2 1 5 22
3 4 2 20 3 22 4 24 5 18
4 2 2 19 5 22
5 3 3 32 4 38 5 40
6 2 1 28 4 30
7 2 1 41 5 35
8 3 1 42 2 44 5 45
9 3 1 44 3 46 4 43
10 2 2 16 5 22
11 4 1 16 3 12 4 16 5 15
12 2 1 20 2 15
13 3 1 41 2 46 5 42
14 2 3 42 5 43
15 2 1 36 3 37
16 1 2 33
17 1 4 47
18 3 1 26 3 25 4 31
19 1 3 31
20 3 1 27 2 29 3 24
21 end
