1 5 21
out
0 1 2 3 4 13 18
1 5
2 5 6 7
3 5 6
4 5 7
5 8 9 10
6 8 10
7 8 11 12
8 19
9 19 14
10 16 17 15
11 17
12 19 14
13 16 14
14 20
15 20
16 20
17 20
18 20
19 20
in
info
0 start
1 3 1 17 2 19 3 13
2 3 1 40 2 41 5 40
3 2 3 43 4 44
4 4 1 28 3 30 4 33 5 29
5 3 2 23 3 26 4 33
6 3 1 20 3 21 5 16
7 3 1 30 2 30 5 30
8 3 2 32 4 34 5 29
9 1 4 40
10 2 1 27 2 32
11 3 1 23 3 24 4 26
12 3 1 12 3 14 4 19
13 3 1 12 2 15 4 15
14 4 1 36 2 38 3 32 4 37
15 3 2 32 3 30 5 35
16 3 2 12 3 11 5 12
17 3 3 16 4 19 5 18
18 3 1 26 2 29 4 26
19 3 2 42 3 40 5 40
20 end
