1 5 21
out
0 (12,13) 8 1 2 3
1 4 7
2 6
3 6
4 20
5 (9,10) 
6 20
7 20
8 20
9 20
10 (16,17) 
11 20
12 5
13 14
14 15
15 5
16 11
17 18
18 19
19 11
in
20 (9,11)
5 (15,12)
11 (16,19)
info
0 start
1 1 2 9
2 1 2 12
3 4 1 43 2 45 4 43 5 42
4 5 1 41 2 40 3 38 4 33 5 38
5 4 2 23 3 28 4 23 5 23
6 3 1 14 3 13 4 11
7 4 1 37 2 34 4 37 5 37
8 3 3 44 4 36 5 41
9 4 1 13 2 12 3 15 5 12
10 4 1 40 3 37 4 38 5 39
11 2 3 44 5 41
12 5 1 22 2 19 3 20 4 21 5 19
13 2 2 32 4 32
14 4 1 24 2 27 4 22 5 25
15 3 1 27 2 22 5 27
16 1 2 22
17 3 2 31 3 34 5 32
18 3 2 18 3 18 4 23
19 2 2 25 5 28
20 end
