1 5 22
out
0 1 2 3
1 8 4 7
2 5
3 4 6
4 21
5 (9,11) 
6 21
7 21
8 21
9 10
10 21
11 (15,13) 
12 21
13 (18,19) 
14 12
15 16
16 17
17 12
18 14
19 20
20 14
in
21 (10,12)
12 (17,14)
14 (18,20)
info
0 start
1 3 1 11 3 10 4 13
2 3 1 12 2 13 4 12
3 5 1 27 2 24 3 27 4 28 5 29
4 1 5 16
5 4 1 35 2 33 4 39 5 39
6 2 1 34 3 35
7 3 1 28 2 26 5 27
8 4 2 34 3 35 4 28 5 30
9 2 1 21 2 21
10 3 1 14 3 15 4 16
11 4 1 23 2 26 3 21 4 22
12 supernode
13 5 1 14 2 22 3 15 4 22 5 15
14 4 1 14 3 18 4 16 5 15
15 3 1 39 2 39 5 36
16 2 3 43 5 48
17 1 2 13
18 4 1 13 2 15 3 19 5 20
19 3 2 29 3 32 5 32
20 3 2 29 3 28 5 30
21 end
