1 5 20
out
0 1 2 4
1 (17,11) 3
2 (8,6) 5
3 19
4 19
5 19
6 7
7 3
8 9
9 10
10 3
11 15 12 13
12 5
13 14
14 12
15 16
16 12
17 18
18 5
in
3 (7,10)
5 (18,12)
info
0 start
1 2 1 37 2 32
2 3 1 19 3 16 4 18
3 5 1 16 2 19 3 18 4 18 5 14
4 3 1 49 3 43 4 47
5 2 1 35 4 38
6 2 2 31 5 38
7 1 1 25
8 2 2 32 4 30
9 5 1 45 2 46 3 45 4 47 5 46
10 4 1 17 2 17 4 19 5 24
11 4 1 13 3 18 4 13 5 17
12 1 1 10
13 5 1 35 2 32 3 32 4 35 5 39
14 2 2 25 3 25
15 1 4 25
16 3 1 27 2 24 3 29
17 4 2 38 3 44 4 36 5 42
18 2 1 40 2 42
19 end
