1 5 22
out
0 1 2 3
1 4 5
2 4 6
3 4 6
4 21
5 21
6 (7,8,9) 
7 (17,20) 
8 21
9 10 11 14
10 15
11 12
12 13
13 10
14 10
15 21
16 21
17 18
18 19
19 16
20 16
in
21 (15,16,8)
16 (19,20)
info
0 start
1 1 2 15
2 4 2 43 3 39 4 39 5 41
3 4 2 47 3 49 4 41 5 43
4 2 1 28 3 29
5 4 1 27 2 36 3 32 4 30
6 3 1 7 2 14 3 14
7 3 1 13 4 17 5 13
8 3 1 40 4 35 5 39
9 2 2 30 3 31
10 3 2 35 4 32 5 33
11 1 3 38
12 4 1 7 2 13 3 10 4 8
13 2 2 36 5 32
14 2 2 40 5 33
15 4 1 22 2 18 3 23 5 22
16 supernode
17 3 1 22 2 26 3 23
18 2 1 36 3 32
19 3 3 25 4 27 5 29
20 3 2 23 4 30 5 29
21 end
