1 5 21
out
0 (12,14) 2 3 7 8 9 11
1 4 5
2 5
3 4 5
4 6
5 10 6
6 20
7 20
8 20
9 20
10 20
11 20
12 13
13 1
14 15
15 (17,18) 
16 1
17 16
18 19
19 16
in
1 (16,13)
16 (17,19)
info
0 start
1 3 1 28 2 26 5 25
2 3 1 42 2 41 5 38
3 1 2 49
4 4 1 20 2 23 4 20 5 17
5 2 2 34 5 37
6 2 1 36 4 38
7 3 1 22 2 22 3 15
8 3 1 15 2 13 4 13
9 4 1 40 2 36 4 40 5 39
10 2 1 24 3 22
11 1 1 28
12 3 1 36 2 36 5 35
13 2 3 18 5 20
14 2 3 36 5 36
15 4 2 34 3 34 4 29 5 33
16 supernode
17 3 1 27 2 25 3 29
18 4 1 33 2 29 3 33 4 31
19 1 1 31
20 end
