1 5 22
out
0 8 1 2
1 (20,18,12) 4 5
2 10 11 6
3 10
4 11 6 7
5 9 10
6 21
7 21
8 21
9 21
10 21
11 21
12 15 13 14
13 3
14 13
15 16
16 17
17 13
18 19
19 3
20 3
in
3 (19,20,13)
info
0 start
1 1 1 22
2 1 2 25
3 3 1 34 4 35 5 30
4 2 2 33 4 43
5 2 3 19 5 18
6 2 2 20 3 20
7 2 1 8 5 7
8 4 1 16 3 24 4 23 5 23
9 2 1 22 3 21
10 5 1 7 2 11 3 12 4 13 5 14
11 2 1 35 3 38
12 3 2 47 3 42 5 45
13 1 2 37
14 3 3 21 4 20 5 20
15 3 1 32 2 36 3 36
16 3 3 38 4 38 5 40
17 2 4 40 5 39
18 3 2 34 4 37 5 40
19 2 1 18 5 17
20 1 1 13
21 end
