1 5 20
out
0 1 3
1 2 4
2 19
3 19
4 (5,6) 
5 19
6 (8,11) 
7 19
8 9
9 (15,16,14) 
10 7
11 12
12 13
13 7
14 10
15 10
16 17
17 18
18 10
in
19 (7,5)
7 (10,13)
10 (15,18,14)
info
0 start
1 4 1 18 2 10 4 13 5 16
2 3 2 12 3 12 5 11
3 1 5 41
4 1 2 15
5 3 2 22 3 20 5 27
6 3 2 21 3 18 4 24
7 3 1 34 4 32 5 34
8 4 2 38 3 41 4 40 5 41
9 2 2 15 3 12
10 4 1 21 2 24 4 24 5 26
11 2 1 30 3 25
12 3 1 40 2 42 3 45
13 4 1 47 2 43 3 49 5 47
14 2 1 39 5 36
15 3 2 23 4 26 5 22
16 3 1 45 2 37 5 43
17 2 2 48 4 44
18 3 1 26 3 29 4 24
19 end
