1 5 20
out
0 (9,10) 2 3 4
1 6 7
2 5 6 7
3 8 6
4 19
5 (18,12) 
6 19
7 19
8 19
9 1
10 11
11 1
12 15 16 13 14
13 17
14 13
15 13
16 13
17 19
18 19
in
1 (9,11)
19 (17,18)
info
0 start
1 4 1 38 2 39 4 36 5 39
2 4 1 37 3 37 4 32 5 35
3 3 1 37 4 41 5 40
4 4 2 35 3 36 4 38 5 32
5 2 1 46 4 45
6 4 1 30 2 32 3 28 5 30
7 1 1 23
8 5 1 31 2 26 3 27 4 28 5 31
9 5 1 14 2 17 3 21 4 15 5 14
10 4 1 32 2 31 3 27 5 26
11 3 1 22 2 21 4 22
12 2 1 19 2 16
13 2 2 35 4 42
14 1 3 26
15 4 1 29 2 27 3 32 4 30
16 3 1 15 2 12 4 8
17 2 2 48 3 42
18 3 1 18 2 21 4 18
19 end
