1 5 22
out
0 1 2 3 4 5
1 6 7
2 6 7
3 6 7
4 6
5 (11,12,13) 7
6 9 10
7 8 9 10
8 21
9 21
10 21
11 6
12 (17,20) 
13 14
14 15
15 6
16 6
17 18
18 19
19 16
20 16
in
6 (15,16,11)
16 (19,20)
info
0 start
1 3 2 26 3 30 4 32
2 4 2 35 3 36 4 38 5 39
3 2 3 43 4 42
4 4 1 33 3 32 4 36 5 28
5 1 2 19
6 3 1 31 4 34 5 36
7 4 2 19 3 22 4 19 5 20
8 1 3 10
9 3 1 39 2 34 4 36
10 2 3 37 4 28
11 2 2 17 3 21
12 1 3 48
13 2 4 37 5 40
14 3 1 12 2 16 4 14
15 3 1 16 3 16 4 18
16 supernode
17 2 4 28 5 31
18 1 5 12
19 4 1 10 2 8 3 10 5 9
20 3 2 42 4 34 5 33
21 end
