1 5 20
out
0 (16,17,14) 
1 2 3 4
2 19
3 19
4 (8,5) 
5 6
6 (9,11,12) 
7 19
8 19
9 10
10 7
11 7
12 13
13 7
14 15
15 1
16 1
17 18
18 1
in
19 (7,8)
7 (10,11,13)
1 (15,16,18)
info
0 start
1 1 1 25
2 4 1 18 2 18 3 17 4 14
3 3 1 13 2 17 4 18
4 3 2 18 3 20 4 23
5 3 2 26 3 28 4 21
6 3 1 34 2 33 3 36
7 2 4 29 5 21
8 3 3 24 4 22 5 32
9 4 1 23 3 27 4 19 5 27
10 3 3 11 4 7 5 5
11 3 2 40 3 33 4 36
12 1 4 16
13 4 1 12 2 10 3 17 5 12
14 3 1 41 2 39 5 42
15 2 1 13 4 13
16 1 3 19
17 3 1 9 3 15 5 13
18 1 4 26
19 end
