1 5 21
out
0 (7,9,12) 2
1 (3,4) 
2 20
3 20
4 5
5 6
6 20
7 8
8 1
9 10
10 11
11 1
12 (16,18,14) 
13 1
14 15
15 13
16 17
17 13
18 19
19 13
in
20 (3,6)
1 (8,11,13)
13 (15,17,19)
info
0 start
1 2 4 23 5 22
2 3 3 39 4 39 5 36
3 2 3 15 5 14
4 5 1 35 2 40 3 37 4 42 5 33
5 1 5 34
6 3 1 26 2 30 3 26
7 2 2 24 3 23
8 3 2 34 3 39 4 44
9 4 1 13 3 12 4 17 5 19
10 1 4 23
11 2 1 36 2 38
12 3 1 32 2 29 3 31
13 3 3 9 4 8 5 13
14 4 1 19 3 22 4 14 5 21
15 2 1 26 5 34
16 1 2 30
17 3 2 41 3 37 5 37
18 3 1 41 3 36 5 43
19 3 1 23 3 22 4 25
20 end
