1 5 22
out
0 1 2 3 4 5 6 10 12
1 8
2 8
3 8 9 7
4 7
5 8
6 9 7
7 11 14
8 14 15
9 13 15
10 18 19 20
11 17 18 20
12 19
13 20
14 17 19
15 16 17 19
16 21
17 21
18 21
19 21
20 21
in
info
0 start
1 2 1 11 4 13
2 3 1 15 3 7 4 13
3 4 1 29 2 30 3 26 5 30
4 2 2 17 4 23
5 5 1 13 2 16 3 13 4 18 5 18
6 3 2 23 3 29 4 23
7 3 1 18 2 16 5 18
8 4 1 44 3 40 4 38 5 35
9 2 3 27 5 25
10 3 2 12 3 15 5 13
11 3 1 23 3 24 5 22
12 3 1 32 2 29 5 28
13 3 2 37 4 35 5 31
14 3 2 42 3 42 5 35
15 3 1 35 4 32 5 37
16 2 2 30 5 34
17 3 1 38 2 40 3 42
18 1 1 28
19 4 1 34 2 34 3 33 5 32
20 3 1 12 2 14 5 17
21 end
