1 5 21
out
0 1 2 3
1 4
2 4
3 4
4 (5,6) 
5 20
6 (9,10,12) 
7 8
8 (15,18) 
9 7
10 11
11 7
12 13
13 7
14 20
15 16
16 17
17 14
18 19
19 14
in
20 (5,14)
7 (9,11,13)
14 (17,19)
info
0 start
1 2 1 24 3 29
2 2 1 33 5 29
3 2 3 14 4 11
4 4 1 25 2 26 4 25 5 22
5 1 4 46
6 2 4 16 5 17
7 1 2 31
8 2 3 33 4 28
9 4 1 29 2 30 4 24 5 25
10 3 1 41 2 35 4 39
11 3 1 15 2 19 4 14
12 5 1 45 2 48 3 46 4 42 5 43
13 4 1 43 3 39 4 47 5 40
14 supernode
15 1 3 43
16 3 2 16 4 22 5 22
17 2 2 35 4 39
18 4 1 42 2 45 3 35 4 45
19 2 1 23 5 18
20 end
