1 5 22
out
0 (17,18) 1 3 4
1 5 6 7
2 5 6 7
3 5 6
4 5 6 7
5 8 9 11
6 8 10 11
7 10
8 21
9 (15,12) 
10 21
11 21
12 13
13 14
14 21
15 16
16 21
17 2
18 19
19 20
20 2
in
21 (16,14)
2 (17,20)
info
0 start
1 4 2 40 3 36 4 40 5 36
2 3 1 33 3 31 5 32
3 4 2 16 3 17 4 20 5 20
4 4 1 38 3 37 4 40 5 41
5 4 1 20 2 23 4 21 5 20
6 4 2 12 3 15 4 12 5 12
7 3 1 13 2 15 3 11
8 2 2 13 4 13
9 2 4 36 5 34
10 5 1 35 2 31 3 32 4 28 5 34
11 2 1 40 4 44
12 2 2 33 3 32
13 3 1 40 2 37 5 37
14 2 1 24 4 23
15 1 2 31
16 3 3 27 4 29 5 28
17 4 1 28 2 28 3 26 4 25
18 2 2 37 3 31
19 1 4 26
20 3 1 10 3 13 4 17
21 end
