1 5 22
out
0 1 2 3 4 5 15
1 9 6 7
2 8 9 6
3 8 9
4 7
5 7
6 10 11 13
7 10
8 10 11
9 10 12
10 17
11 17 19
12 16 18 20
13 17 14
14 21
15 21
16 21
17 21
18 21
19 21
20 21
in
info
0 start
1 1 4 45
2 4 2 31 3 35 4 32 5 31
3 4 1 19 2 19 4 15 5 16
4 2 3 23 5 18
5 4 2 23 3 23 4 22 5 27
6 3 1 39 4 35 5 41
7 1 3 32
8 2 2 43 3 44
9 4 1 26 2 24 3 25 4 20
10 1 1 39
11 2 1 8 4 9
12 4 2 37 3 36 4 37 5 31
13 4 2 33 3 29 4 39 5 37
14 2 2 31 3 31
15 3 2 30 3 33 4 33
16 3 2 17 3 17 4 17
17 4 1 15 3 8 4 8 5 9
18 3 2 22 3 25 5 23
19 1 1 38
20 4 2 25 3 23 4 21 5 26
21 end
