1 5 22
out
0 1 2 3 4
1 5
2 (15,13) 
3 (7,9,6) 
4 5
5 21
6 5
7 8
8 5
9 10
10 11
11 5
12 5
13 14
14 12
15 16
16 (18,19) 
17 12
18 17
19 20
20 17
in
5 (8,11,6)
12 (17,14)
17 (18,20)
info
0 start
1 2 4 44 5 40
2 1 1 22
3 3 1 40 2 46 3 45
4 3 1 22 3 18 4 18
5 3 2 16 3 16 5 12
6 1 3 45
7 3 1 15 2 14 5 16
8 2 2 8 3 10
9 2 4 10 5 14
10 2 3 25 4 26
11 1 4 46
12 supernode
13 1 5 20
14 3 1 29 2 31 5 28
15 2 1 16 3 13
16 2 2 36 5 36
17 3 1 31 2 25 4 25
18 2 2 40 5 40
19 2 1 14 5 8
20 3 3 26 4 29 5 26
21 end
