1 5 19
out
0 1 2 3
1 (7,9) 4 6
2 4 5 6
3 5 6
4 18
5 (10,12) 
6 18
7 8
8 (16,14) 
9 5
10 11
11 18
12 18
13 5
14 15
15 13
16 17
17 13
in
5 (9,13)
18 (11,12)
13 (15,17)
info
0 start
1 1 4 42
2 2 2 20 5 18
3 2 3 34 5 30
4 2 1 18 3 25
5 5 1 18 2 18 3 21 4 24 5 17
6 3 1 36 2 39 5 42
7 2 3 34 4 33
8 5 1 38 2 37 3 36 4 38 5 39
9 5 1 48 2 47 3 41 4 40 5 44
10 3 1 15 2 16 4 16
11 4 1 22 2 26 4 24 5 21
12 2 3 10 4 16
13 supernode
14 3 1 47 3 43 4 46
15 4 1 31 2 30 4 28 5 30
16 1 3 18
17 2 1 44 3 47
18 end
