1 5 22
out
0 1 2 3 4 5 6 7
1 8 9 12
2 10 11 12
3 8 9 12
4 8 12
5 8 9 11
6 9 11 12
7 10
8 13 14 15
9 16 13 14
10 17
11 14
12 14
13 18
14 20
15 19
16 18
17 18 19
18 21
19 21
20 21
in
info
0 start
1 3 1 46 3 47 4 46
2 1 1 46
3 3 1 39 3 37 5 39
4 3 2 26 3 25 5 26
5 5 1 41 2 44 3 47 4 41 5 48
6 2 4 21 5 25
7 3 2 45 3 40 4 41
8 4 1 22 3 28 4 21 5 23
9 1 2 17
10 4 1 48 3 50 4 47 5 45
11 1 3 46
12 3 1 43 4 44 5 41
13 2 1 25 3 24
14 3 1 27 2 27 3 29
15 2 2 18 4 17
16 4 2 12 3 16 4 12 5 12
17 3 1 11 2 8 5 7
18 2 4 15 5 10
19 2 2 43 5 42
20 4 1 23 2 25 3 26 5 28
21 end
