1 5 21
out
0 1 2 3
1 5
2 4 5 6
3 5
4 20
5 20
6 (7,15,9) 
7 8
8 20
9 (16,17,19) 11 12
10 14
11 10
12 13
13 10
14 20
15 20
16 10
17 18
18 10
19 10
in
20 (15,8,14)
10 (16,18,19)
info
0 start
1 4 1 42 2 40 3 37 4 40
2 5 1 48 2 43 3 44 4 44 5 48
3 1 1 33
4 3 3 35 4 34 5 38
5 3 2 18 3 19 5 20
6 1 1 23
7 2 1 32 5 31
8 3 1 18 3 20 5 19
9 2 3 37 5 35
10 1 3 40
11 2 4 23 5 32
12 3 1 13 2 19 4 20
13 3 1 16 4 16 5 9
14 4 1 16 3 16 4 12 5 15
15 2 1 47 3 47
16 3 2 10 3 7 5 15
17 2 3 37 5 40
18 3 1 42 4 37 5 34
19 3 2 30 3 30 4 26
20 end
