1 5 19
out
0 (15,16,13) 2
1 3 4
2 (8,5,6) 3
3 18
4 18
5 4
6 7
7 4
8 (11,12) 
9 10
10 4
11 9
12 9
13 14
14 1
15 1
16 17
17 1
in
4 (7,10,5)
9 (11,12)
1 (15,17,14)
info
0 start
1 3 2 34 3 41 5 43
2 2 3 19 5 15
3 3 2 19 4 18 5 14
4 3 1 13 2 12 5 10
5 3 1 17 2 11 3 14
6 4 1 40 2 41 3 34 4 38
7 2 1 40 4 41
8 1 4 46
9 3 3 25 4 31 5 27
10 2 1 31 5 30
11 5 1 24 2 24 3 20 4 20 5 21
12 4 1 29 2 28 3 34 4 32
13 3 2 44 3 37 4 39
14 5 1 23 2 28 3 28 4 23 5 26
15 2 2 36 4 38
16 4 1 17 2 16 4 12 5 13
17 4 2 14 3 14 4 6 5 9
18 end
