1 5 21
out
0 1 2 3 4 5 6 10
1 7
2 8 9
3 8 9 7
4 8
5 8 9 7
6 8 7
7 (18,19) 
8 11 13
9 11 12 13
10 14
11 17 15
12 16 14 15
13 16
14 20
15 20
16 20
17 20
18 12
19 12
in
12 (18,19)
info
0 start
1 2 1 36 5 38
2 3 1 29 4 28 5 34
3 1 1 36
4 2 2 15 3 12
5 3 1 22 3 17 4 15
6 3 2 22 3 27 4 23
7 3 1 25 2 26 3 25
8 1 2 33
9 2 4 16 5 16
10 2 1 25 2 23
11 1 2 40
12 2 2 30 5 26
13 4 2 26 3 28 4 28 5 26
14 4 1 20 2 17 3 13 5 13
15 1 4 45
16 3 2 31 3 35 4 36
17 3 1 17 2 12 5 13
18 3 2 19 3 20 4 20
19 2 1 18 5 18
20 end
