1 5 19
out
0 1 2 3 4 5 9 13
1 8 6 7
2 8 6 7
3 8 6 7
4 7
5 8 6 7
6 10 11 12
7 10
8 10 12
9 17
10 16 17 15
11 16 14 15
12 17 14 15
13 16 17 15
14 18
15 18
16 18
17 18
in
info
0 start
1 4 1 17 2 13 3 12 4 12
2 4 1 36 2 36 3 33 5 38
3 3 3 36 4 34 5 34
4 4 1 36 2 41 3 38 4 40
5 3 2 14 3 21 4 15
6 2 2 41 4 43
7 3 2 22 3 17 5 12
8 2 1 13 5 11
9 2 2 15 4 11
10 3 1 17 3 14 5 18
11 2 1 43 2 40
12 2 2 42 4 43
13 4 1 9 3 11 4 12 5 7
14 3 2 23 3 24 4 28
15 3 3 32 4 35 5 38
16 3 1 41 2 35 3 36
17 2 2 20 4 19
18 end
