1 5 22
out
0 1 2 3 4
1 5
2 8 5 7
3 8
4 8 5 6
5 21
6 (15,18,13) 
7 21
8 (9,11) 
9 10
10 21
11 21
12 21
13 14
14 12
15 16
16 17
17 12
18 19
19 20
20 12
in
21 (10,11)
12 (17,20,14)
info
0 start
1 3 2 13 3 13 5 9
2 2 2 35 4 35
3 2 1 12 5 17
4 1 3 25
5 4 1 33 2 36 3 33 4 30
6 4 1 33 2 32 3 40 5 33
7 4 1 39 2 38 3 37 4 36
8 3 1 42 2 38 4 41
9 2 1 12 3 17
10 3 3 39 4 35 5 39
11 3 1 32 3 31 4 32
12 supernode
13 2 1 14 5 15
14 3 1 17 2 21 5 22
15 4 1 20 2 14 3 16 4 13
16 3 1 16 3 14 5 19
17 3 1 28 4 25 5 18
18 4 1 32 2 26 3 28 4 26
19 2 1 30 5 31
20 3 1 28 2 28 5 25
21 end
