1 5 22
out
0 1 2 3 4 5 6 11
1 8 9 10
2 7
3 8 9 10
4 9
5 9 7
6 9
7 15
8 16 12 15
9 16 12 14
10 12 13 15
11 16 13 15
12 18 19
13 17 18 19
14 20
15 19
16 19
17 21
18 21
19 21
20 21
in
info
0 start
1 3 2 36 3 40 5 38
2 4 1 11 2 14 4 18 5 12
3 3 1 11 2 15 3 10
4 5 1 12 2 12 3 13 4 12 5 14
5 1 3 43
6 1 1 28
7 2 2 12 3 16
8 3 3 41 4 37 5 41
9 2 1 25 2 24
10 3 2 21 4 21 5 26
11 1 2 38
12 2 4 35 5 35
13 2 2 43 3 43
14 2 2 15 5 19
15 3 3 22 4 26 5 26
16 2 1 11 2 14
17 2 1 15 4 15
18 1 1 40
19 2 1 34 3 31
20 5 1 10 2 13 3 9 4 13 5 13
21 end
