1 5 22
out
0 1 2 3
1 6
2 4 5
3 4 5
4 (7,10,12) 
5 (15,17,18) 
6 21
7 8
8 9
9 21
10 11
11 21
12 (19,20) 
13 21
14 21
15 16
16 14
17 14
18 14
19 13
20 13
in
21 (9,11,13)
14 (16,17,18)
13 (19,20)
info
0 start
1 3 1 27 3 28 4 25
2 1 3 17
3 2 4 34 5 29
4 5 1 43 2 40 3 40 4 40 5 44
5 1 3 42
6 5 1 19 2 20 3 24 4 18 5 20
7 1 3 36
8 3 3 32 4 35 5 36
9 4 1 44 2 48 4 40 5 47
10 1 1 39
11 3 1 25 3 21 5 26
12 3 2 29 3 32 4 27
13 3 1 41 4 42 5 44
14 supernode
15 1 4 30
16 1 4 25
17 1 4 46
18 1 4 35
19 3 1 23 2 24 5 22
20 3 3 23 4 24 5 24
21 end
