1 5 20
out
0 1 2 3
1 19
2 19
3 (4,6) 
4 (8,9) 
5 19
6 7
7 (13,14) 
8 5
9 10
10 11
11 5
12 19
13 12
14 15 16 17
15 12
16 15
17 18
18 15
in
19 (12,5)
5 (8,11)
12 (15,13)
info
0 start
1 2 2 8 3 11
2 5 1 36 2 41 3 40 4 40 5 40
3 2 1 21 5 15
4 2 3 29 4 31
5 4 1 20 3 21 4 18 5 20
6 1 5 22
7 2 1 33 4 32
8 4 1 26 3 29 4 26 5 27
9 5 1 16 2 22 3 17 4 16 5 20
10 3 1 11 2 9 4 12
11 3 1 21 2 22 5 20
12 supernode
13 2 3 34 4 34
14 2 3 6 5 6
15 1 4 12
16 5 1 13 2 14 3 14 4 16 5 17
17 3 1 34 2 38 4 35
18 2 1 25 4 31
19 end
