1 5 19
out
0 (7,10,6) 1
1 3 5
2 3 4 5
3 18
4 18
5 18
6 2
7 8
8 9
9 2
10 (16,17,13) 
11 12
12 2
13 14
14 15
15 11
16 11
17 11
in
2 (9,12,6)
11 (15,16,17)
info
0 start
1 2 1 39 4 33
2 4 1 35 3 28 4 34 5 33
3 4 1 40 3 40 4 43 5 43
4 4 1 38 2 38 3 33 5 38
5 2 1 32 4 28
6 4 1 38 2 39 3 38 5 35
7 2 1 48 4 39
8 5 1 28 2 21 3 19 4 26 5 22
9 2 2 34 5 41
10 4 1 20 2 19 3 15 4 18
11 2 1 17 3 20
12 4 1 32 3 28 4 29 5 32
13 2 4 12 5 7
14 2 1 33 5 31
15 3 1 33 3 32 4 31
16 3 2 18 3 21 5 19
17 2 1 21 2 21
18 end
