1 5 20
out
0 1 2 3
1 4 5 6
2 4 6 7
3 (8,9) 5 7
4 19
5 19
6 19
7 (10,13) 
8 6
9 6
10 11
11 12
12 19
13 (15,18) 
14 19
15 16
16 17
17 14
18 14
in
6 (8,9)
19 (12,14)
14 (17,18)
info
0 start
1 3 2 19 3 24 4 25
2 2 2 42 5 45
3 3 2 38 3 30 4 33
4 2 2 38 4 39
5 4 1 44 3 42 4 44 5 39
6 3 1 16 4 19 5 18
7 3 2 26 4 29 5 31
8 3 1 14 3 9 4 11
9 4 2 10 3 13 4 13 5 13
10 1 4 31
11 3 2 41 3 41 4 47
12 3 1 36 4 38 5 40
13 2 1 10 4 11
14 supernode
15 4 1 15 2 15 3 19 4 18
16 3 1 38 2 41 5 41
17 3 1 10 2 7 4 7
18 2 2 35 5 34
19 end
