1 5 21
out
0 1 2 3
1 20
2 20
3 (4,5) 
4 (7,12) 
5 20
6 20
7 8 9 10 11
8 6
9 8
10 8
11 (16,18,19) 
12 15 13 14
13 6
14 13
15 13
16 17
17 8
18 8
19 8
in
20 (5,6)
6 (8,13)
8 (17,18,19)
info
0 start
1 3 1 43 2 42 5 38
2 3 1 17 3 12 4 19
3 4 1 29 2 27 3 30 5 25
4 2 1 10 3 19
5 4 1 44 2 47 3 44 5 46
6 supernode
7 3 2 13 3 14 5 12
8 2 1 37 2 39
9 4 1 28 2 30 4 31 5 28
10 2 1 31 5 36
11 4 1 31 3 39 4 29 5 34
12 1 1 40
13 2 1 14 2 9
14 2 2 28 4 27
15 2 1 29 4 23
16 4 1 34 2 30 3 29 4 32
17 1 3 27
18 5 1 42 2 39 3 44 4 41 5 36
19 2 4 14 5 18
20 end
