1 5 22
out
0 1 2 3
1 4
2 4
3 4
4 (8,9,5) 
5 6
6 7
7 21
8 21
9 (18,11) 
10 21
11 15 12 13
12 17
13 14
14 12
15 16
16 12
17 10
18 19
19 20
20 10
in
21 (7,8,10)
10 (17,20)
info
0 start
1 3 2 34 4 37 5 36
2 1 5 40
3 3 1 13 3 13 4 13
4 3 1 37 2 34 5 40
5 5 1 11 2 17 3 14 4 14 5 10
6 2 1 29 5 29
7 3 1 17 3 9 4 14
8 3 1 40 2 43 5 42
9 3 1 33 2 32 4 36
10 supernode
11 3 1 15 2 6 4 13
12 3 2 21 3 20 4 19
13 1 4 9
14 4 1 49 2 43 4 41 5 39
15 4 2 19 3 21 4 22 5 15
16 2 1 42 5 38
17 3 2 44 3 40 5 42
18 1 2 14
19 3 1 28 3 18 4 24
20 4 1 48 2 46 3 46 4 43
21 end
