1 5 21
out
0 1 2 3 4
1 6
2 5 6
3 (10,12) 5 6
4 6 7
5 (8,9) 
6 20
7 20
8 20
9 20
10 11
11 7
12 13
13 15 18 14
14 7
15 16
16 17
17 14
18 19
19 14
in
20 (8,9)
7 (11,14)
info
0 start
1 2 3 11 5 8
2 3 2 18 3 19 4 21
3 2 2 21 5 22
4 2 3 43 4 39
5 2 4 15 5 11
6 2 2 21 5 30
7 3 1 29 3 38 5 36
8 2 3 15 4 7
9 3 1 14 2 12 4 13
10 3 2 25 3 20 4 26
11 3 2 13 3 15 5 11
12 4 1 20 2 20 4 18 5 20
13 3 2 16 3 15 5 12
14 1 2 26
15 3 1 46 2 42 3 43
16 4 1 14 3 20 4 19 5 14
17 2 2 20 4 14
18 2 1 12 5 12
19 1 4 15
20 end
