1 5 21
out
0 1 2
1 3 5
2 (11,6) 4
3 20
4 20
5 20
6 7 8 9
7 5
8 7
9 10
10 (15,16,13) 
11 12
12 5
13 (17,18) 
14 7
15 7
16 7
17 14
18 19
19 14
in
5 (7,12)
7 (15,16,14)
14 (17,19)
info
0 start
1 2 3 20 5 17
2 2 1 42 5 44
3 3 1 26 2 21 5 20
4 4 1 27 2 32 3 26 4 26
5 3 1 45 4 45 5 44
6 4 1 31 3 27 4 29 5 30
7 3 2 47 3 42 5 43
8 1 3 15
9 2 3 26 4 23
10 1 2 26
11 2 2 27 3 32
12 2 2 38 3 47
13 3 1 14 3 14 5 17
14 4 1 36 2 40 4 37 5 37
15 4 2 23 3 26 4 28 5 24
16 4 2 18 3 15 4 17 5 13
17 1 3 40
18 2 3 35 5 33
19 4 1 39 2 38 3 39 4 32
20 end
