1 5 22
out
0 1 2 3 4 5 6
1 8 7
2 9 10
3 7
4 9 10 7
5 10
6 8 10 7
7 11
8 12
9 11 13
10 (16,14) 
11 (17,18,20) 
12 21
13 21
14 15
15 12
16 12
17 21
18 19
19 21
20 21
in
12 (15,16)
21 (17,19,20)
info
0 start
1 2 1 42 3 39
2 3 3 38 4 33 5 38
3 3 1 12 4 20 5 17
4 3 2 25 3 28 4 24
5 2 3 26 4 31
6 5 1 22 2 25 3 27 4 24 5 23
7 2 1 32 4 29
8 5 1 43 2 43 3 40 4 43 5 40
9 1 5 29
10 2 1 39 3 43
11 2 2 31 3 35
12 4 2 45 3 47 4 44 5 46
13 1 3 18
14 3 2 14 4 16 5 18
15 3 3 41 4 41 5 40
16 1 3 41
17 2 2 12 4 18
18 2 1 16 5 19
19 2 4 38 5 42
20 3 2 40 3 44 4 41
21 end
