1 5 21
out
0 1 2 3
1 (11,13) 
2 4
3 4 5
4 (9,10,6) 
5 20
6 7
7 8
8 20
9 20
10 20
11 12
12 4
13 15 16 19 14
14 4
15 14
16 17
17 18
18 14
19 14
in
20 (8,9,10)
4 (12,14)
info
0 start
1 4 1 15 2 16 3 18 4 17
2 4 1 29 2 30 3 26 4 30
3 2 4 34 5 35
4 3 1 34 2 37 4 38
5 2 1 27 3 26
6 3 3 41 4 38 5 36
7 1 4 31
8 3 1 21 2 23 4 27
9 4 1 29 2 30 3 35 5 33
10 3 2 19 3 13 5 19
11 3 2 44 3 45 4 44
12 1 1 20
13 4 1 12 2 11 3 9 4 11
14 2 2 11 5 8
15 3 1 44 2 43 5 37
16 2 2 30 5 29
17 1 2 11
18 2 2 27 5 25
19 2 2 46 5 44
20 end
