1 5 22
out
0 1 2 3
1 21
2 (11,4) 
3 21
4 5
5 7 10 6
6 21
7 8
8 9
9 6
10 6
11 (19,20,13) 
12 21
13 15 18 14
14 12
15 16
16 17
17 14
18 14
19 12
20 12
in
21 (12,6)
12 (19,20,14)
info
0 start
1 2 1 34 3 36
2 1 2 28
3 2 3 31 4 31
4 3 2 34 4 37 5 37
5 4 1 15 3 18 4 19 5 12
6 3 1 16 4 13 5 9
7 3 2 18 4 14 5 17
8 2 3 34 5 38
9 3 2 12 4 20 5 20
10 4 1 19 3 18 4 20 5 19
11 2 2 37 4 35
12 supernode
13 2 3 20 5 16
14 3 2 27 3 31 5 27
15 2 1 21 5 20
16 1 1 37
17 3 1 34 2 39 5 33
18 4 1 37 2 40 3 40 4 39
19 4 1 45 2 38 3 43 5 44
20 2 1 37 5 38
21 end
