1 5 21
out
0 1 2 3
1 4 5 6
2 4 5 6
3 6
4 (15,16,13) 8 7
5 9
6 (10,12) 
7 20
8 (17,18) 
9 20
10 11
11 7
12 7
13 14
14 9
15 9
16 9
17 20
18 19
19 20
in
7 (11,12)
9 (15,16,14)
20 (17,19)
info
0 start
1 3 2 35 3 30 4 32
2 2 2 18 3 16
3 2 2 28 3 30
4 3 2 16 3 19 5 17
5 4 1 36 2 39 3 37 4 38
6 2 4 33 5 31
7 2 2 45 4 46
8 2 3 35 5 43
9 1 5 28
10 2 1 39 4 36
11 4 1 17 2 13 4 19 5 19
12 1 5 38
13 4 1 15 2 15 3 14 5 8
14 3 2 32 3 30 5 28
15 3 3 38 4 32 5 36
16 4 1 26 2 23 3 23 5 21
17 1 5 35
18 3 1 38 3 30 4 37
19 1 2 13
20 end
