1 5 22
out
0 1 2 3 4 9
1 8 7
2 5
3 8 6 7
4 5 7
5 10 11 12
6 10 11
7 12
8 10 11 12
9 10 11 12
10 (13,14) 
11 21
12 21
13 21
14 15 16 19
15 20
16 17
17 18
18 15
19 15
20 21
in
21 (20,13)
info
0 start
1 4 1 9 2 11 3 14 5 10
2 3 1 14 2 16 5 17
3 3 1 26 3 28 4 28
4 2 1 29 4 26
5 3 2 41 3 43 5 44
6 2 2 28 4 28
7 3 1 42 2 42 4 47
8 4 1 21 2 17 4 20 5 13
9 2 1 43 5 44
10 2 3 12 4 9
11 1 2 42
12 4 2 43 3 42 4 40 5 39
13 1 1 23
14 1 3 45
15 3 1 15 3 16 4 20
16 2 3 37 5 36
17 2 3 42 4 40
18 3 1 39 2 49 3 47
19 2 2 36 4 36
20 3 3 39 4 38 5 35
21 end
