1 5 22
out
0 1 2 3 4 5 20
1 8 9 6
2 6 7
3 9 7
4 8 6 7
5 9 6
6 12 14
7 11 12 13
8 10 11 13
9 10 11 15
10 18 19
11 17 19
12 16 17 19
13 19
14 16
15 17 18 19
16 21
17 21
18 21
19 21
20 21
in
info
0 start
1 2 3 41 4 38
2 2 4 36 5 32
3 3 2 36 3 35 4 31
4 3 2 13 4 11 5 13
5 2 4 14 5 11
6 3 1 16 2 21 3 21
7 3 2 46 4 47 5 42
8 5 1 32 2 26 3 28 4 28 5 30
9 4 1 17 2 15 4 13 5 17
10 4 2 12 3 15 4 14 5 15
11 3 1 10 3 13 4 9
12 4 1 32 3 27 4 29 5 31
13 4 1 31 2 34 3 33 5 29
14 3 2 21 3 16 4 19
15 2 1 20 5 19
16 4 1 34 2 33 3 31 4 30
17 1 1 37
18 4 1 32 3 33 4 29 5 33
19 2 2 15 5 16
20 1 5 37
21 end
