1 5 22
out
0 1 2 3 4 5 6 7
1 9
2 8 9 11
3 8 10 11
4 (15,16,19) 11
5 8 10 11
6 8
7 10
8 14
9 14
10 12 13 14
11 12
12 21
13 21
14 21
15 8
16 17
17 18
18 8
19 20
20 8
in
8 (15,18,20)
info
0 start
1 2 2 29 5 21
2 2 1 13 3 14
3 3 1 22 2 19 4 18
4 3 1 13 2 19 4 17
5 3 2 39 3 35 4 43
6 2 3 16 5 18
7 2 2 25 3 23
8 1 1 30
9 4 2 13 3 17 4 15 5 16
10 4 1 23 2 26 4 21 5 26
11 3 1 12 2 14 5 14
12 1 3 34
13 4 2 41 3 43 4 45 5 42
14 3 1 15 2 16 5 16
15 4 1 25 3 26 4 29 5 29
16 4 1 36 2 33 4 31 5 30
17 2 1 27 3 28
18 2 1 46 5 46
19 1 1 22
20 2 3 13 5 13
21 end
