1 5 21
out
0 1 2 3 4
1 (16,14) 6
2 (7,9,10) 6
3 5 6
4 5
5 20
6 (17,19) 
7 8
8 5
9 5
10 11
11 12
12 5
13 5
14 15
15 13
16 13
17 18
18 20
19 20
in
5 (8,9,12)
13 (15,16)
20 (18,19)
info
0 start
1 2 3 19 5 27
2 5 1 18 2 18 3 13 4 18 5 15
3 2 3 29 5 34
4 4 2 25 3 19 4 25 5 23
5 1 4 18
6 1 3 17
7 1 1 9
8 2 3 16 5 16
9 3 3 9 4 13 5 14
10 2 4 40 5 37
11 2 2 21 5 17
12 3 1 6 2 10 3 12
13 supernode
14 3 1 14 2 17 4 21
15 3 2 20 3 15 4 16
16 4 1 32 2 34 3 34 4 29
17 3 3 45 4 40 5 45
18 2 2 13 3 10
19 1 2 22
20 end
