1 5 21
out
0 1 2 3
1 (11,13) 5
2 (17,18,19) 4 6
3 6
4 8
5 8 9 10
6 9 7
7 20
8 20
9 (15,16) 
10 20
11 12
12 4
13 14
14 4
15 20
16 20
17 5
18 5
19 5
in
4 (12,14)
20 (15,16)
5 (17,18,19)
info
0 start
1 4 1 40 2 36 4 38 5 40
2 2 2 21 4 17
3 3 1 44 2 41 3 42
4 4 2 19 3 14 4 16 5 18
5 2 1 31 5 34
6 3 1 17 2 15 4 21
7 2 1 17 2 12
8 4 1 44 2 42 4 42 5 39
9 4 1 19 2 11 3 16 4 11
10 1 5 26
11 1 3 39
12 5 1 6 2 9 3 10 4 10 5 7
13 1 4 25
14 2 4 27 5 32
15 2 2 40 3 41
16 1 5 27
17 4 1 23 2 24 3 26 4 23
18 1 3 41
19 1 2 29
20 end
