1 5 22
out
0 1 2 3 4 5 10 11
1 8 6
2 8 6 7
3 6
4 7
5 8 6 7
6 9
7 12
8 12 13
9 (17,18,19) 15
10 14 15
11 16 14
12 16 14 15
13 16 14 15
14 21
15 21
16 21
17 16
18 16
19 20
20 16
in
16 (17,18,20)
info
0 start
1 4 1 27 2 31 4 31 5 33
2 1 3 47
3 4 1 40 3 42 4 36 5 35
4 4 1 12 2 14 3 12 4 14
5 2 1 29 2 30
6 3 1 17 2 15 4 19
7 1 5 28
8 2 1 43 3 45
9 1 1 32
10 5 1 15 2 17 3 15 4 16 5 20
11 1 5 23
12 2 1 29 3 33
13 2 1 14 5 16
14 2 1 22 5 26
15 2 4 46 5 45
16 3 1 26 2 24 4 21
17 2 2 39 3 36
18 2 1 25 2 21
19 2 1 25 5 23
20 3 2 13 3 15 4 14
21 end
