1 5 21
out
0 (16,13,14) 8 1 3
1 4 6
2 6
3 (17,18,19) 6
4 9
5 (10,11) 
6 9 7
7 20
8 20
9 20
10 7
11 12
12 7
13 2
14 15
15 2
16 2
17 5
18 5
19 5
in
7 (10,12)
2 (15,16,13)
5 (17,18,19)
info
0 start
1 2 2 23 4 23
2 2 1 44 3 43
3 3 1 39 4 40 5 41
4 5 1 16 2 18 3 19 4 15 5 17
5 3 2 22 3 22 5 27
6 3 1 45 3 44 4 45
7 2 2 44 4 41
8 1 4 30
9 2 2 18 4 19
10 2 2 21 4 27
11 1 4 11
12 2 3 30 4 29
13 2 1 30 3 28
14 1 2 23
15 4 1 23 2 24 4 30 5 29
16 2 1 46 2 46
17 3 2 43 4 44 5 46
18 1 1 23
19 3 1 30 2 38 5 35
20 end
