1 5 22
out
0 1 2 3 4
1 8 5 7
2 (13,14) 
3 6
4 6
5 (17,18) 
6 21
7 (9,11,12) 
8 21
9 10
10 21
11 21
12 21
13 5
14 15
15 5
16 21
17 16
18 19
19 20
20 16
in
21 (10,11,12)
5 (15,13)
16 (17,20)
info
0 start
1 3 1 44 2 43 3 40
2 2 1 26 5 23
3 1 1 29
4 3 2 45 3 49 5 46
5 2 2 20 4 20
6 2 1 38 5 32
7 5 1 13 2 18 3 21 4 12 5 14
8 2 3 45 5 45
9 2 2 37 5 37
10 4 1 20 2 22 3 18 5 23
11 3 2 41 3 42 4 44
12 3 2 18 3 17 5 22
13 3 1 14 3 14 5 10
14 3 2 33 3 40 4 41
15 4 2 31 3 30 4 36 5 36
16 supernode
17 2 4 11 5 11
18 4 2 36 3 36 4 38 5 38
19 2 2 15 3 12
20 3 1 32 4 29 5 32
21 end
