1 5 22
out
0 1 2
1 (8,11,5) 4
2 3 4
3 21
4 21
5 6
6 7
7 3
8 9
9 10
10 (17,20) 
11 12 13 14
12 15
13 12
14 12
15 3
16 3
17 18
18 19
19 16
20 16
in
3 (7,16,15)
16 (19,20)
info
0 start
1 2 1 40 5 35
2 1 3 29
3 3 1 32 2 37 4 32
4 5 1 14 2 8 3 10 4 11 5 10
5 2 1 21 4 19
6 2 3 35 5 42
7 2 4 13 5 13
8 2 1 18 4 21
9 2 3 29 5 29
10 2 1 22 2 21
11 3 3 12 4 14 5 9
12 2 2 30 4 27
13 5 1 34 2 33 3 32 4 30 5 34
14 3 1 39 3 33 4 39
15 3 1 18 3 15 5 15
16 supernode
17 2 2 10 4 13
18 3 1 23 2 23 5 26
19 2 3 37 4 40
20 1 4 30
21 end
