1 5 22
out
0 1 2 3
1 (7,4,6) 
2 (19,13) 
3 21
4 5
5 21
6 21
7 8
8 (10,11) 
9 21
10 9
11 9
12 21
13 15 16 14
14 18
15 14
16 17
17 14
18 12
19 20
20 12
in
21 (9,5,6)
9 (10,11)
12 (18,20)
info
0 start
1 1 3 35
2 2 1 14 5 12
3 5 1 15 2 10 3 12 4 12 5 14
4 2 3 40 5 39
5 4 2 21 3 26 4 21 5 23
6 4 2 13 3 18 4 19 5 15
7 2 3 39 5 37
8 3 2 23 3 27 5 28
9 supernode
10 4 2 22 3 27 4 27 5 23
11 3 2 43 3 40 4 39
12 supernode
13 4 1 30 2 23 3 24 5 24
14 2 1 22 5 23
15 3 1 25 3 25 4 29
16 1 3 44
17 2 2 13 3 15
18 2 3 13 4 8
19 1 4 13
20 1 2 12
21 end
