1 5 22
out
0 1 2 3 4
1 5 6
2 5 6
3 (16,19,20) 5
4 (7,9,10) 6
5 (12,13) 
6 21
7 8
8 5
9 5
10 11
11 5
12 21
13 14
14 15
15 21
16 17
17 18
18 6
19 6
20 6
in
5 (8,9,11)
21 (15,12)
6 (18,19,20)
info
0 start
1 4 2 22 3 18 4 20 5 17
2 3 1 28 4 24 5 24
3 1 2 19
4 2 4 13 5 13
5 2 2 17 5 16
6 3 2 31 3 29 4 29
7 2 2 27 4 27
8 2 4 43 5 41
9 2 3 14 5 16
10 1 4 34
11 3 1 14 3 13 4 14
12 2 2 12 5 11
13 3 2 12 3 19 5 13
14 3 1 18 3 26 5 24
15 3 1 9 2 17 4 11
16 3 2 29 3 21 5 26
17 3 2 25 3 27 5 25
18 2 3 24 4 26
19 2 4 21 5 21
20 2 2 45 3 42
21 end
