1 5 22
out
0 1 2 3 4
1 5
2 5 6
3 21
4 21
5 (7,14) 
6 21
7 8
8 9 10 11 13
9 21
10 9
11 12
12 9
13 9
14 15
15 (17,19,20) 
16 21
17 18
18 16
19 16
20 16
in
21 (16,9)
16 (18,19,20)
info
0 start
1 4 2 20 3 17 4 20 5 17
2 3 2 39 3 36 4 37
3 2 4 31 5 28
4 4 1 16 2 16 3 15 4 19
5 1 5 39
6 4 1 19 2 21 3 16 4 21
7 3 1 10 2 11 4 15
8 3 2 17 4 18 5 10
9 4 1 42 3 45 4 45 5 48
10 4 1 25 3 25 4 20 5 18
11 1 4 23
12 2 2 40 5 41
13 3 1 40 4 37 5 40
14 3 1 25 2 21 5 25
15 2 3 32 5 27
16 supernode
17 3 3 35 4 31 5 34
18 5 1 16 2 20 3 18 4 13 5 14
19 3 1 40 4 36 5 37
20 3 2 38 3 37 5 39
21 end
