1 5 21
out
0 1 2 3 4
1 6
2 5 6 7
3 5 7
4 5
5 (17,18,19) 8 9
6 (11,12) 9
7 8 9 10
8 20
9 20
10 (15,13,14) 
11 8
12 8
13 20
14 20
15 16
16 20
17 10
18 10
19 10
in
8 (11,12)
20 (16,13,14)
10 (17,18,19)
info
0 start
1 4 2 47 3 43 4 47 5 45
2 2 3 20 5 18
3 4 1 27 2 27 4 25 5 27
4 3 2 30 4 27 5 28
5 4 1 14 2 23 4 23 5 18
6 3 2 27 3 27 4 27
7 5 1 26 2 26 3 24 4 18 5 18
8 2 2 37 3 42
9 2 2 20 4 22
10 4 1 44 2 37 3 41 5 36
11 2 3 27 5 23
12 3 1 12 3 16 4 19
13 3 1 14 2 9 5 15
14 1 5 23
15 3 2 29 3 28 5 30
16 5 1 42 2 42 3 41 4 42 5 42
17 3 2 23 4 23 5 20
18 4 1 34 2 26 3 36 4 29
19 4 1 22 2 16 4 17 5 16
20 end
