1 5 21
out
0 (10,13) 2 4 5
1 (18,19) 
2 3
3 8 9 7
4 8 9 7
5 9 7
6 (17,14) 7
7 20
8 20
9 20
10 11
11 12
12 1
13 1
14 15
15 16
16 8
17 8
18 6
19 6
in
1 (12,13)
8 (16,17)
6 (18,19)
info
0 start
1 1 5 20
2 2 1 38 5 36
3 4 1 27 3 27 4 34 5 34
4 3 1 41 3 42 4 37
5 3 1 36 4 32 5 32
6 2 1 23 4 25
7 2 2 19 4 18
8 5 1 21 2 22 3 21 4 19 5 17
9 3 1 23 2 17 3 21
10 4 2 19 3 18 4 22 5 21
11 2 2 28 5 26
12 2 3 19 4 12
13 2 4 30 5 36
14 3 1 22 3 19 4 19
15 3 1 16 2 13 5 19
16 1 5 27
17 4 1 30 2 33 4 35 5 35
18 2 1 20 5 18
19 2 3 41 4 38
20 end
