1 5 19
out
0 1 2 3 4 16
1 9 7
2 6
3 6 7
4 8 5 7
5 10 12 13
6 12 13
7 10
8 10 12 13
9 11 12 13
10 14
11 17 15
12 17 15
13 17
14 18
15 18
16 18
17 18
in
info
0 start
1 4 1 23 2 22 3 20 4 21
2 2 1 42 2 45
3 3 1 34 2 35 5 39
4 2 2 33 5 25
5 5 1 19 2 19 3 19 4 19 5 18
6 2 3 26 4 25
7 3 1 28 2 22 5 22
8 4 1 32 2 35 3 30 4 28
9 4 1 35 3 29 4 33 5 32
10 3 1 29 3 25 5 27
11 3 3 25 4 23 5 21
12 4 1 11 2 9 4 8 5 9
13 3 1 14 2 9 3 15
14 3 2 12 4 7 5 13
15 2 2 42 3 41
16 5 1 43 2 39 3 40 4 40 5 43
17 5 1 36 2 34 3 42 4 35 5 41
18 end
