1 5 19
out
0 1 2 3
1 (7,8,4) 
2 18
3 18
4 5
5 (9,12) 
6 18
7 18
8 18
9 10
10 11
11 6
12 16 13 14
13 17
14 15
15 13
16 13
17 6
in
18 (7,8,6)
6 (17,11)
info
0 start
1 5 1 16 2 14 3 17 4 24 5 19
2 4 2 21 3 18 4 19 5 19
3 3 1 10 3 13 5 13
4 1 2 32
5 2 4 23 5 21
6 3 1 27 3 34 4 29
7 1 1 40
8 3 2 40 3 46 5 43
9 3 2 21 3 22 5 26
10 5 1 21 2 21 3 24 4 21 5 19
11 5 1 34 2 36 3 37 4 31 5 33
12 3 1 38 2 41 4 38
13 3 2 29 4 22 5 21
14 3 2 38 4 35 5 37
15 3 1 21 4 26 5 28
16 5 1 36 2 39 3 32 4 30 5 37
17 1 1 21
18 end
