1 5 21
out
0 1 2 3
1 5 6 7
2 4
3 6 7
4 (8,10) 
5 20
6 20
7 20
8 9
9 (13,14) 
10 11
11 20
12 20
13 12
14 15 16 19
15 12
16 17
17 18
18 15
19 15
in
20 (11,12)
12 (15,13)
info
0 start
1 3 1 34 4 36 5 37
2 3 2 25 3 19 5 24
3 2 3 29 5 30
4 3 3 12 4 8 5 9
5 3 1 9 2 15 4 9
6 2 1 20 4 19
7 3 1 16 4 17 5 15
8 5 1 32 2 32 3 36 4 28 5 33
9 2 2 14 3 6
10 4 1 28 2 25 4 28 5 26
11 2 3 8 4 9
12 supernode
13 2 3 33 5 35
14 2 2 31 5 32
15 2 3 20 4 20
16 2 2 37 4 41
17 3 1 44 3 43 5 44
18 4 1 49 3 44 4 48 5 50
19 2 4 15 5 11
20 end
