1 5 22
out
0 1 3 4
1 (18,19) 
2 (9,10) 
3 (7,5,6) 
4 21
5 21
6 21
7 21
8 21
9 8
10 11 12 14
11 17
12 13
13 11
14 15
15 16
16 11
17 8
18 2
19 20
20 2
in
21 (7,5,6)
8 (9,17)
2 (18,20)
info
0 start
1 1 5 27
2 3 2 37 3 37 4 38
3 2 3 49 4 44
4 4 1 32 3 34 4 30 5 34
5 3 1 21 4 20 5 24
6 3 1 37 3 38 5 43
7 4 2 31 3 29 4 31 5 31
8 supernode
9 1 5 30
10 1 5 33
11 2 4 17 5 16
12 1 5 17
13 3 1 16 2 17 4 20
14 3 1 15 3 13 4 16
15 3 1 36 4 39 5 33
16 3 2 23 3 25 4 22
17 4 1 24 2 29 3 28 5 33
18 3 2 33 4 32 5 35
19 1 4 25
20 4 2 15 3 15 4 14 5 11
21 end
