1 5 22
out
0 1 2 3 4 5 6 15
1 9 11 7
2 10
3 8 9 11
4 8 10 11
5 8 11
6 11
7 12 13
8 16 13 14
9 12
10 16
11 16 13
12 18 19 20
13 17 20
14 17 18 20
15 18
16 20
17 21
18 21
19 21
20 21
in
info
0 start
1 1 1 46
2 1 5 22
3 1 1 36
4 3 1 33 4 30 5 35
5 3 3 8 4 17 5 13
6 4 1 20 3 18 4 27 5 25
7 2 3 17 5 24
8 3 1 16 3 17 4 19
9 1 4 38
10 2 1 32 2 34
11 4 1 13 3 8 4 13 5 9
12 2 2 30 4 32
13 4 1 14 2 14 4 19 5 13
14 5 1 15 2 21 3 19 4 22 5 18
15 2 2 25 5 19
16 1 1 38
17 3 3 11 4 15 5 8
18 5 1 25 2 19 3 24 4 22 5 27
19 4 1 40 2 38 4 38 5 40
20 3 1 38 3 41 5 37
21 end
