1 5 21
out
0 1 2
1 (10,11,13) 
2 (3,4,6) 
3 20
4 (16,18) 
5 20
6 7
7 8
8 20
9 20
10 9
11 12
12 9
13 14
14 15
15 9
16 17
17 5
18 19
19 5
in
20 (8,3,5)
9 (15,10,12)
5 (17,19)
info
0 start
1 3 2 27 3 28 4 32
2 1 1 38
3 3 3 35 4 38 5 39
4 3 2 22 3 18 4 18
5 3 2 33 4 33 5 36
6 2 1 26 2 27
7 1 5 13
8 2 1 38 2 44
9 supernode
10 4 1 23 2 22 3 22 5 20
11 3 3 19 4 9 5 12
12 3 1 14 3 11 5 13
13 1 2 19
14 4 2 19 3 20 4 25 5 25
15 2 3 27 4 27
16 3 2 32 3 40 5 37
17 4 1 29 2 30 4 28 5 29
18 3 2 23 3 28 5 27
19 2 2 21 3 20
20 end
