1 5 22
out
0 1 2 3 4
1 5 6 7
2 6
3 5 6 7
4 (8,11,12) 5
5 (16,13) 
6 21
7 21
8 (18,19,20) 
9 10
10 6
11 6
12 6
13 14
14 15
15 21
16 17
17 21
18 9
19 9
20 9
in
6 (10,11,12)
21 (15,17)
9 (18,19,20)
info
0 start
1 2 4 35 5 35
2 2 3 15 4 16
3 3 1 19 4 19 5 19
4 3 1 22 2 19 3 21
5 1 5 22
6 3 3 35 4 31 5 33
7 1 5 18
8 4 2 14 3 13 4 13 5 11
9 4 1 40 3 35 4 38 5 43
10 4 1 31 2 27 3 32 4 31
11 2 1 14 2 18
12 3 2 26 3 22 5 23
13 3 2 37 4 37 5 33
14 3 2 27 3 27 4 22
15 2 2 15 3 11
16 2 1 30 3 27
17 2 2 32 4 33
18 2 2 28 3 23
19 5 1 21 2 21 3 21 4 21 5 23
20 1 4 14
21 end
