1 5 21
out
0 1 2 3 5
1 8
2 (9,10) 8 7
3 6
4 20
5 20
6 20
7 20
8 (18,19) 
9 (15,14) 
10 11
11 12
12 4
13 4
14 13
15 16
16 17
17 13
18 20
19 20
in
4 (12,13)
13 (17,14)
20 (18,19)
info
0 start
1 3 1 21 2 21 5 22
2 3 1 35 2 26 5 33
3 2 1 35 3 34
4 1 4 25
5 4 1 20 3 22 4 18 5 20
6 3 3 36 4 36 5 33
7 4 1 40 2 42 3 46 4 40
8 2 1 42 4 44
9 3 3 36 4 37 5 38
10 4 1 19 2 26 3 17 4 22
11 2 2 30 5 35
12 3 1 14 3 19 4 16
13 supernode
14 3 2 31 4 25 5 28
15 3 1 20 2 22 5 22
16 2 2 28 5 34
17 2 2 44 3 39
18 3 1 34 2 35 3 35
19 4 1 17 2 12 4 12 5 13
20 end
