1 5 21
out
0 1 2 3 8 13
1 4
2 7
3 5 6 7
4 9 10 12
5 9
6 10 11 12
7 9
8 10
9 19 15
10 14
11 17 18 14
12 18 19
13 16 18 15
14 20
15 20
16 20
17 20
18 20
19 20
in
info
0 start
1 4 1 26 2 28 4 26 5 32
2 1 4 32
3 1 4 11
4 4 1 12 3 13 4 15 5 16
5 2 3 19 4 23
6 4 1 19 2 16 4 18 5 22
7 2 1 17 5 25
8 2 1 7 4 12
9 1 4 25
10 2 1 25 2 23
11 2 4 34 5 41
12 5 1 44 2 41 3 46 4 43 5 40
13 3 1 37 2 41 3 33
14 5 1 33 2 33 3 32 4 32 5 29
15 1 1 14
16 4 1 18 2 13 3 11 4 17
17 3 1 20 4 12 5 15
18 3 2 19 4 13 5 19
19 4 1 17 2 17 3 23 5 16
20 end
