1 5 22
out
0 1 2 3 4 9 17
1 8
2 5 6
3 8 7
4 6 7
5 11
6 12 13
7 (18,19) 10 13
8 11 12 13
9 10 11 12
10 16 15
11 14 15
12 16
13 14
14 21
15 21
16 21
17 21
18 11
19 20
20 11
in
11 (18,20)
info
0 start
1 4 1 13 2 13 3 14 5 16
2 1 5 31
3 3 1 10 4 12 5 16
4 2 1 26 5 29
5 3 3 42 4 49 5 44
6 2 3 39 5 31
7 1 3 34
8 2 1 35 4 36
9 1 1 16
10 1 5 26
11 3 1 17 3 8 4 13
12 3 3 15 4 19 5 17
13 1 1 21
14 3 2 24 3 27 4 29
15 4 1 30 2 37 3 38 5 33
16 2 1 15 3 13
17 1 4 29
18 2 1 39 4 32
19 2 1 26 5 24
20 3 1 38 3 38 5 35
21 end
