1 5 21
out
0 8 1 2 3
1 (11,14) 7
2 4 5 7
3 4
4 10
5 10
6 9
7 10
8 20
9 20
10 20
11 12
12 13
13 6
14 15 16 18
15 6
16 17
17 15
18 19
19 15
in
6 (15,13)
info
0 start
1 1 4 14
2 2 2 25 4 23
3 1 4 13
4 4 1 34 2 38 3 32 4 31
5 2 1 47 4 47
6 4 1 21 3 15 4 16 5 12
7 3 2 13 3 11 5 11
8 3 1 14 4 9 5 12
9 4 1 27 2 33 3 32 5 27
10 5 1 25 2 21 3 21 4 25 5 24
11 2 4 15 5 19
12 2 1 11 5 17
13 3 2 42 4 40 5 41
14 3 1 44 2 46 5 45
15 2 2 26 4 27
16 1 5 31
17 2 1 12 2 8
18 4 1 35 2 32 4 28 5 38
19 1 2 42
20 end
