1 5 22
out
0 (9,10) 1 2 3
1 8 5 7
2 8 5 6
3 5 6 7
4 8 5 6
5 21
6 21
7 21
8 (11,20) 
9 4
10 4
11 16 17 12 13
12 19
13 14
14 15
15 12
16 12
17 18
18 12
19 21
20 21
in
4 (9,10)
21 (19,20)
info
0 start
1 4 1 26 3 23 4 26 5 25
2 2 2 34 3 33
3 4 2 37 3 34 4 35 5 29
4 4 2 27 3 28 4 30 5 28
5 4 1 34 2 29 3 31 5 36
6 2 3 43 5 39
7 4 1 26 2 28 3 27 5 32
8 4 2 47 3 47 4 42 5 44
9 4 1 14 2 14 3 12 5 13
10 1 4 37
11 4 2 15 3 19 4 17 5 16
12 2 3 37 5 33
13 2 1 42 5 42
14 3 1 23 2 22 5 19
15 2 1 32 2 39
16 3 1 31 2 29 4 24
17 2 1 25 4 31
18 3 2 10 3 11 5 13
19 2 1 27 4 22
20 2 1 20 5 21
21 end
