1 5 20
out
0 (3,4,5) 1
1 19
2 (15,17,12) 
3 (7,8,11) 
4 2
5 2
6 2
7 6
8 9
9 10
10 6
11 6
12 13
13 14
14 19
15 16
16 19
17 18
18 19
in
2 (4,5,6)
6 (7,10,11)
19 (16,18,14)
info
0 start
1 2 2 29 4 23
2 2 3 44 5 45
3 3 1 22 3 18 4 20
4 3 2 21 3 23 4 20
5 4 1 27 2 24 3 29 5 22
6 supernode
7 4 1 18 2 20 3 14 4 20
8 3 1 18 2 17 5 17
9 2 2 23 5 22
10 1 3 38
11 3 3 16 4 16 5 14
12 4 1 14 2 17 4 19 5 17
13 2 2 10 5 11
14 3 1 27 3 23 4 20
15 1 5 30
16 3 1 38 2 38 5 32
17 2 3 8 5 11
18 3 1 7 3 11 4 9
19 end
