1 5 22
out
0 1 2 3 4
1 5 6
2 5
3 5 6
4 5 6
5 (7,8,19) 
6 21
7 21
8 9
9 16 10 11 13
10 21
11 12
12 10
13 14
14 15
15 10
16 17
17 18
18 10
19 20
20 21
in
21 (7,10,20)
info
0 start
1 1 2 32
2 2 1 38 5 35
3 3 3 26 4 18 5 24
4 2 1 32 3 31
5 3 2 33 3 37 4 29
6 2 2 21 4 24
7 4 1 39 2 45 4 39 5 42
8 2 1 41 4 40
9 3 2 16 3 19 5 19
10 4 1 40 2 38 3 34 4 38
11 2 1 24 5 25
12 3 1 14 2 17 4 12
13 2 1 36 3 41
14 3 1 35 3 37 4 29
15 3 1 37 2 37 5 37
16 2 2 37 4 34
17 2 2 31 4 25
18 1 4 23
19 3 2 21 4 19 5 22
20 4 2 20 3 19 4 23 5 22
21 end
