1 5 22
out
0 1 2 3 4
1 5 6
2 5 6
3 (15,11,12) 
4 5 6
5 (7,9,10) 
6 21
7 (18,19) 
8 21
9 21
10 21
11 5
12 13
13 14
14 5
15 16
16 17
17 5
18 8
19 20
20 8
in
21 (8,9,10)
5 (17,11,14)
8 (18,20)
info
0 start
1 3 3 12 4 10 5 11
2 3 2 33 3 31 4 31
3 2 2 46 5 43
4 1 4 15
5 3 2 36 3 38 5 37
6 4 1 10 2 10 3 6 4 6
7 3 1 15 2 16 4 16
8 2 1 17 2 14
9 2 2 17 4 21
10 1 1 40
11 2 1 43 4 38
12 2 2 42 3 35
13 3 2 34 3 35 4 37
14 4 2 33 3 37 4 32 5 37
15 2 2 41 5 42
16 3 2 22 3 19 5 23
17 3 1 10 3 16 5 13
18 4 1 15 2 13 4 14 5 11
19 1 5 20
20 1 2 20
21 end
