1 5 21
out
0 1 2 3
1 4 5 7
2 (8,11) 
3 5 6
4 (15,14) 
5 20
6 20
7 20
8 9
9 10
10 5
11 12
12 13
13 5
14 20
15 16
16 (18,19) 
17 20
18 17
19 17
in
5 (10,13)
20 (17,14)
17 (18,19)
info
0 start
1 1 2 44
2 3 2 20 4 23 5 21
3 3 2 36 4 33 5 31
4 2 2 37 3 39
5 1 5 11
6 2 1 39 2 38
7 2 4 48 5 41
8 2 1 31 3 28
9 3 1 28 2 25 5 32
10 4 1 48 3 46 4 42 5 46
11 4 1 14 2 12 3 19 4 16
12 1 1 28
13 3 2 28 4 31 5 32
14 2 1 40 3 35
15 3 1 27 2 26 3 26
16 3 1 25 2 25 3 23
17 supernode
18 4 1 37 3 39 4 42 5 43
19 3 1 25 3 19 5 21
20 end
