1 5 22
out
0 1 2 3
1 4
2 4
3 (7,8,5) 
4 21
5 6
6 4
7 (11,12,13) 
8 9
9 (15,16,19) 
10 4
11 10
12 10
13 10
14 4
15 14
16 17
17 18
18 14
19 20
20 14
in
4 (10,14,6)
10 (11,12,13)
14 (15,18,20)
info
0 start
1 1 3 8
2 3 1 20 4 21 5 17
3 1 3 43
4 3 1 17 2 17 5 22
5 2 3 33 4 37
6 4 1 34 3 27 4 37 5 27
7 1 4 25
8 1 2 35
9 3 1 23 4 18 5 19
10 supernode
11 4 1 22 2 18 3 23 4 20
12 3 1 39 4 34 5 34
13 4 1 21 3 18 4 27 5 21
14 supernode
15 4 1 38 3 38 4 43 5 38
16 3 1 46 3 47 5 45
17 2 3 24 5 27
18 3 2 28 3 28 5 27
19 3 2 42 4 43 5 38
20 3 1 32 2 39 3 37
21 end
