1 5 21
out
0 1 2 3
1 (7,15) 5 6
2 6
3 4 5 6
4 20
5 20
6 20
7 8 9 12
8 4
9 10
10 11
11 8
12 13
13 (16,19) 
14 8
15 4
16 17
17 18
18 14
19 14
in
4 (15,8)
14 (18,19)
info
0 start
1 4 1 35 2 35 3 41 4 41
2 2 1 26 2 25
3 2 1 37 3 33
4 4 1 20 3 18 4 16 5 18
5 2 1 43 5 44
6 3 1 10 2 7 3 12
7 2 3 23 4 26
8 3 1 35 3 39 5 33
9 3 2 25 3 26 4 26
10 3 2 29 4 20 5 19
11 2 3 42 5 38
12 2 2 20 5 17
13 3 2 27 4 24 5 23
14 4 1 35 2 34 4 37 5 37
15 1 2 23
16 3 2 24 4 20 5 23
17 1 2 36
18 3 1 36 2 27 5 36
19 2 1 32 4 31
20 end
