1 5 22
out
0 (5,6) 
1 2 3 4
2 21
3 (18,19,20) 
4 21
5 1
6 7 8 11 12
7 1
8 (16,14) 
9 10
10 7
11 7
12 13
13 7
14 15
15 9
16 17
17 9
18 21
19 21
20 21
in
1 (7,5)
9 (15,17)
21 (18,19,20)
info
0 start
1 3 2 20 3 18 4 19
2 3 1 16 4 9 5 14
3 2 3 26 4 25
4 1 3 26
5 2 4 14 5 15
6 2 1 19 4 20
7 4 1 20 3 23 4 25 5 20
8 2 1 18 5 20
9 2 3 34 4 30
10 5 1 15 2 9 3 13 4 9 5 8
11 4 1 11 2 12 3 17 5 15
12 3 2 32 3 27 5 32
13 1 5 31
14 2 4 29 5 24
15 4 1 12 2 7 3 6 4 14
16 1 5 38
17 3 1 8 3 9 5 10
18 2 1 30 4 35
19 4 1 17 3 14 4 13 5 14
20 2 1 38 5 35
21 end
