1 5 21
out
0 1 2 3
1 20
2 20
3 (7,4) 
4 5
5 (16,18) 
6 20
7 8
8 9
9 (15,11,13) 
10 20
11 12
12 10
13 14
14 10
15 10
16 17
17 6
18 19
19 6
in
20 (10,6)
10 (15,12,14)
6 (17,19)
info
0 start
1 2 2 5 5 15
2 4 2 12 3 11 4 7 5 11
3 3 1 35 3 35 5 37
4 2 2 43 4 43
5 2 2 26 5 27
6 3 1 8 3 14 5 6
7 4 1 44 2 45 4 43 5 41
8 2 2 22 3 28
9 3 1 38 2 42 5 36
10 supernode
11 3 1 45 4 35 5 35
12 3 1 24 4 23 5 27
13 1 5 11
14 2 1 16 5 20
15 4 1 43 2 42 4 45 5 42
16 1 3 17
17 3 1 23 3 29 4 27
18 3 1 43 2 45 4 43
19 2 1 16 4 23
20 end
