1 5 20
out
0 1 2 3 4 5
1 9 10
2 9
3 8 10
4 10 6 7
5 9 7
6 11 13 14
7 12 13 14
8 11 13 14
9 14
10 11 12 13
11 16
12 16 17 18
13 16 17 15
14 17 18 15
15 19
16 19
17 19
18 19
in
info
0 start
1 3 2 31 3 33 4 34
2 3 2 13 4 8 5 11
3 3 3 32 4 30 5 35
4 3 1 27 3 29 5 23
5 5 1 37 2 36 3 34 4 36 5 33
6 4 2 12 3 13 4 11 5 15
7 2 3 17 4 16
8 1 5 28
9 2 2 42 4 40
10 2 4 23 5 23
11 1 2 21
12 3 1 31 2 34 3 31
13 2 2 31 4 36
14 2 2 22 4 23
15 4 1 12 2 6 3 15 4 7
16 1 1 35
17 4 1 42 2 41 3 42 4 47
18 2 2 44 5 47
19 end
