1 5 22
out
0 1 2 3
1 4
2 4 5 6
3 5
4 21
5 (7,10) 
6 21
7 8
8 (11,12) 
9 21
10 21
11 (15,18,14) 
12 9
13 9
14 13
15 16
16 17
17 13
18 19
19 20
20 13
in
21 (9,10)
9 (12,13)
13 (17,20,14)
info
0 start
1 3 1 34 3 32 5 31
2 2 1 30 4 36
3 3 2 10 3 10 4 12
4 2 1 12 3 14
5 2 3 34 5 39
6 5 1 26 2 32 3 32 4 27 5 27
7 4 2 42 3 41 4 35 5 39
8 1 5 10
9 2 4 44 5 45
10 4 1 13 3 11 4 14 5 10
11 3 3 33 4 36 5 35
12 2 1 15 3 8
13 supernode
14 3 3 32 4 27 5 33
15 4 2 9 3 11 4 8 5 10
16 4 1 21 2 24 3 27 5 21
17 4 1 22 2 21 3 20 4 19
18 1 4 6
19 2 2 39 4 35
20 3 1 19 4 18 5 16
21 end
