1 5 22
out
0 (10,11) 2
1 3
2 4 5
3 8 7
4 9
5 8 9 6
6 21
7 21
8 21
9 21
10 1
11 (16,17,18) 12 13
12 15
13 (19,20) 
14 12
15 1
16 14
17 14
18 14
19 12
20 12
in
1 (15,10)
14 (16,17,18)
12 (19,20)
info
0 start
1 3 1 41 2 40 4 46
2 1 1 42
3 1 1 18
4 5 1 16 2 12 3 12 4 14 5 12
5 3 2 43 3 45 5 45
6 2 3 46 4 42
7 4 1 41 2 35 4 41 5 40
8 3 2 14 4 16 5 15
9 4 1 15 3 15 4 12 5 11
10 3 1 26 3 32 4 26
11 3 2 33 4 32 5 35
12 3 1 38 4 40 5 40
13 2 2 24 4 26
14 3 2 8 3 13 4 11
15 1 5 16
16 3 1 19 2 13 5 19
17 3 1 21 2 23 3 25
18 4 1 38 3 36 4 36 5 39
19 1 4 35
20 2 3 22 4 27
21 end
