1 5 20
out
0 1 2 3 4 5 6
1 7
2 7
3 7
4 (11,14) 
5 7
6 (8,9) 
7 19
8 7
9 7
10 7
11 (16,18) 
12 13
13 10
14 15
15 10
16 17
17 12
18 12
in
7 (8,9)
10 (15,13)
12 (17,18)
info
0 start
1 3 1 25 3 31 5 26
2 2 2 39 4 31
3 3 2 12 3 16 5 14
4 3 2 46 3 46 4 40
5 3 1 39 2 35 3 35
6 2 3 32 4 34
7 5 1 25 2 25 3 23 4 27 5 24
8 4 1 33 2 37 3 35 5 34
9 2 1 13 4 9
10 supernode
11 2 3 34 4 34
12 2 1 24 3 27
13 2 3 39 5 46
14 3 1 41 2 36 3 41
15 1 1 31
16 4 1 39 2 40 3 41 5 39
17 4 1 21 2 21 4 21 5 20
18 3 2 37 3 41 5 31
19 end
