1 5 22
out
0 (10,19) 2 3
1 4
2 4
3 4
4 (8,5) 
5 6
6 7
7 21
8 9
9 21
10 11
11 16 12 13
12 1
13 14
14 15
15 12
16 17
17 18
18 12
19 20
20 1
in
21 (7,9)
1 (20,12)
info
0 start
1 1 2 11
2 3 1 13 3 11 5 12
3 3 2 36 3 28 4 37
4 1 3 16
5 5 1 42 2 40 3 40 4 37 5 36
6 2 1 17 3 14
7 3 2 15 4 17 5 22
8 2 3 14 4 12
9 2 2 9 3 13
10 3 1 29 2 24 5 25
11 3 2 14 3 9 4 11
12 4 1 21 2 15 3 20 5 15
13 5 1 34 2 31 3 28 4 34 5 32
14 1 1 19
15 4 1 33 3 37 4 29 5 32
16 3 2 26 3 25 5 23
17 4 1 19 2 21 3 16 5 17
18 2 1 32 3 35
19 3 1 45 2 38 5 43
20 3 1 34 2 36 4 38
21 end
