1 5 21
out
0 1 2 3 4 5 9 10
1 8 6 7
2 8 6
3 8 6 7
4 7
5 6 7
6 11
7 11 13
8 11 12
9 20
10 (15,14) 
11 20
12 20
13 20
14 (17,18) 
15 20
16 20
17 16
18 19
19 16
in
20 (15,16)
16 (17,19)
info
0 start
1 4 1 28 2 30 3 28 4 28
2 3 1 18 2 19 4 19
3 2 1 29 5 26
4 4 1 38 3 33 4 33 5 36
5 3 1 29 2 28 4 32
6 2 1 16 2 19
7 3 2 20 3 28 4 23
8 4 1 46 2 46 4 44 5 46
9 2 4 33 5 30
10 3 2 39 3 38 5 44
11 3 2 14 4 17 5 12
12 3 2 11 3 15 5 11
13 4 1 42 2 41 3 43 5 42
14 1 1 23
15 4 1 25 2 17 3 22 5 22
16 supernode
17 3 1 40 3 43 4 45
18 2 3 37 4 42
19 4 1 46 2 43 3 43 4 40
20 end
