1 5 20
out
0 1 2 3
1 4 5 6
2 4 5
3 4 6
4 19
5 19
6 (7,8,10) 
7 (17,13,14) 
8 9
9 19
10 11
11 19
12 19
13 12
14 15
15 16
16 12
17 18
18 12
in
19 (9,11,12)
12 (16,18,13)
info
0 start
1 3 1 37 2 35 3 29
2 2 1 24 3 28
3 2 2 13 5 11
4 2 4 16 5 13
5 3 2 14 3 14 5 20
6 1 1 32
7 3 1 30 2 32 4 27
8 3 1 40 2 34 5 39
9 3 1 38 2 39 3 42
10 2 1 31 5 33
11 2 3 37 4 34
12 supernode
13 5 1 44 2 39 3 44 4 38 5 44
14 3 1 16 2 18 3 19
15 2 2 31 4 30
16 4 1 41 2 43 4 41 5 45
17 2 1 32 2 30
18 4 1 39 2 42 3 41 5 41
19 end
