1 5 22
out
0 (16,12) 1 2 3 4 6 9
1 8 7
2 8 7
3 8 7
4 7
5 8 7
6 8
7 10
8 11
9 (17,18,20) 
10 21
11 21
12 15 13 14
13 5
14 13
15 13
16 5
17 21
18 19
19 21
20 21
in
5 (16,13)
21 (17,19,20)
info
0 start
1 2 2 29 3 31
2 1 3 37
3 4 1 32 2 38 3 35 5 35
4 3 1 40 3 37 4 40
5 2 2 12 3 14
6 1 4 18
7 5 1 43 2 41 3 44 4 45 5 46
8 4 1 36 3 42 4 33 5 36
9 1 1 44
10 2 1 13 3 12
11 1 1 29
12 2 2 41 5 43
13 3 2 17 3 17 4 21
14 2 1 16 4 16
15 3 1 31 3 34 5 31
16 4 2 28 3 24 4 24 5 25
17 2 2 20 4 20
18 3 1 35 3 32 5 32
19 5 1 32 2 29 3 30 4 32 5 30
20 3 1 21 3 21 5 24
21 end
