1 5 21
out
0 (3,6) 2
1 20
2 (16,18) 
3 4
4 5
5 (15,13) 
6 7
7 8 9 11
8 1
9 10
10 8
11 8
12 1
13 14
14 12
15 12
16 17
17 20
18 19
19 20
in
1 (8,12)
12 (15,14)
20 (17,19)
info
0 start
1 2 1 46 5 45
2 4 1 19 3 20 4 23 5 23
3 4 1 15 2 14 3 17 4 10
4 2 2 33 3 28
5 1 3 26
6 4 1 21 2 17 3 16 4 21
7 3 3 35 4 30 5 28
8 1 2 16
9 3 1 37 2 41 3 38
10 3 2 20 4 14 5 14
11 1 4 33
12 supernode
13 4 1 22 3 19 4 22 5 23
14 3 1 16 3 10 5 10
15 1 1 38
16 4 1 10 2 7 3 8 5 11
17 3 3 36 4 40 5 42
18 3 1 16 2 24 3 22
19 1 5 21
20 end
