1 5 20
out
0 1 2 3 4
1 5 6
2 (16,14) 6 7
3 5 6
4 (9,10,12) 
5 19
6 (17,18) 
7 19
8 19
9 5
10 11
11 5
12 13
13 5
14 15
15 8
16 8
17 19
18 19
in
5 (9,11,13)
8 (15,16)
19 (17,18)
info
0 start
1 1 3 42
2 4 1 22 2 18 4 21 5 20
3 3 1 36 3 36 5 28
4 2 4 32 5 25
5 4 1 16 2 16 3 18 4 14
6 3 1 18 2 19 4 16
7 3 2 41 4 38 5 37
8 5 1 11 2 14 3 8 4 12 5 13
9 2 1 10 2 12
10 4 1 21 2 13 3 18 5 20
11 4 1 42 2 41 3 46 5 44
12 3 1 47 2 48 4 42
13 2 3 36 5 30
14 2 1 47 3 46
15 4 1 16 3 14 4 11 5 11
16 2 1 24 5 26
17 1 1 38
18 3 2 10 3 13 5 15
19 end
