1 5 21
out
0 1 2 3 4
1 5 6
2 5 6
3 5 6
4 6
5 (7,9,10) 
6 20
7 8
8 20
9 20
10 11 12 14
11 20
12 (15,16,18) 
13 11
14 11
15 13
16 17
17 13
18 19
19 13
in
20 (8,9,11)
13 (15,17,19)
info
0 start
1 1 2 37
2 3 1 37 2 37 3 35
3 4 1 37 2 44 3 41 5 40
4 3 1 42 4 47 5 47
5 2 1 36 3 38
6 1 3 40
7 4 1 19 2 20 3 13 5 13
8 1 3 16
9 2 1 21 5 21
10 5 1 43 2 38 3 44 4 46 5 41
11 3 3 18 4 16 5 19
12 3 2 35 3 34 4 40
13 4 1 19 2 18 3 17 5 17
14 2 1 22 2 17
15 2 1 24 4 19
16 1 2 16
17 2 3 43 5 41
18 3 2 18 4 16 5 18
19 3 1 39 3 40 5 38
20 end
