1 5 22
out
0 1 2 3 4 5 13 15
1 6 7
2 8 7
3 7
4 8 6 7
5 6
6 9 11 12
7 9 12
8 9 10
9 17 18 20
10 18
11 16 17
12 14
13 16 19
14 21
15 21
16 21
17 21
18 21
19 21
20 21
in
info
0 start
1 4 1 20 3 18 4 17 5 17
2 4 2 19 3 15 4 21 5 17
3 2 1 39 4 39
4 2 2 13 4 17
5 3 1 28 4 27 5 34
6 3 1 25 2 24 5 18
7 2 1 37 3 33
8 2 3 34 4 39
9 3 1 10 2 10 3 11
10 3 2 39 3 41 4 38
11 1 3 28
12 3 3 28 4 24 5 31
13 2 4 32 5 33
14 4 1 18 2 21 4 17 5 19
15 4 1 20 2 19 3 24 4 25
16 3 2 46 4 46 5 40
17 4 1 14 3 19 4 20 5 17
18 3 2 43 3 42 5 42
19 2 4 37 5 42
20 4 1 29 2 35 4 27 5 36
21 end
