1 5 22
out
0 1
1 2 3 4
2 (7,5) 
3 21
4 (17,18) 
5 6
6 21
7 8
8 9
9 (11,13,14) 
10 21
11 12
12 10
13 10
14 15
15 10
16 21
17 16
18 19
19 20
20 16
in
21 (10,6)
10 (15,12,13)
16 (17,20)
info
0 start
1 1 5 43
2 3 1 26 2 27 5 30
3 2 4 36 5 43
4 3 1 19 2 12 3 15
5 3 1 35 3 39 4 34
6 3 1 11 2 19 5 14
7 2 3 19 5 23
8 3 2 39 3 37 5 39
9 3 1 44 2 35 4 36
10 supernode
11 2 1 31 3 34
12 4 1 37 3 33 4 39 5 30
13 1 3 32
14 1 5 30
15 3 1 18 2 16 4 17
16 supernode
17 2 1 11 5 15
18 3 2 35 3 29 5 34
19 2 1 22 2 21
20 2 4 37 5 42
21 end
