1 5 22
out
0 1 2 3 4 5 15
1 10 6
2 9 10 6
3 8 6 7
4 9
5 8 6
6 14
7 16 12 13
8 16 12 13
9 11 14
10 12 13 14
11 18 20
12 18 19
13 18
14 17 18
15 18
16 18
17 21
18 21
19 21
20 21
in
info
0 start
1 3 1 24 4 21 5 21
2 1 2 39
3 4 1 14 2 12 4 14 5 15
4 5 1 41 2 46 3 46 4 46 5 43
5 3 1 36 4 35 5 35
6 3 1 42 3 40 5 39
7 5 1 24 2 21 3 15 4 24 5 23
8 3 1 9 2 7 3 13
9 4 1 22 2 23 3 25 5 29
10 2 1 40 3 44
11 3 1 37 2 34 3 36
12 1 4 38
13 3 1 21 2 23 4 20
14 3 2 22 3 18 4 17
15 3 1 12 3 16 5 13
16 3 1 34 2 37 3 36
17 2 2 23 5 27
18 3 2 23 4 21 5 23
19 1 1 16
20 3 2 19 4 17 5 14
21 end
