1 5 20
out
0 1 2 3 4 14
1 9 6 7
2 8 6 7
3 8 5
4 7
5 10 12 15
6 11
7 10 12 13
8 13 15
9 10 11 13
10 17
11 16 17
12 18
13 17
14 16 17 18
15 16 17 18
16 19
17 19
18 19
in
info
0 start
1 2 1 22 5 26
2 2 2 22 3 21
3 3 2 35 3 31 5 31
4 4 1 41 2 32 4 42 5 41
5 1 5 27
6 2 1 35 3 36
7 3 2 13 3 12 4 16
8 4 1 15 2 17 4 9 5 10
9 5 1 10 2 14 3 9 4 9 5 11
10 1 3 14
11 1 5 16
12 3 1 43 2 39 5 39
13 2 1 21 5 21
14 5 1 20 2 24 3 21 4 25 5 19
15 2 2 29 5 29
16 3 1 24 2 21 3 21
17 4 1 45 2 42 3 41 4 47
18 2 1 25 2 21
19 end
