1 5 22
out
0 1 3
1 2 4 5
2 21
3 21
4 (16,10,11) 
5 (7,6) 
6 21
7 8
8 21
9 21
10 9
11 15 12 13
12 (18,19,20) 
13 14
14 12
15 12
16 9
17 9
18 17
19 17
20 17
in
21 (8,6)
9 (16,17,10)
17 (18,19,20)
info
0 start
1 4 1 39 2 37 3 40 5 39
2 2 2 28 4 24
3 4 1 45 2 39 3 42 5 40
4 1 4 38
5 2 1 47 3 45
6 4 1 23 2 26 3 20 5 27
7 3 1 25 2 25 5 28
8 4 2 29 3 32 4 33 5 36
9 supernode
10 5 1 14 2 11 3 12 4 12 5 17
11 2 2 34 3 38
12 1 1 26
13 1 2 39
14 2 4 22 5 27
15 1 1 41
16 3 1 8 3 11 5 10
17 supernode
18 1 2 43
19 3 2 38 3 33 4 38
20 2 1 10 5 7
21 end
