1 5 21
out
0 1 2 3 4 6
1 8 7
2 (15,11,12) 5 7
3 8 5 7
4 5 7
5 9 10
6 9 10
7 9 10
8 9 10
9 20
10 20
11 8
12 13
13 (16,17,18) 
14 8
15 8
16 14
17 14
18 19
19 14
in
8 (15,11,14)
14 (16,17,19)
info
0 start
1 3 1 35 2 40 5 41
2 2 2 22 5 22
3 5 1 45 2 41 3 37 4 39 5 44
4 2 1 47 3 37
5 2 1 35 4 35
6 2 2 19 4 25
7 2 1 12 4 19
8 3 1 23 2 25 3 20
9 1 3 29
10 4 1 42 2 48 4 45 5 44
11 1 2 25
12 3 1 39 4 37 5 40
13 3 2 17 3 16 5 18
14 2 2 18 4 15
15 2 1 29 3 28
16 3 1 40 3 40 4 43
17 4 1 38 2 31 3 38 4 32
18 3 1 44 2 40 3 45
19 3 2 35 3 35 4 38
20 end
