1 5 21
out
0 (4,13) 2 3
1 (18,19) 
2 20
3 20
4 7 10 5 6
5 12
6 5
7 8
8 9
9 5
10 11
11 5
12 1
13 15 17 14
14 1
15 16
16 14
17 14
18 20
19 20
in
1 (12,14)
20 (18,19)
info
0 start
1 2 1 35 5 39
2 1 4 21
3 3 1 13 2 13 3 17
4 2 2 22 3 17
5 3 1 21 3 18 5 21
6 3 1 42 2 39 3 42
7 2 1 28 3 24
8 2 1 45 3 42
9 3 1 9 2 11 3 7
10 2 2 13 5 16
11 4 1 29 3 39 4 37 5 38
12 2 3 38 5 37
13 3 3 32 4 33 5 26
14 4 1 44 2 40 3 45 4 43
15 2 2 11 5 6
16 3 1 34 2 32 3 31
17 3 2 12 4 11 5 10
18 3 2 13 3 11 4 12
19 2 1 36 5 29
20 end
