1 5 22
out
0 (17,18,14) 2 3
1 (7,4) 
2 (10,13) 
3 21
4 5
5 6
6 21
7 8
8 21
9 21
10 11
11 12
12 9
13 9
14 15
15 16
16 1
17 1
18 19
19 20
20 1
in
21 (8,6)
9 (12,13)
1 (16,17,20)
info
0 start
1 1 5 37
2 3 1 41 4 44 5 40
3 2 1 25 5 29
4 4 1 35 2 37 3 30 5 30
5 2 2 26 5 28
6 3 1 14 2 20 3 16
7 2 2 29 5 26
8 1 2 35
9 supernode
10 3 2 9 4 19 5 16
11 4 1 16 2 17 4 16 5 13
12 2 2 43 4 36
13 3 2 14 3 19 4 12
14 2 4 36 5 40
15 3 1 22 4 24 5 25
16 1 3 14
17 2 4 34 5 38
18 2 3 37 4 43
19 2 3 29 5 23
20 4 1 29 2 30 4 26 5 27
21 end
