1 5 22
out
0 (7,3,5) 2
1 21
2 21
3 (17,18,14) 
4 1
5 6
6 (11,12) 
7 8
8 9
9 1
10 1
11 10
12 13
13 10
14 15
15 16
16 4
17 4
18 19
19 20
20 4
in
1 (9,10,4)
10 (11,13)
4 (16,17,20)
info
0 start
1 3 2 16 3 17 5 19
2 1 2 45
3 2 1 23 3 27
4 4 2 29 3 30 4 26 5 27
5 4 1 39 2 36 3 40 4 39
6 4 1 18 3 16 4 20 5 22
7 2 1 8 3 17
8 3 3 30 4 26 5 30
9 1 2 29
10 supernode
11 2 1 22 3 20
12 1 3 34
13 2 2 34 3 35
14 4 1 23 3 26 4 28 5 24
15 2 2 37 5 36
16 2 2 30 3 27
17 4 2 8 3 8 4 14 5 14
18 2 2 18 3 23
19 1 4 36
20 3 2 47 3 47 4 42
21 end
