1 5 21
out
0 1 2 3 4 5 17
1 8 10 6
2 10 6 7
3 8 6
4 9 6 7
5 8 6
6 12 13
7 11
8 11 12 13
9 12
10 11 13 14
11 16
12 15
13 18
14 18 19
15 20
16 20
17 20
18 20
19 20
in
info
0 start
1 2 1 26 4 29
2 2 1 32 3 34
3 3 2 42 3 47 4 48
4 2 3 21 4 22
5 2 2 22 5 22
6 3 2 16 4 20 5 14
7 3 1 21 2 22 4 15
8 1 3 35
9 2 1 15 5 18
10 2 1 30 2 29
11 3 1 39 4 45 5 41
12 2 3 42 5 39
13 4 1 19 3 18 4 15 5 15
14 2 2 11 5 14
15 2 2 19 5 20
16 3 1 25 3 31 5 23
17 2 1 33 2 37
18 5 1 37 2 38 3 37 4 36 5 37
19 1 5 21
20 end
