1 5 21
out
0 1 2 3 6
1 5 7
2 4 5 7
3 (8,9) 7
4 20
5 (15,10,12) 
6 (17,19) 
7 20
8 5
9 5
10 11
11 20
12 13
13 14
14 20
15 20
16 20
17 18
18 16
19 16
in
5 (8,9)
20 (15,11,14)
16 (18,19)
info
0 start
1 3 1 44 2 45 3 40
2 3 1 30 3 26 5 29
3 5 1 28 2 29 3 22 4 29 5 23
4 2 1 31 2 25
5 3 1 29 2 32 4 26
6 2 2 37 3 36
7 3 2 11 4 15 5 17
8 2 4 33 5 30
9 4 1 28 3 30 4 30 5 30
10 1 2 22
11 4 1 19 2 23 3 22 5 22
12 2 2 15 3 13
13 2 2 41 3 34
14 3 2 35 4 36 5 41
15 1 1 20
16 supernode
17 4 1 39 2 40 4 39 5 42
18 3 1 41 2 35 4 39
19 1 3 16
20 end
