1 5 22
out
0 (7,6) 1 3
1 2 5
2 21
3 21
4 21
5 21
6 (9,10,13) 
7 4
8 4
9 8
10 11
11 12
12 8
13 (15,17,18) 
14 8
15 16
16 14
17 14
18 19
19 20
20 14
in
4 (7,8)
8 (9,12,14)
14 (16,17,20)
info
0 start
1 3 1 18 2 17 5 25
2 1 1 17
3 1 5 38
4 1 2 38
5 3 3 13 4 15 5 15
6 3 1 21 2 21 3 20
7 4 1 26 2 21 3 26 4 19
8 supernode
9 4 2 43 3 41 4 43 5 46
10 4 1 18 2 20 3 11 4 18
11 3 2 31 3 24 5 24
12 2 2 30 5 30
13 3 1 27 2 29 5 28
14 3 1 19 2 15 5 18
15 2 1 37 4 42
16 5 1 40 2 37 3 41 4 36 5 37
17 1 5 32
18 2 1 43 3 37
19 3 2 14 4 16 5 16
20 1 3 16
21 end
