1 5 22
out
0 1 2 3
1 (19,20) 
2 5 6
3 4 5 6
4 (7,10) 
5 (16,18,14) 
6 21
7 8
8 9
9 21
10 11
11 12
12 21
13 21
14 15
15 13
16 17
17 13
18 13
19 5
20 5
in
21 (9,12)
13 (15,17,18)
5 (19,20)
info
0 start
1 2 1 21 4 19
2 4 1 16 2 7 4 15 5 16
3 1 2 18
4 2 3 16 4 12
5 2 3 17 4 15
6 2 3 8 5 9
7 1 5 13
8 2 4 16 5 9
9 1 5 33
10 3 1 32 3 35 4 34
11 4 1 39 2 35 4 40 5 36
12 3 3 38 4 35 5 41
13 supernode
14 3 1 49 4 44 5 43
15 2 4 15 5 16
16 2 1 34 4 33
17 2 2 12 3 10
18 3 1 22 4 18 5 20
19 3 2 35 3 30 4 25
20 3 2 8 3 12 4 11
21 end
