1 5 22
out
0 1 2 3 4 5 6 11
1 7
2 7
3 8 9
4 8 9 7
5 9
6 8 9 7
7 (18,19) 12
8 10 13
9 13 14
10 21
11 21
12 (15,17) 
13 21
14 21
15 16
16 21
17 21
18 13
19 20
20 13
in
21 (16,17)
13 (18,20)
info
0 start
1 2 2 25 3 25
2 2 1 28 3 32
3 2 3 37 4 43
4 3 2 26 3 30 5 25
5 3 3 27 4 26 5 30
6 3 1 19 3 20 4 24
7 3 1 33 2 27 4 27
8 2 1 13 3 9
9 2 1 41 3 44
10 4 1 44 3 45 4 40 5 41
11 2 2 35 4 35
12 3 1 39 3 38 4 39
13 2 1 13 4 13
14 4 1 9 2 11 3 10 5 12
15 1 4 32
16 1 3 21
17 4 1 38 3 39 4 37 5 42
18 4 1 15 3 16 4 19 5 17
19 4 1 21 3 20 4 16 5 20
20 3 1 30 3 32 5 29
21 end
