1 5 22
out
0 (15,10,20) 1
1 3 4
2 3 4 5
3 21
4 21
5 (9,6) 
6 7
7 8
8 21
9 21
10 11 12 14
11 2
12 13
13 11
14 11
15 16 17 19
16 2
17 18
18 16
19 16
20 2
in
21 (8,9)
2 (16,11,20)
info
0 start
1 3 3 27 4 33 5 32
2 2 2 11 5 7
3 2 1 15 5 17
4 2 4 13 5 19
5 4 1 28 3 28 4 22 5 22
6 4 1 27 2 34 3 31 5 31
7 3 2 16 4 15 5 16
8 3 2 31 3 32 5 40
9 4 2 34 3 35 4 27 5 32
10 1 5 15
11 3 1 14 2 12 3 18
12 3 2 25 3 24 4 29
13 1 5 49
14 3 1 25 2 24 5 29
15 3 1 12 3 11 4 11
16 2 1 26 5 31
17 4 1 8 2 10 4 9 5 15
18 2 2 35 5 30
19 3 1 29 2 25 4 25
20 3 1 43 2 38 3 40
21 end
