1 5 22
out
0 1 2 3 4 5 6 19
1 8 10 7
2 8
3 9 10
4 9
5 8 10 7
6 8 9 10
7 11 12 14
8 15
9 11 13 14
10 11 13 15
11 17 18
12 17 20
13 16
14 16 17
15 18 20
16 21
17 21
18 21
19 21
20 21
in
info
0 start
1 3 1 12 4 7 5 11
2 2 1 34 3 37
3 3 2 17 3 20 4 16
4 2 1 13 2 11
5 2 1 30 3 31
6 3 1 41 2 40 4 43
7 3 1 32 2 25 4 30
8 3 3 26 4 33 5 24
9 2 4 26 5 24
10 2 2 35 4 34
11 3 1 30 2 33 3 28
12 2 2 31 4 28
13 3 1 37 3 40 4 37
14 2 2 18 5 9
15 2 2 41 3 44
16 2 2 37 3 33
17 4 1 17 2 17 4 15 5 18
18 2 3 23 4 19
19 3 1 22 2 24 3 32
20 2 2 28 5 28
21 end
