1 5 20
out
0 1 2 3
1 (7,8,9) 5
2 4 6
3 4 6
4 19
5 (10,11,12) 
6 19
7 6
8 6
9 6
10 19
11 (16,17,14) 
12 19
13 19
14 15
15 13
16 13
17 18
18 13
in
6 (7,8,9)
19 (10,12,13)
13 (15,16,18)
info
0 start
1 2 3 26 4 31
2 1 2 37
3 4 1 34 2 30 3 30 5 32
4 2 3 46 4 41
5 2 2 18 3 20
6 4 2 13 3 11 4 9 5 13
7 4 1 9 2 9 3 14 5 15
8 3 1 35 2 35 5 37
9 2 4 41 5 38
10 4 2 44 3 41 4 42 5 46
11 3 2 8 3 6 5 6
12 2 2 24 4 29
13 supernode
14 3 2 44 3 45 5 43
15 1 1 25
16 4 1 15 3 11 4 17 5 14
17 3 2 42 4 44 5 44
18 3 1 26 2 19 4 24
19 end
