1 5 21
out
0 1 2 3 4 5 10
1 8 9 6
2 8 11 7
3 9 11 7
4 8 6 7
5 6
6 12 14 15
7 16 15
8 12 15
9 13
10 16
11 16
12 17 18 19
13 18
14 17 18
15 17
16 18
17 20
18 20
19 20
in
info
0 start
1 3 1 44 2 42 4 41
2 4 1 18 2 18 3 12 4 11
3 1 5 21
4 4 2 18 3 17 4 20 5 18
5 3 1 23 3 24 5 20
6 3 1 21 2 25 5 24
7 2 1 29 3 31
8 2 2 29 5 28
9 3 1 23 3 21 5 18
10 3 1 16 2 16 5 18
11 3 1 27 3 29 5 31
12 3 1 9 3 9 4 13
13 3 1 40 3 37 4 41
14 3 2 21 3 14 4 15
15 4 1 32 3 28 4 35 5 33
16 1 2 21
17 4 1 18 2 19 4 23 5 16
18 4 1 13 2 9 3 12 4 11
19 3 1 37 4 35 5 34
20 end
