1 5 22
out
0 (7,9,5) 2
1 3 4
2 (17,11,12) 3
3 21
4 (18,20) 
5 6
6 1
7 8
8 1
9 10
10 1
11 4
12 15 13 14
13 16
14 13
15 13
16 4
17 4
18 19
19 21
20 21
in
1 (8,10,6)
4 (16,17,11)
21 (19,20)
info
0 start
1 2 1 18 3 21
2 1 1 36
3 1 4 13
4 4 1 8 2 18 3 14 4 9
5 2 3 37 4 34
6 2 3 20 5 20
7 3 1 35 2 30 5 36
8 3 1 26 3 31 4 30
9 4 1 16 2 21 3 13 5 13
10 3 1 15 4 18 5 16
11 3 1 36 2 34 5 32
12 3 1 44 2 43 5 42
13 2 3 30 4 28
14 4 2 22 3 23 4 19 5 19
15 3 1 19 3 14 5 21
16 5 1 34 2 36 3 32 4 36 5 38
17 2 1 38 2 37
18 2 1 26 3 23
19 2 2 13 5 18
20 4 1 14 2 16 3 13 5 11
21 end
