1 5 22
out
0 1 2 3 5 6
1 8
2 (15,16) 4
3 (18,20) 9 4
4 11 12
5 11 14
6 11 13
7 10 11
8 12 14
9 12 13 14
10 21
11 21
12 21
13 21
14 21
15 9
16 17
17 9
18 19
19 7
20 7
in
9 (15,17)
7 (19,20)
info
0 start
1 2 1 33 3 27
2 3 2 30 3 30 4 33
3 4 2 13 3 14 4 13 5 15
4 3 1 13 4 19 5 17
5 3 3 42 4 41 5 43
6 4 1 38 2 38 3 45 5 44
7 2 1 16 4 10
8 4 1 29 2 33 3 35 4 36
9 3 1 24 3 32 5 30
10 2 1 41 3 45
11 3 3 25 4 25 5 26
12 4 1 33 2 34 4 33 5 35
13 2 1 41 4 40
14 3 2 25 4 23 5 19
15 2 1 12 4 9
16 4 1 25 2 23 4 23 5 23
17 2 1 24 4 22
18 2 3 30 4 27
19 2 2 25 5 19
20 3 1 18 3 18 5 20
21 end
