1 5 20
out
0 1 2
1 3 4
2 3
3 (7,5,6) 
4 19
5 (18,10,12) 
6 19
7 8
8 19
9 19
10 11
11 9
12 16 13 14
13 9
14 15
15 13
16 17
17 13
18 9
in
19 (8,9,6)
9 (18,11,13)
info
0 start
1 2 1 41 5 41
2 3 3 16 4 18 5 20
3 4 1 32 2 31 3 39 5 34
4 3 1 16 4 17 5 15
5 2 3 25 4 32
6 2 4 21 5 26
7 4 1 9 2 15 3 11 4 13
8 2 1 8 4 8
9 supernode
10 2 1 17 3 16
11 1 2 41
12 2 1 23 3 28
13 5 1 15 2 21 3 19 4 16 5 16
14 5 1 19 2 24 3 22 4 18 5 23
15 2 1 40 5 46
16 4 1 25 3 26 4 26 5 28
17 1 5 27
18 4 1 23 2 24 4 33 5 26
19 end
