1 5 22
out
0 1 2 3 4 5 6 11
1 (16,17,18) 10
2 8
3 9
4 7
5 8
6 14 15
7 12 14
8 14 15
9 13
10 12 15
11 13 15
12 21
13 21
14 21
15 21
16 9
17 9
18 19
19 20
20 9
in
9 (16,17,20)
info
0 start
1 3 1 36 3 38 5 40
2 3 1 32 2 32 5 32
3 2 1 20 4 26
4 3 1 39 2 45 4 45
5 3 1 28 2 28 4 29
6 3 3 27 4 30 5 33
7 1 2 11
8 4 2 14 3 21 4 18 5 22
9 4 1 38 3 39 4 44 5 38
10 3 2 15 4 16 5 12
11 1 4 24
12 1 3 19
13 3 1 46 2 46 4 44
14 4 2 24 3 22 4 25 5 16
15 3 1 25 2 26 4 24
16 5 1 10 2 14 3 13 4 8 5 11
17 2 2 30 4 29
18 3 1 22 2 17 4 25
19 1 1 24
20 3 2 11 3 6 5 10
21 end
