1 5 21
out
0 1 2
1 3 4
2 (10,5) 3
3 20
4 20
5 7 8 6
6 4
7 6
8 9
9 (17,19) 
10 16 11 12 13
11 4
12 11
13 14
14 15
15 11
16 11
17 18
18 6
19 6
in
4 (11,6)
6 (18,19)
info
0 start
1 3 1 35 4 40 5 39
2 2 1 18 4 19
3 3 2 28 4 31 5 30
4 5 1 46 2 46 3 42 4 43 5 46
5 1 2 38
6 1 4 33
7 2 4 23 5 23
8 1 3 12
9 2 1 16 2 17
10 4 1 29 3 32 4 32 5 30
11 5 1 23 2 17 3 18 4 19 5 18
12 1 3 36
13 2 3 31 4 31
14 2 3 18 5 16
15 3 1 44 2 35 4 45
16 3 1 39 4 38 5 40
17 2 1 18 5 18
18 2 3 20 5 28
19 4 1 41 2 37 3 35 5 38
20 end
