1 5 21
out
0 1 2 3 4 5
1 10 6 7
2 9 11 6
3 10
4 8 6
5 10 11
6 13 14
7 12 15
8 13 15
9 13 15
10 12 13 14
11 15
12 16 18 19
13 16 17 19
14 16 19
15 16
16 20
17 20
18 20
19 20
in
info
0 start
1 1 5 25
2 1 2 49
3 2 1 37 3 35
4 3 2 32 4 31 5 32
5 2 3 18 5 19
6 4 1 18 3 19 4 9 5 18
7 4 1 32 3 36 4 39 5 34
8 4 1 27 2 18 4 24 5 21
9 2 2 21 3 19
10 4 1 42 2 42 3 41 4 39
11 4 1 24 2 21 3 16 4 25
12 3 1 8 4 12 5 11
13 4 1 35 2 38 3 33 4 36
14 1 1 32
15 3 1 21 2 21 3 11
16 3 1 9 2 12 3 10
17 3 1 31 2 30 5 37
18 2 1 41 5 40
19 2 2 14 5 9
20 end
