1 5 22
out
0 1 2
1 (9,12,6) 3 4
2 (18,20) 5
3 21
4 (15,13,14) 
5 21
6 7
7 8
8 5
9 10
10 11
11 5
12 5
13 21
14 21
15 16
16 17
17 21
18 19
19 3
20 3
in
5 (8,11,12)
21 (17,13,14)
3 (19,20)
info
0 start
1 3 1 36 2 37 3 38
2 3 1 46 2 41 4 41
3 2 1 29 4 34
4 1 4 42
5 5 1 33 2 36 3 36 4 39 5 36
6 1 5 20
7 3 1 31 3 23 5 25
8 3 2 37 3 40 5 34
9 3 1 30 2 27 5 26
10 4 1 19 2 21 3 19 5 14
11 3 2 29 3 29 5 30
12 2 3 27 4 23
13 2 2 23 4 25
14 4 2 11 3 15 4 7 5 13
15 2 1 31 2 34
16 5 1 28 2 31 3 32 4 29 5 29
17 3 1 16 2 18 5 15
18 1 2 24
19 3 1 45 4 44 5 44
20 1 1 24
21 end
