1 5 22
out
0 1 2 3
1 (7,4,6) 
2 21
3 21
4 5
5 21
6 21
7 15 8 9 12
8 (18,19) 
9 10
10 11
11 8
12 13
13 14
14 8
15 16
16 8
17 21
18 17
19 20
20 17
in
21 (17,5,6)
17 (18,20)
info
0 start
1 3 1 11 4 8 5 10
2 2 4 28 5 30
3 2 2 28 3 31
4 2 3 41 4 43
5 3 3 42 4 42 5 38
6 3 1 9 2 9 5 13
7 4 1 23 2 21 4 15 5 23
8 3 1 42 2 42 5 42
9 2 2 18 5 23
10 4 1 7 2 7 3 9 4 8
11 3 1 19 2 19 5 20
12 3 1 41 4 41 5 40
13 2 1 17 4 14
14 2 1 25 2 28
15 3 1 11 3 15 5 11
16 3 3 20 4 16 5 21
17 3 2 21 3 18 5 27
18 1 2 23
19 2 2 32 5 31
20 2 1 34 4 35
21 end
