1 5 20
out
0 1 2 3 6 8 13
1 7
2 4 5 7
3 5
4 9 12 14
5 9 11 14
6 9 10
7 9 11
8 9 11 14
9 17
10 16 18
11 17 18 15
12 16 17 18
13 16 18 15
14 17
15 19
16 19
17 19
18 19
in
info
0 start
1 4 1 19 2 18 3 16 4 15
2 3 3 30 4 39 5 35
3 1 4 26
4 4 2 17 3 23 4 22 5 18
5 4 2 33 3 30 4 27 5 28
6 4 1 39 2 43 3 46 4 40
7 3 1 16 3 18 4 24
8 2 4 28 5 29
9 1 1 42
10 2 1 39 2 40
11 4 1 26 2 17 3 24 4 21
12 3 2 25 4 27 5 26
13 4 1 39 3 42 4 38 5 40
14 2 3 38 4 40
15 2 2 28 3 28
16 2 2 26 5 32
17 3 3 42 4 45 5 48
18 2 2 23 4 23
19 end
