1 5 21
out
0 1 2 3 4
1 7
2 6
3 8 5
4 8 6 7
5 (9,18) 
6 20
7 20
8 20
9 10 11 13 14
10 17
11 12
12 10
13 10
14 15
15 16
16 10
17 20
18 19
19 20
in
20 (17,19)
info
0 start
1 2 2 35 5 36
2 2 1 32 3 32
3 1 4 25
4 3 1 16 2 18 4 16
5 3 1 43 3 45 5 41
6 5 1 29 2 22 3 22 4 21 5 20
7 2 2 6 3 11
8 3 2 48 4 48 5 42
9 4 2 36 3 39 4 34 5 38
10 4 1 12 3 12 4 14 5 11
11 2 2 39 4 39
12 2 3 36 5 42
13 3 3 16 4 13 5 10
14 5 1 11 2 8 3 10 4 8 5 11
15 2 1 37 5 35
16 2 3 21 5 20
17 2 1 32 3 32
18 4 1 36 2 39 3 35 4 41
19 3 1 32 4 36 5 41
20 end
