1 5 22
out
0 1 2 3 4
1 8 6
2 5 6 7
3 8 5 7
4 8 5
5 9 10 11
6 10 11
7 (19,20) 
8 (16,12,14) 
9 21
10 21
11 21
12 13
13 11
14 15
15 11
16 17
17 18
18 11
19 10
20 10
in
11 (15,18,13)
10 (19,20)
info
0 start
1 2 1 26 3 33
2 1 5 40
3 2 1 25 4 25
4 2 2 27 4 29
5 1 2 22
6 1 3 15
7 3 2 25 3 23 4 24
8 1 4 23
9 4 1 22 2 25 4 21 5 20
10 2 1 26 2 24
11 4 1 35 2 32 3 37 4 37
12 3 2 37 3 30 5 33
13 2 3 19 4 29
14 2 3 10 5 11
15 4 1 47 2 39 3 44 5 43
16 3 1 17 2 14 3 12
17 3 2 15 3 16 5 16
18 1 2 36
19 3 3 46 4 43 5 41
20 2 2 13 4 12
21 end
