1 5 22
out
0 1 2
1 (7,8,6) 
2 (3,4) 
3 21
4 21
5 21
6 (17,20) 
7 5
8 9 10 11 13
9 5
10 9
11 12
12 9
13 14
14 15
15 9
16 5
17 18
18 19
19 16
20 16
in
21 (3,4)
5 (7,16,9)
16 (19,20)
info
0 start
1 3 1 42 2 37 4 37
2 2 1 36 3 34
3 2 1 10 4 13
4 2 1 34 5 37
5 supernode
6 2 2 10 4 16
7 2 2 34 4 36
8 2 4 10 5 10
9 3 1 18 3 19 4 18
10 2 1 25 2 21
11 1 3 25
12 3 1 13 3 13 4 18
13 4 1 27 2 28 3 23 4 27
14 2 3 40 4 37
15 3 1 43 2 39 5 38
16 supernode
17 2 3 46 5 44
18 4 1 28 2 28 3 25 5 30
19 1 2 22
20 4 1 21 3 27 4 21 5 28
21 end
