1 5 22
out
0 1 2 3 4 9
1 8 5 7
2 5 6
3 6
4 6
5 11 14
6 10 15
7 13
8 10 12
9 12
10 16 19 20
11 17 19 20
12 16 18 20
13 16 17 20
14 16 18
15 16 18 19
16 21
17 21
18 21
19 21
20 21
in
info
0 start
1 3 1 12 2 13 3 19
2 3 1 40 4 42 5 36
3 3 1 44 4 44 5 44
4 3 3 21 4 19 5 24
5 2 2 6 4 14
6 3 3 43 4 37 5 43
7 4 2 40 3 40 4 38 5 39
8 1 3 28
9 2 2 45 5 44
10 2 3 15 4 8
11 4 1 13 2 11 3 14 4 9
12 4 1 22 2 26 3 20 5 21
13 2 1 10 3 13
14 3 2 23 3 18 4 16
15 2 2 12 3 11
16 3 1 24 2 17 4 24
17 3 2 38 4 39 5 43
18 2 3 14 4 17
19 2 1 21 2 19
20 2 1 12 5 14
21 end
