1 5 20
out
0 1 2 3 4 5
1 8 9 10
2 10
3 6
4 10 6 7
5 9 10
6 11 14 15
7 12 14 15
8 11 15
9 12 14 15
10 11 13 15
11 17
12 16 17 18
13 16 17 18
14 16 17 18
15 18
16 19
17 19
18 19
in
info
0 start
1 3 1 38 4 46 5 38
2 3 1 35 3 38 5 34
3 2 1 25 3 23
4 3 1 16 2 17 5 16
5 3 1 12 2 5 4 8
6 1 4 38
7 3 1 24 4 29 5 29
8 3 1 43 2 50 4 49
9 1 1 37
10 3 1 14 2 12 4 10
11 3 1 24 2 27 5 26
12 2 1 25 4 29
13 4 1 36 2 33 3 36 4 38
14 3 1 36 2 34 4 35
15 2 1 21 2 18
16 1 1 42
17 3 1 10 2 10 4 12
18 2 3 42 5 49
19 end
