1 5 22
out
0 1 2
1 21
2 (7,3,6) 
3 4
4 5
5 21
6 (9,10) 
7 21
8 21
9 8
10 (20,13,14) 
11 12
12 8
13 11
14 15 16 19
15 11
16 17
17 18
18 15
19 15
20 11
in
21 (7,8,5)
8 (9,12)
11 (15,20,13)
info
0 start
1 1 4 19
2 4 1 31 2 22 3 26 4 22
3 3 1 38 2 37 5 40
4 1 5 30
5 2 1 29 3 29
6 2 3 41 4 37
7 4 1 36 2 38 4 37 5 39
8 supernode
9 5 1 28 2 33 3 29 4 33 5 30
10 2 3 33 4 36
11 5 1 37 2 39 3 37 4 42 5 38
12 1 2 11
13 2 3 20 4 25
14 2 3 36 4 36
15 1 3 26
16 4 1 44 2 41 3 37 5 42
17 2 1 22 4 18
18 1 1 34
19 3 2 41 4 34 5 34
20 4 1 20 2 13 3 15 5 20
21 end
