1 5 22
out
0 (7,15,14) 1
1 (3,5,6) 
2 21
3 4
4 21
5 21
6 21
7 8 9 11
8 13
9 10
10 8
11 (17,19) 
12 8
13 2
14 2
15 16
16 2
17 18
18 12
19 20
20 12
in
21 (4,5,6)
2 (16,13,14)
12 (18,20)
info
0 start
1 3 1 36 4 30 5 36
2 2 2 34 5 32
3 3 1 35 2 31 3 32
4 2 3 27 5 27
5 3 3 20 4 14 5 22
6 3 2 46 3 44 4 41
7 2 1 38 3 37
8 1 1 17
9 2 1 14 3 14
10 2 2 36 4 33
11 1 5 21
12 3 1 48 3 42 5 41
13 1 1 24
14 3 2 26 3 33 4 27
15 2 2 13 5 9
16 2 2 25 5 22
17 3 1 36 2 41 4 40
18 2 1 42 2 45
19 3 2 36 3 36 4 36
20 3 2 15 3 19 5 20
21 end
