1 5 21
out
0 (3,4,6) 2
1 20
2 20
3 (17,19) 
4 5
5 1
6 7
7 8 9 10 13
8 1
9 8
10 11
11 12
12 8
13 14
14 15
15 8
16 1
17 18
18 16
19 16
in
1 (16,5,8)
16 (18,19)
info
0 start
1 3 1 19 3 15 4 16
2 2 3 35 4 35
3 3 1 14 2 19 4 16
4 4 1 32 3 37 4 35 5 38
5 1 4 38
6 2 4 15 5 14
7 2 1 10 4 17
8 3 2 31 4 35 5 34
9 2 3 24 4 25
10 3 1 36 2 37 4 35
11 1 5 20
12 4 1 35 2 38 3 41 4 35
13 3 1 9 2 7 3 10
14 3 2 12 3 12 5 15
15 4 1 35 2 35 3 38 4 41
16 supernode
17 1 1 40
18 4 2 27 3 32 4 26 5 30
19 4 1 12 2 16 3 11 5 14
20 end
