1 5 21
out
0 1 2 3 4 5 6 7 17
1 9
2 8 10
3 9 12
4 8 10
5 12
6 9 11
7 8 10 12
8 15
9 14 15
10 13
11 14
12 13 14 15
13 19
14 16 19
15 16 18 19
16 20
17 20
18 20
19 20
in
info
0 start
1 3 2 49 4 44 5 48
2 5 1 45 2 41 3 46 4 41 5 40
3 4 1 31 2 38 3 35 4 38
4 2 1 38 2 40
5 2 1 33 2 31
6 3 2 28 3 30 4 33
7 3 3 20 4 22 5 19
8 1 4 31
9 2 4 26 5 27
10 4 1 14 2 21 3 17 4 18
11 3 3 24 4 28 5 29
12 2 3 20 4 22
13 2 1 14 4 16
14 1 3 39
15 3 2 39 3 40 4 36
16 2 2 17 3 17
17 2 2 29 4 30
18 1 2 41
19 1 4 8
20 end
