1 5 20
out
0 1 2 3 4 5
1 6
2 6
3 (17,11) 
4 (7,8) 
5 6
6 19
7 6
8 9
9 6
10 6
11 15 12 13 14
12 10
13 12
14 12
15 16
16 12
17 18
18 10
in
6 (7,9)
10 (18,12)
info
0 start
1 4 2 24 3 23 4 20 5 30
2 5 1 35 2 39 3 30 4 35 5 32
3 2 2 17 4 14
4 2 3 21 4 22
5 3 1 43 3 46 4 48
6 2 1 19 4 10
7 3 1 34 2 26 5 26
8 1 5 29
9 3 3 25 4 28 5 26
10 supernode
11 2 3 30 5 32
12 3 1 26 3 30 5 21
13 2 2 42 5 41
14 1 4 20
15 2 4 27 5 27
16 4 1 42 2 35 3 37 5 42
17 4 1 33 2 35 4 36 5 35
18 4 1 25 3 19 4 22 5 20
19 end
