1 5 21
out
0 1 2 3
1 5 6
2 4 5 6
3 (7,10,11) 4
4 20
5 20
6 20
7 8
8 9
9 5
10 5
11 16 17 12 13
12 5
13 14
14 15
15 12
16 12
17 18
18 19
19 12
in
5 (9,10,12)
info
0 start
1 2 2 22 4 29
2 3 2 27 4 29 5 29
3 3 1 13 3 14 4 10
4 1 1 14
5 1 3 32
6 4 1 10 2 16 3 9 5 9
7 3 1 30 3 29 4 39
8 2 4 32 5 30
9 1 4 26
10 2 1 40 5 43
11 4 2 39 3 44 4 40 5 41
12 2 1 27 4 27
13 3 1 30 2 33 3 29
14 4 1 33 3 30 4 24 5 34
15 2 4 8 5 7
16 2 3 27 5 20
17 3 2 38 4 42 5 39
18 4 2 18 3 20 4 21 5 16
19 3 1 45 2 42 5 40
20 end
