1 5 21
out
0 1 2
1 4
2 3 4
3 (9,5,6) 
4 20
5 20
6 7
7 (16,17) 
8 (12,13) 
9 10
10 20
11 20
12 11
13 14
14 15
15 11
16 8
17 18
18 19
19 8
in
20 (10,11,5)
11 (15,12)
8 (16,19)
info
0 start
1 3 2 26 4 30 5 28
2 2 1 18 4 17
3 4 1 45 2 39 3 39 5 42
4 3 1 41 2 47 4 45
5 1 4 24
6 4 1 40 2 39 3 45 4 44
7 3 1 28 2 35 3 28
8 4 1 10 2 17 3 12 4 17
9 1 3 12
10 1 2 45
11 supernode
12 2 1 33 3 27
13 3 2 35 3 36 5 41
14 3 1 33 4 39 5 40
15 2 3 15 4 13
16 5 1 12 2 14 3 12 4 13 5 12
17 5 1 16 2 11 3 16 4 12 5 11
18 1 2 39
19 3 1 44 3 43 4 40
20 end
