1 5 21
out
0 1 2
1 20
2 (3,5,13) 
3 4
4 20
5 7 8 10 6
6 20
7 6
8 9
9 6
10 11
11 12
12 6
13 15 18 14
14 20
15 16
16 17
17 14
18 19
19 14
in
20 (14,4,6)
info
0 start
1 2 1 16 5 16
2 2 2 20 4 12
3 2 4 20 5 16
4 3 1 20 3 19 5 28
5 3 1 34 3 37 5 38
6 5 1 16 2 15 3 16 4 15 5 18
7 2 4 26 5 27
8 2 3 44 5 38
9 3 1 16 2 14 4 9
10 4 2 27 3 26 4 24 5 20
11 4 1 31 2 28 3 28 4 26
12 4 1 25 3 23 4 27 5 27
13 2 1 31 3 36
14 1 4 30
15 4 2 37 3 34 4 31 5 27
16 4 1 36 2 40 3 41 5 40
17 2 1 10 3 18
18 2 2 44 3 41
19 3 1 21 3 14 5 14
20 end
