1 5 21
out
0 1 2 3 4 5
1 8
2 10 7
3 9 10 6
4 9 10 11
5 8 10 6
6 16 12 15
7 14
8 13
9 16
10 12 14 15
11 13 14
12 17 18 19
13 18
14 18 19
15 17 18
16 17 18
17 20
18 20
19 20
in
info
0 start
1 2 1 31 5 38
2 2 1 34 5 32
3 3 3 34 4 33 5 34
4 1 5 9
5 2 2 23 5 27
6 1 3 43
7 3 1 21 3 22 5 20
8 2 3 7 4 13
9 1 3 9
10 4 1 41 3 37 4 41 5 43
11 5 1 35 2 37 3 40 4 33 5 41
12 4 2 34 3 37 4 34 5 37
13 3 2 23 4 27 5 27
14 4 1 32 2 27 4 25 5 28
15 2 1 18 2 23
16 2 1 27 2 26
17 3 2 15 3 19 5 19
18 1 1 15
19 2 4 40 5 41
20 end
