1 5 20
out
0 (18,12) 2 3
1 4 5
2 5
3 (7,8) 4 5
4 19
5 19
6 19
7 6
8 (10,11) 
9 6
10 9
11 9
12 17 13 14
13 1
14 15
15 16
16 13
17 13
18 1
in
6 (7,9)
9 (10,11)
1 (18,13)
info
0 start
1 4 1 40 2 37 3 35 4 35
2 2 3 34 4 32
3 3 2 34 4 38 5 36
4 4 1 15 3 22 4 21 5 16
5 3 3 22 4 17 5 16
6 3 1 12 2 9 3 11
7 2 3 10 5 15
8 3 2 19 3 20 5 14
9 supernode
10 4 1 31 2 25 3 30 4 33
11 2 1 31 4 36
12 4 1 28 2 34 3 27 5 30
13 3 1 43 4 40 5 39
14 1 2 6
15 3 1 41 2 46 3 48
16 4 2 35 3 36 4 38 5 31
17 3 1 21 4 30 5 28
18 2 2 35 5 36
19 end
