1 5 21
out
0 1 2 3 4 5 12 13
1 8 6
2 (17,18) 8
3 7
4 8 6 7
5 8 6 7
6 9 11
7 11
8 9 10 11
9 14
10 16 15
11 14 15
12 16 14 15
13 20
14 20
15 20
16 20
17 7
18 19
19 7
in
7 (17,19)
info
0 start
1 1 2 24
2 1 5 9
3 3 1 28 2 34 5 31
4 2 1 23 4 21
5 2 1 38 2 38
6 2 1 12 3 17
7 3 1 16 4 15 5 16
8 1 1 16
9 3 1 11 4 17 5 11
10 3 1 49 2 41 4 45
11 4 1 31 2 33 4 24 5 24
12 1 2 21
13 3 1 42 3 48 4 44
14 2 1 19 2 25
15 4 1 24 2 30 3 25 4 25
16 5 1 26 2 32 3 31 4 27 5 24
17 4 2 9 3 13 4 11 5 13
18 2 1 40 4 38
19 4 1 28 2 18 3 19 4 25
20 end
