1 5 22
out
0 (8,11) 2
1 21
2 (3,5) 
3 4
4 21
5 6
6 7
7 21
8 9
9 10
10 1
11 12
12 (20,14) 
13 1
14 15 16 18
15 13
16 17
17 15
18 19
19 15
20 13
in
21 (7,4)
1 (10,13)
13 (15,20)
info
0 start
1 1 2 36
2 2 2 24 5 24
3 3 1 46 2 44 5 48
4 2 1 31 3 31
5 2 4 27 5 24
6 2 4 21 5 17
7 1 4 10
8 3 1 31 4 34 5 30
9 1 2 37
10 3 1 37 2 43 3 43
11 3 1 27 2 30 4 29
12 3 1 13 2 13 4 8
13 supernode
14 4 1 22 2 16 4 15 5 17
15 2 1 30 5 28
16 2 1 23 4 26
17 4 1 26 2 26 3 28 5 27
18 1 3 30
19 1 2 36
20 2 3 36 4 37
21 end
