1 5 20
out
0 1 2 3 5
1 8 4 6
2 7
3 4 6
4 10 11 13
5 11 12
6 9 13
7 10 11 12
8 9 10 12
9 19
10 19
11 19
12 (17,14) 
13 19
14 15
15 16
16 19
17 18
18 19
in
19 (16,18)
info
0 start
1 4 1 33 2 34 4 35 5 30
2 1 2 31
3 2 1 29 4 28
4 3 3 9 4 13 5 12
5 3 1 44 2 38 4 45
6 3 1 39 3 39 4 42
7 2 3 32 5 32
8 1 2 16
9 3 1 23 2 24 5 26
10 2 1 42 4 47
11 4 1 37 2 36 3 37 4 37
12 3 3 29 4 29 5 34
13 1 1 31
14 3 2 46 3 45 5 42
15 4 1 25 2 22 4 23 5 24
16 3 1 36 2 38 5 35
17 2 2 13 3 21
18 3 1 25 2 21 4 19
19 end
