1 5 22
out
0 1 2 3 4 6 7 8
1 5
2 5
3 (15,18,20) 
4 5
5 9
6 21
7 21
8 (10,11) 
9 (13,14) 
10 21
11 21
12 21
13 12
14 12
15 16
16 17
17 5
18 19
19 5
20 5
in
21 (10,11)
12 (13,14)
5 (17,19,20)
info
0 start
1 2 1 24 5 25
2 1 2 47
3 3 1 36 2 41 3 35
4 2 3 43 4 36
5 1 1 35
6 4 1 40 2 42 4 45 5 39
7 1 4 23
8 3 2 18 3 24 5 25
9 2 2 43 3 44
10 1 1 23
11 4 1 42 2 40 3 40 5 49
12 supernode
13 4 1 27 2 30 3 30 4 26
14 3 2 33 4 33 5 29
15 2 1 18 5 16
16 1 4 9
17 2 2 9 4 11
18 3 1 10 3 10 4 15
19 4 1 10 2 10 4 15 5 7
20 3 3 12 4 16 5 11
21 end
