1 5 21
out
0 1 2 4
1 3
2 (18,10) 
3 20
4 20
5 (8,9,6) 
6 7
7 20
8 20
9 20
10 15 11 12
11 17
12 13
13 14
14 11
15 16
16 11
17 5
18 19
19 5
in
20 (7,8,9)
5 (17,19)
info
0 start
1 4 1 25 2 30 3 25 4 29
2 2 3 35 5 29
3 2 2 23 5 23
4 2 3 14 5 15
5 2 2 18 3 16
6 1 4 33
7 4 1 17 2 18 3 20 5 19
8 2 4 13 5 11
9 3 1 31 2 22 5 31
10 4 2 31 3 40 4 34 5 32
11 3 1 13 4 12 5 18
12 3 3 44 4 39 5 40
13 2 1 19 5 22
14 4 1 15 3 12 4 11 5 10
15 3 1 23 4 20 5 22
16 1 2 21
17 3 1 38 2 33 5 40
18 1 5 22
19 4 1 17 2 18 3 24 4 19
20 end
