1 5 21
out
0 1 2 3 4 9 10
1 5 6
2 5 6 7
3 5 6 7
4 7
5 8
6 (12,13) 
7 11
8 20
9 20
10 20
11 20
12 11
13 (15,17,18) 
14 11
15 16
16 14
17 14
18 19
19 14
in
11 (12,14)
14 (16,17,19)
info
0 start
1 3 2 26 3 26 5 22
2 2 2 12 3 16
3 2 3 22 5 20
4 2 2 30 4 26
5 2 3 45 5 43
6 3 2 42 4 36 5 39
7 3 2 24 4 20 5 23
8 3 1 46 4 48 5 48
9 2 2 27 5 28
10 3 3 29 4 31 5 35
11 5 1 40 2 40 3 35 4 41 5 40
12 3 1 25 3 31 4 26
13 1 4 25
14 supernode
15 3 1 25 3 26 4 25
16 3 1 46 3 42 4 40
17 2 1 24 5 30
18 3 1 28 3 28 5 30
19 2 3 23 5 23
20 end
