1 5 21
out
0 1 2 3 4 6 8
1 9 5 7
2 (16,17,19) 9
3 10
4 5
5 13 14
6 12 13
7 13
8 12 14 15
9 11 12
10 11 13 14
11 20
12 20
13 20
14 20
15 20
16 10
17 18
18 10
19 10
in
10 (16,18,19)
info
0 start
1 2 1 31 3 39
2 5 1 35 2 38 3 39 4 40 5 34
3 4 1 47 2 45 3 46 4 46
4 3 1 38 3 39 5 38
5 3 1 7 3 8 4 13
6 3 1 27 3 25 4 29
7 2 3 21 4 24
8 2 4 38 5 40
9 1 1 28
10 3 2 27 3 21 4 21
11 2 1 10 2 15
12 3 1 12 2 14 3 13
13 3 2 9 4 9 5 12
14 2 2 37 5 37
15 2 1 32 4 30
16 3 2 42 3 43 5 46
17 1 1 23
18 1 4 36
19 3 2 37 3 36 4 33
20 end
