1 5 20
out
0 (11,3,4) 1
1 19
2 19
3 2
4 9 5 6
5 10
6 (12,14) 
7 8
8 5
9 5
10 2
11 2
12 13
13 (16,18) 
14 7
15 7
16 17
17 15
18 15
in
2 (10,3,11)
7 (15,14)
15 (17,18)
info
0 start
1 1 2 24
2 3 1 42 3 43 5 41
3 3 2 32 3 27 5 29
4 4 1 11 2 14 3 10 5 10
5 3 3 35 4 29 5 33
6 2 2 42 4 43
7 3 1 33 3 35 5 39
8 2 3 38 5 43
9 3 2 23 3 25 5 24
10 3 1 44 4 45 5 43
11 2 3 32 5 30
12 4 1 33 2 28 4 26 5 34
13 2 2 41 4 39
14 2 3 34 5 34
15 supernode
16 4 1 26 2 31 4 30 5 27
17 4 1 22 3 20 4 23 5 17
18 2 1 15 2 16
19 end
