1 5 21
out
0 1 2 3 4 5 15
1 11 6
2 11
3 8 10 7
4 11
5 9
6 12 13 14
7 12
8 12 14
9 12 14
10 13
11 14
12 16 17 18
13 18 19
14 17
15 17 18
16 20
17 20
18 20
19 20
in
info
0 start
1 2 2 46 4 42
2 4 1 12 2 14 3 14 5 12
3 2 3 10 4 10
4 3 2 25 3 28 5 29
5 3 1 23 4 24 5 27
6 3 1 19 2 15 3 19
7 1 4 37
8 2 2 21 5 26
9 4 1 35 2 30 4 30 5 27
10 4 2 44 3 46 4 44 5 47
11 2 1 22 5 22
12 3 3 37 4 38 5 40
13 2 1 40 5 41
14 2 3 31 4 28
15 4 1 23 2 18 3 19 5 20
16 3 3 14 4 17 5 13
17 3 2 17 4 17 5 21
18 1 3 27
19 3 1 45 3 39 4 38
20 end
