1 5 19
out
0 1 2 3
1 18
2 (10,11,4) 
3 18
4 7 9 5 6
5 (17,13,14) 
6 5
7 8
8 5
9 5
10 18
11 18
12 18
13 12
14 15
15 16
16 12
17 12
in
18 (10,11,12)
12 (16,17,13)
info
0 start
1 3 1 39 3 38 5 37
2 3 3 19 4 18 5 26
3 2 2 22 4 25
4 2 3 8 4 12
5 2 1 13 3 14
6 3 1 37 2 43 5 43
7 3 2 39 3 45 4 39
8 4 1 21 2 22 4 23 5 25
9 4 2 8 3 14 4 8 5 16
10 2 3 29 4 31
11 4 1 38 2 43 4 35 5 41
12 supernode
13 2 2 37 5 38
14 5 1 37 2 43 3 43 4 40 5 43
15 3 1 15 3 12 5 10
16 3 2 10 3 12 5 14
17 3 2 15 3 17 5 18
18 end
