1 5 20
out
0 1 2 3 4 8
1 (15,13) 
2 (9,10) 5
3 7
4 6
5 (16,18) 
6 19
7 19
8 19
9 6
10 11
11 12
12 6
13 14
14 7
15 7
16 17
17 19
18 19
in
6 (9,12)
7 (15,14)
19 (17,18)
info
0 start
1 4 1 36 3 34 4 37 5 30
2 3 1 46 2 46 4 43
3 3 2 10 3 9 4 12
4 2 1 11 2 12
5 5 1 33 2 23 3 33 4 26 5 25
6 3 1 28 2 24 5 23
7 4 1 44 2 40 4 40 5 41
8 4 1 33 2 32 3 29 5 26
9 2 2 37 5 33
10 3 1 39 2 33 3 35
11 1 1 25
12 3 1 36 3 32 5 29
13 3 1 41 2 42 3 46
14 1 3 41
15 5 1 37 2 43 3 42 4 41 5 40
16 1 2 29
17 3 3 44 4 43 5 38
18 3 2 40 4 38 5 35
19 end
