1 5 22
out
0 1 2 3 4
1 5
2 (11,13) 
3 9 10 6
4 8
5 9 7
6 21
7 (16,18,14) 
8 21
9 21
10 21
11 12
12 9
13 9
14 15
15 21
16 17
17 21
18 19
19 20
20 21
in
9 (12,13)
21 (15,17,20)
info
0 start
1 5 1 39 2 36 3 38 4 31 5 39
2 4 1 32 2 38 3 41 5 40
3 4 1 18 3 22 4 18 5 20
4 1 2 42
5 2 2 41 4 46
6 1 4 16
7 2 2 8 5 10
8 2 1 9 4 11
9 3 1 38 2 40 5 35
10 1 2 37
11 3 1 9 2 12 5 11
12 2 1 20 2 28
13 1 4 23
14 4 1 43 3 43 4 40 5 36
15 4 2 33 3 32 4 29 5 29
16 2 1 25 4 25
17 3 1 24 2 30 5 25
18 3 1 33 2 32 4 31
19 3 1 32 2 32 5 30
20 1 5 28
21 end
