1 5 21
out
0 1 2 3 4 8 9 13
1 5 6
2 5 6
3 6
4 5 6
5 10 11 7
6 11 12
7 19 15
8 18 14 15
9 17 19 15
10 16
11 16 17 14
12 16 19
13 18 19 14
14 20
15 20
16 20
17 20
18 20
19 20
in
info
0 start
1 3 2 20 3 24 4 23
2 3 1 14 2 16 5 14
3 4 1 36 2 40 3 43 5 43
4 4 1 48 3 47 4 42 5 49
5 4 2 15 3 15 4 15 5 18
6 3 1 8 3 8 4 11
7 1 1 45
8 3 1 39 4 41 5 42
9 1 2 29
10 3 2 40 3 34 4 35
11 5 1 29 2 26 3 32 4 32 5 29
12 4 1 35 2 32 3 32 4 32
13 3 1 22 2 16 5 20
14 4 1 30 2 22 3 29 4 27
15 3 2 38 4 36 5 38
16 2 1 33 4 31
17 2 1 12 3 18
18 3 1 48 2 48 4 44
19 2 3 24 4 24
20 end
