1 5 22
out
0 1 2 3 4
1 (15,16,14) 
2 (8,10,12) 6
3 7
4 6
5 21
6 21
7 21
8 9
9 5
10 (18,19,20) 
11 5
12 13
13 5
14 6
15 6
16 17
17 6
18 11
19 11
20 11
in
5 (9,11,13)
6 (15,17,14)
11 (18,19,20)
info
0 start
1 2 2 38 3 35
2 3 2 17 3 20 4 20
3 3 1 19 2 12 5 14
4 2 4 27 5 29
5 2 4 24 5 20
6 2 1 21 2 22
7 2 4 44 5 42
8 2 4 43 5 42
9 5 1 17 2 17 3 19 4 25 5 22
10 4 1 15 3 18 4 15 5 11
11 2 2 31 3 34
12 3 1 19 2 23 4 17
13 2 1 26 3 26
14 1 1 19
15 1 3 26
16 3 1 16 3 19 5 19
17 3 2 22 3 19 4 24
18 5 1 31 2 31 3 33 4 31 5 27
19 3 2 18 4 19 5 17
20 2 2 29 3 33
21 end
