1 5 20
out
0 1 2 3 4 5 7
1 6
2 8 6
3 8 9 6
4 9 10 6
5 8 10 6
6 11 12 14
7 11 12 14
8 14
9 11 12 13
10 14
11 17 18 15
12 16
13 16 17 15
14 16
15 19
16 19
17 19
18 19
in
info
0 start
1 3 2 15 3 20 4 15
2 2 2 10 5 8
3 1 5 36
4 3 1 35 2 36 5 29
5 3 1 42 2 40 3 46
6 2 3 19 4 20
7 1 1 33
8 4 1 34 2 29 4 31 5 34
9 3 3 24 4 25 5 29
10 3 1 26 3 29 4 32
11 2 3 38 4 43
12 2 1 37 5 36
13 4 2 39 3 41 4 38 5 40
14 3 1 44 3 39 5 43
15 4 1 14 2 18 3 17 4 22
16 2 3 42 4 49
17 3 1 39 4 39 5 40
18 4 1 43 3 36 4 36 5 39
19 end
