1 5 21
out
0 1 2 3 4 5 7
1 (18,19) 
2 9
3 8 9 6
4 8 6
5 8 9 6
6 13
7 11
8 10 11 13
9 11 12 13
10 16 14 15
11 17
12 17 15
13 16 17
14 20
15 20
16 20
17 20
18 6
19 6
in
6 (18,19)
info
0 start
1 2 1 15 5 16
2 4 1 18 2 17 3 18 5 19
3 1 3 13
4 4 1 43 2 45 3 47 4 44
5 3 2 27 3 21 4 23
6 3 3 25 4 31 5 24
7 2 2 27 3 26
8 2 1 36 2 32
9 2 1 35 2 35
10 2 1 16 5 13
11 1 3 37
12 2 4 33 5 28
13 2 4 24 5 27
14 1 2 47
15 4 1 40 2 38 3 35 5 37
16 4 2 24 3 25 4 28 5 29
17 2 1 34 4 31
18 4 2 7 3 13 4 9 5 6
19 2 3 20 4 18
20 end
