1 5 21
out
0 1 2 3 4 5 7
1 9 6
2 9
3 8
4 8 6
5 8
6 11 12
7 10 12 13
8 11 13
9 11
10 16
11 (17,19) 
12 14
13 16 15
14 20
15 20
16 20
17 18
18 16
19 16
in
16 (18,19)
info
0 start
1 2 3 47 5 42
2 2 2 22 5 17
3 2 1 20 3 20
4 3 3 21 4 19 5 13
5 2 3 19 4 11
6 3 2 30 4 25 5 30
7 3 3 45 4 39 5 40
8 2 3 42 4 43
9 1 2 27
10 4 2 39 3 40 4 39 5 43
11 2 2 23 4 25
12 4 2 13 3 8 4 12 5 13
13 1 3 18
14 3 1 41 4 43 5 41
15 3 1 36 4 39 5 35
16 2 2 20 3 20
17 3 1 36 3 36 5 36
18 3 2 39 3 42 4 42
19 5 1 41 2 41 3 42 4 44 5 40
20 end
