1 5 22
out
0 1 2 3 4 5 6
1 9 11
2 8 10 7
3 9 10 11
4 8 7
5 8 7
6 8 11 7
7 14
8 16
9 13 14
10 12 15
11 16 13
12 17
13 17 18 19
14 17 20
15 18
16 17 18 20
17 21
18 21
19 21
20 21
in
info
0 start
1 1 5 16
2 3 1 42 3 44 5 45
3 3 1 17 4 12 5 9
4 2 2 18 4 19
5 3 1 37 2 36 4 34
6 3 2 30 3 33 4 36
7 3 1 16 2 11 4 13
8 3 3 21 4 26 5 24
9 3 1 13 3 11 4 15
10 3 2 31 3 39 4 39
11 3 3 12 4 9 5 8
12 2 1 24 3 25
13 3 1 38 4 37 5 36
14 2 1 22 2 21
15 2 2 14 4 17
16 3 1 27 2 25 3 25
17 4 1 5 2 7 3 12 4 5
18 3 1 27 4 20 5 21
19 3 1 42 4 41 5 41
20 3 1 15 3 17 4 15
21 end
