1 5 21
out
0 1 2 3 4 5
1 9 6
2 8 7
3 8 7
4 9 7
5 6
6 12 13
7 (17,19,14) 
8 10 11 13
9 11 12 13
10 20
11 20
12 20
13 20
14 15
15 16
16 11
17 18
18 11
19 11
in
11 (16,18,19)
info
0 start
1 3 1 26 3 33 5 27
2 1 3 16
3 1 2 35
4 1 4 22
5 2 4 24 5 23
6 3 1 22 3 24 5 30
7 3 1 12 2 16 4 18
8 3 1 31 3 32 5 33
9 1 1 43
10 3 1 43 4 44 5 39
11 3 1 12 3 17 4 18
12 2 3 40 5 39
13 4 1 24 2 20 4 25 5 23
14 4 1 25 2 33 4 32 5 29
15 3 3 26 4 23 5 22
16 2 3 13 5 9
17 3 2 21 3 20 5 21
18 3 1 18 2 14 3 11
19 2 1 40 3 37
20 end
