1 5 22
out
0 1 2 3 4 5 6 10 15 19
1 9 11 7
2 9
3 9
4 8 9 7
5 9 11
6 12 13 14
7 12 13 14
8 12 13 14
9 14
10 13 14
11 12
12 16 18 20
13 18
14 17
15 21
16 21
17 21
18 21
19 21
20 21
in
info
0 start
1 3 2 40 3 41 5 37
2 2 2 47 4 44
3 3 1 13 2 13 3 16
4 2 4 34 5 42
5 3 1 8 2 9 5 10
6 4 1 21 2 20 4 25 5 22
7 4 1 12 2 15 3 20 5 20
8 1 5 39
9 4 1 22 2 22 3 18 5 22
10 4 1 38 3 38 4 36 5 36
11 2 3 22 4 21
12 3 3 11 4 9 5 16
13 5 1 36 2 38 3 43 4 38 5 44
14 4 1 39 3 35 4 41 5 38
15 3 1 35 4 31 5 27
16 2 2 14 3 17
17 1 5 15
18 3 1 11 2 13 5 14
19 1 2 33
20 2 1 17 5 20
21 end
