1 5 22
out
0 1 2 3 14 16
1 8 6 7
2 8 5 7
3 8 4 7
4 11
5 9 10 11
6 9
7 9 10 13
8 11 12
9 18
10 20 15
11 18 19
12 18 19
13 17 18
14 18 15
15 21
16 21
17 21
18 21
19 21
20 21
in
info
0 start
1 4 1 20 3 21 4 23 5 18
2 3 1 17 3 12 4 15
3 2 3 16 5 20
4 2 3 8 5 9
5 2 1 36 3 40
6 3 2 19 3 24 4 25
7 4 1 17 2 16 3 19 5 9
8 3 1 23 4 26 5 26
9 3 1 18 3 14 4 17
10 3 1 25 2 32 5 27
11 2 2 40 3 41
12 5 1 30 2 28 3 29 4 30 5 31
13 3 1 32 3 29 5 25
14 2 2 28 3 28
15 5 1 43 2 40 3 40 4 38 5 40
16 2 1 15 2 18
17 3 1 29 2 32 4 27
18 2 4 12 5 13
19 2 1 16 4 16
20 3 1 44 3 39 4 41
21 end
