1 5 22
out
0 1 2 3 4 5
1 8 6 7
2 7
3 (9,10) 6 7
4 8 6
5 7
6 21
7 (11,19) 
8 21
9 8
10 8
11 15 12 13 14
12 18
13 12
14 12
15 16
16 17
17 12
18 21
19 20
20 21
in
8 (9,10)
21 (18,20)
info
0 start
1 3 2 16 4 16 5 18
2 3 1 26 3 31 4 30
3 3 2 26 4 30 5 27
4 3 2 15 3 16 5 23
5 2 2 14 4 12
6 1 2 16
7 2 1 39 5 36
8 4 1 45 3 47 4 46 5 48
9 2 3 28 4 25
10 1 3 23
11 4 1 25 2 28 3 21 5 23
12 3 3 45 4 43 5 38
13 4 1 22 2 32 3 32 5 30
14 2 1 17 2 17
15 3 3 40 4 44 5 43
16 3 3 10 4 11 5 16
17 3 2 13 4 17 5 13
18 3 3 40 4 36 5 38
19 3 1 7 4 7 5 10
20 1 3 22
21 end
