1 5 21
out
0 1 2 3 4 5 17
1 7
2 9
3 8
4 8 10 7
5 10 6
6 12 13
7 11
8 12
9 11 12 14
10 11 12 13
11 15
12 16 19
13 16 18 19
14 19 15
15 20
16 20
17 20
18 20
19 20
in
info
0 start
1 2 2 24 3 23
2 3 1 12 4 13 5 9
3 4 1 25 2 25 3 26 5 27
4 3 1 36 4 38 5 37
5 2 2 47 5 48
6 4 1 31 2 32 4 28 5 29
7 2 3 33 4 38
8 1 1 20
9 2 1 37 5 37
10 4 1 27 2 30 3 33 5 28
11 3 1 29 2 31 5 35
12 2 1 35 2 35
13 3 2 34 4 29 5 35
14 4 1 33 2 38 3 36 5 33
15 2 4 48 5 43
16 3 1 45 3 44 4 44
17 1 5 21
18 4 1 18 2 21 4 21 5 15
19 1 3 30
20 end
