1 5 22
out
0 (3,4) 2
1 (10,11,20) 
2 (8,5) 
3 1
4 1
5 6
6 7
7 21
8 21
9 21
10 9
11 16 12 13
12 19
13 14
14 15
15 12
16 17
17 18
18 12
19 9
20 9
in
1 (3,4)
21 (7,8)
9 (10,19,20)
info
0 start
1 2 1 32 5 26
2 3 1 23 2 22 3 18
3 1 3 14
4 4 1 33 3 31 4 29 5 35
5 1 5 10
6 3 1 29 2 27 4 35
7 2 4 14 5 19
8 3 3 17 4 17 5 10
9 supernode
10 1 3 35
11 2 1 27 2 26
12 3 2 33 3 32 4 30
13 1 4 28
14 2 4 30 5 26
15 2 1 29 2 32
16 2 2 36 4 34
17 2 1 14 2 11
18 4 1 40 2 36 4 32 5 38
19 3 1 40 4 44 5 46
20 2 4 30 5 30
21 end
