1 5 22
out
0 (8,5) 1 2
1 3
2 (9,10) 
3 21
4 21
5 6
6 7
7 (20,12) 
8 4
9 21
10 21
11 4
12 15 17 13 14
13 11
14 13
15 16
16 13
17 18
18 19
19 13
20 11
in
4 (8,11)
21 (9,10)
11 (20,13)
info
0 start
1 1 5 23
2 2 3 25 4 31
3 2 2 44 5 44
4 2 1 46 3 46
5 3 1 37 3 35 5 36
6 3 3 15 4 13 5 15
7 2 2 21 3 22
8 4 1 14 2 17 3 12 5 13
9 2 1 7 3 8
10 1 2 17
11 supernode
12 3 2 43 3 38 5 47
13 3 1 29 3 29 5 22
14 1 1 23
15 2 4 25 5 27
16 2 3 23 5 27
17 4 1 31 3 35 4 34 5 34
18 3 2 36 4 34 5 36
19 2 2 36 5 29
20 2 2 27 5 23
21 end
