1 5 20
out
0 1 2 5
1 4 7
2 3 6
3 11
4 8 12 13
5 8 10 13
6 8 9 12
7 8
8 16 18
9 14
10 16 15
11 16 14
12 17 14 15
13 16 17 14
14 19
15 19
16 19
17 19
18 19
in
info
0 start
1 1 1 35
2 2 3 16 4 16
3 2 1 32 3 33
4 3 2 14 3 13 5 10
5 3 2 36 3 36 5 41
6 3 1 28 2 28 5 30
7 3 1 36 2 36 5 43
8 3 2 46 3 50 4 43
9 3 1 25 3 25 4 31
10 1 2 16
11 4 1 14 3 10 4 11 5 11
12 4 1 22 2 24 3 23 5 25
13 4 2 38 3 36 4 35 5 31
14 3 1 48 2 49 5 42
15 4 1 23 2 21 3 29 5 24
16 2 3 36 4 32
17 1 1 33
18 3 3 6 4 7 5 8
19 end
