1 5 22
out
0 8 1 2 3
1 9 4 6
2 4 5
3 9 7
4 12 13 15
5 11 13
6 16 11 14
7 10 14
8 16
9 16 12 14
10 17 20
11 17 20
12 17 19
13 17 18
14 17 18
15 18 19 20
16 19
17 21
18 21
19 21
20 21
in
info
0 start
1 2 1 33 3 37
2 3 1 28 3 29 4 24
3 2 2 33 5 35
4 4 1 36 2 31 3 32 5 27
5 2 3 39 5 41
6 4 1 19 3 14 4 16 5 17
7 1 2 13
8 4 1 38 2 38 4 38 5 35
9 4 1 42 2 37 3 36 5 42
10 1 3 10
11 1 1 41
12 2 3 39 5 39
13 2 1 14 4 13
14 1 2 20
15 2 3 32 4 32
16 1 2 44
17 4 1 12 2 15 4 8 5 11
18 2 1 11 4 13
19 3 1 14 2 19 3 16
20 4 1 47 3 38 4 44 5 46
21 end
