1 5 21
out
0 1 2
1 3 4
2 3 4
3 (16,13,14) 
4 (5,6) 
5 20
6 7
7 (9,10) 
8 20
9 8
10 11
11 8
12 20
13 12
14 15
15 12
16 17 18 19
17 12
18 17
19 17
in
20 (8,5)
8 (9,11)
12 (15,17,13)
info
0 start
1 3 1 45 2 43 5 42
2 1 3 39
3 2 1 15 5 22
4 3 2 33 4 37 5 31
5 4 1 34 2 34 4 34 5 31
6 3 1 46 4 45 5 42
7 3 1 25 2 27 5 29
8 supernode
9 4 2 18 3 16 4 20 5 20
10 3 1 37 3 42 4 36
11 1 2 31
12 supernode
13 2 2 21 5 22
14 2 4 12 5 11
15 2 2 14 5 9
16 4 1 18 2 13 3 23 5 22
17 2 2 26 3 25
18 2 4 30 5 35
19 3 1 29 2 35 5 28
20 end
