1 5 22
out
0 1 2
1 4
2 3 4
3 21
4 (8,9,5) 
5 6
6 7
7 21
8 (15,16) 
9 10
10 11 12 13
11 (18,19,20) 
12 11
13 11
14 21
15 14
16 14
17 21
18 17
19 17
20 17
in
21 (7,17,14)
14 (15,16)
17 (18,19,20)
info
0 start
1 3 2 43 3 39 4 42
2 5 1 30 2 32 3 34 4 31 5 31
3 4 1 28 2 24 3 22 4 27
4 2 2 37 3 41
5 4 1 15 2 15 3 16 5 12
6 1 5 12
7 3 1 11 3 13 5 9
8 4 2 13 3 15 4 19 5 20
9 2 4 21 5 18
10 3 1 9 2 8 5 13
11 1 5 31
12 4 2 33 3 36 4 36 5 36
13 2 3 38 5 39
14 supernode
15 4 2 38 3 39 4 38 5 33
16 3 2 35 3 36 5 40
17 supernode
18 3 2 17 4 14 5 16
19 2 3 15 4 15
20 3 1 33 3 38 5 36
21 end
