1 5 22
out
0 (15,14) 1 10 3 4
1 7
2 8 5 7
3 (16,17,19) 8 7
4 6 7
5 13
6 9 12
7 9 11 12
8 9 12
9 21
10 21
11 21
12 21
13 21
14 2
15 2
16 6
17 18
18 6
19 20
20 6
in
2 (15,14)
6 (16,18,20)
info
0 start
1 2 2 22 3 20
2 2 1 28 4 26
3 2 1 44 4 47
4 4 2 22 3 25 4 25 5 24
5 2 2 34 3 34
6 2 2 25 5 27
7 3 1 21 3 25 5 20
8 4 1 34 2 26 3 27 4 33
9 1 4 25
10 3 1 30 2 31 5 27
11 2 3 39 4 47
12 1 4 26
13 2 2 16 3 13
14 2 2 19 4 16
15 1 3 24
16 4 1 28 2 35 3 25 4 26
17 2 1 34 4 32
18 4 1 30 2 32 4 29 5 31
19 3 2 36 3 37 5 35
20 4 1 34 3 29 4 32 5 31
21 end
