1 5 22
out
0 1 2 3 4
1 5 6 7
2 7
3 (8,11) 6
4 5 6 7
5 21
6 (17,13,14) 
7 21
8 9
9 10
10 7
11 12
12 (19,20) 
13 21
14 15
15 16
16 21
17 21
18 7
19 18
20 18
in
7 (18,10)
21 (16,17,13)
18 (19,20)
info
0 start
1 5 1 13 2 10 3 7 4 8 5 12
2 2 4 41 5 40
3 2 1 37 4 40
4 4 1 31 2 37 3 37 5 34
5 3 2 21 3 30 4 27
6 2 1 35 3 28
7 4 1 20 2 22 3 22 4 25
8 1 1 24
9 2 2 17 5 10
10 3 2 30 3 33 5 31
11 2 1 48 2 46
12 1 1 41
13 2 3 27 5 26
14 4 1 25 3 25 4 33 5 25
15 3 2 20 3 18 4 21
16 3 2 42 4 36 5 38
17 2 2 48 5 44
18 supernode
19 3 1 42 2 48 4 43
20 3 2 13 3 23 4 21
21 end
