1 5 21
out
0 1 2 3 4
1 9 5 6
2 8
3 5 7
4 9 6
5 11
6 10 12
7 12 13 14
8 11 12 13
9 10
10 16 19 15
11 16 18 19
12 16 17
13 17
14 16 17 19
15 20
16 20
17 20
18 20
19 20
in
info
0 start
1 3 2 14 3 12 5 16
2 3 1 14 2 16 4 10
3 2 2 35 5 40
4 3 1 41 2 40 4 46
5 2 2 11 4 12
6 2 2 41 5 40
7 1 5 30
8 5 1 39 2 35 3 38 4 38 5 39
9 2 1 22 4 24
10 2 3 41 4 41
11 3 3 34 4 33 5 35
12 3 1 38 2 38 4 38
13 5 1 9 2 8 3 9 4 9 5 9
14 3 1 16 3 16 5 18
15 2 1 32 2 26
16 2 1 34 3 33
17 4 1 48 3 41 4 44 5 50
18 4 1 34 2 34 4 37 5 37
19 2 3 45 4 39
20 end
