1 5 21
out
0 1 2 3 4
1 8
2 8
3 5 6 7
4 (13,14) 12
5 9
6 11 12
7 12
8 10 11 12
9 (16,17,18) 
10 20
11 20
12 20
13 11
14 15
15 11
16 20
17 20
18 19
19 20
in
11 (15,13)
20 (16,17,19)
info
0 start
1 3 2 35 3 33 5 37
2 3 1 17 4 22 5 22
3 2 1 33 2 31
4 2 1 20 5 21
5 4 1 43 3 38 4 43 5 38
6 4 1 46 2 43 4 44 5 43
7 3 1 27 4 30 5 27
8 3 1 15 4 11 5 16
9 2 2 29 3 28
10 3 1 25 3 29 5 24
11 2 4 34 5 34
12 2 1 31 5 34
13 2 2 42 4 41
14 1 2 35
15 3 2 25 4 25 5 24
16 3 2 46 3 43 5 45
17 4 2 28 3 24 4 24 5 24
18 2 4 42 5 47
19 4 2 30 3 29 4 27 5 32
20 end
