1 5 20
out
0 1 2 3 6 8
1 (9,10,13) 4
2 7
3 4 5
4 19
5 19
6 19
7 19
8 19
9 5
10 11
11 12
12 5
13 (16,18) 
14 15
15 5
16 17
17 14
18 14
in
5 (15,9,12)
14 (17,18)
info
0 start
1 3 1 46 3 37 4 43
2 4 1 10 2 10 3 15 4 15
3 3 1 22 3 22 4 22
4 2 1 18 2 20
5 5 1 37 2 37 3 34 4 33 5 39
6 3 1 50 2 47 4 46
7 2 1 24 5 23
8 4 1 42 3 47 4 41 5 44
9 3 1 19 3 13 5 16
10 3 2 12 3 15 4 18
11 3 1 10 2 10 3 11
12 2 1 40 4 45
13 1 5 20
14 3 3 23 4 18 5 21
15 2 3 20 4 17
16 3 3 44 4 40 5 43
17 3 1 39 2 37 5 33
18 4 1 32 2 31 4 27 5 30
19 end
