1 5 22
out
0 1 2 3 4 5 6 12
1 7
2 8 9 7
3 8 9 7
4 8 9
5 8
6 8 9 7
7 (15,13,14) 
8 10
9 11
10 21
11 21
12 21
13 10
14 10
15 16 17 18
16 20
17 16
18 19
19 16
20 10
in
10 (20,13,14)
info
0 start
1 3 3 41 4 39 5 37
2 3 1 29 3 27 5 29
3 3 1 21 3 21 4 21
4 2 1 43 3 42
5 4 1 39 2 37 3 37 5 31
6 3 1 28 4 26 5 26
7 3 2 16 3 15 4 15
8 3 2 13 3 15 5 14
9 3 1 15 3 15 4 18
10 3 2 40 3 45 5 44
11 3 1 21 2 26 5 26
12 3 1 25 3 29 5 24
13 1 4 26
14 3 1 35 2 40 3 40
15 1 4 16
16 3 2 41 3 38 5 33
17 2 3 17 4 16
18 4 1 16 2 13 3 13 5 10
19 2 1 30 3 29
20 3 2 36 4 34 5 33
21 end
