1 5 22
out
0 1 2
1 (7,5,6) 
2 3 4
3 21
4 21
5 3
6 3
7 15 8 9 12
8 16
9 (17,19,20) 
10 11
11 8
12 13
13 14
14 8
15 8
16 3
17 18
18 10
19 10
20 10
in
3 (16,5,6)
10 (18,19,20)
info
0 start
1 3 1 18 4 15 5 23
2 2 2 36 3 32
3 2 1 25 2 31
4 5 1 31 2 27 3 26 4 29 5 26
5 2 4 25 5 23
6 5 1 35 2 35 3 39 4 35 5 34
7 3 1 10 2 10 5 10
8 2 2 32 4 27
9 3 1 27 3 25 4 28
10 3 1 48 4 46 5 40
11 1 5 28
12 2 2 47 4 43
13 3 1 14 3 16 4 13
14 3 3 25 4 23 5 26
15 4 1 33 2 36 3 34 4 34
16 2 1 43 5 41
17 2 3 21 5 14
18 2 1 24 4 32
19 1 3 26
20 3 2 18 3 17 4 21
21 end
