1 5 22
out
0 (8,6) 1 3
1 (4,5) 
2 21
3 21
4 21
5 21
6 7
7 2
8 9
9 15 10 11 12
10 2
11 10
12 (18,19,20) 
13 14
14 10
15 16
16 17
17 10
18 13
19 13
20 13
in
21 (4,5)
2 (7,10)
13 (18,19,20)
info
0 start
1 2 3 37 5 44
2 3 1 18 2 18 5 19
3 3 1 18 2 22 5 18
4 4 1 32 2 31 3 32 4 32
5 5 1 18 2 15 3 21 4 22 5 22
6 3 2 34 4 30 5 28
7 2 2 20 4 16
8 2 2 13 5 15
9 3 1 21 2 24 3 24
10 4 1 8 2 14 3 10 4 15
11 2 3 36 5 38
12 4 2 47 3 39 4 38 5 38
13 1 4 10
14 4 1 29 3 32 4 32 5 28
15 1 4 45
16 4 1 7 2 14 3 11 4 9
17 2 2 42 3 39
18 4 1 47 2 41 3 40 4 43
19 2 2 27 5 31
20 2 3 19 4 19
21 end
