1 5 22
out
0 1 2 3 4 10
1 6
2 9
3 8 5 7
4 8 9
5 16 12 15
6 14 15
7 16 12
8 11
9 13
10 12 14
11 20
12 20
13 18 20
14 17
15 17 19
16 17 18 19
17 21
18 21
19 21
20 21
in
info
0 start
1 4 1 15 2 13 4 12 5 16
2 2 1 34 2 36
3 4 1 21 2 23 4 22 5 19
4 2 1 48 5 40
5 2 1 46 3 41
6 2 3 15 4 22
7 4 1 16 2 14 3 14 5 14
8 1 3 15
9 1 2 20
10 1 5 36
11 2 2 24 5 26
12 5 1 23 2 22 3 24 4 26 5 22
13 2 2 8 5 12
14 1 4 31
15 4 1 29 2 30 4 33 5 30
16 3 2 16 4 13 5 10
17 4 1 37 3 38 4 31 5 38
18 1 5 16
19 2 2 28 5 29
20 2 3 32 5 34
21 end
