1 5 20
out
0 1 2 3 4 7 13 15 17
1 5
2 5 6
3 8 5 6
4 5 6
5 11
6 11
7 9 10 11
8 9 11
9 16 18 12
10 16 18
11 12 14
12 19
13 19
14 19
15 19
16 19
17 19
18 19
in
info
0 start
1 5 1 32 2 32 3 27 4 32 5 31
2 3 2 31 3 29 4 32
3 2 1 20 3 24
4 2 1 37 5 37
5 1 3 21
6 3 1 14 2 10 3 12
7 3 1 19 2 17 3 23
8 2 2 15 4 15
9 4 1 17 2 21 4 21 5 11
10 2 4 46 5 40
11 2 2 21 4 27
12 1 2 44
13 3 1 11 2 15 3 15
14 4 1 48 2 45 3 49 5 41
15 3 1 19 2 17 4 16
16 3 2 29 3 35 4 32
17 3 3 18 4 18 5 15
18 3 2 27 4 33 5 33
19 end
