1 5 21
out
0 1 2 3 4
1 (17,18,19) 
2 5
3 (9,6) 
4 5
5 20
6 7
7 8
8 5
9 10
10 (15,12) 
11 5
12 13
13 14
14 11
15 11
16 5
17 16
18 16
19 16
in
5 (8,11)
11 (15,14)
16 (17,18,19)
info
0 start
1 4 1 19 3 27 4 18 5 26
2 2 4 31 5 30
3 3 2 40 3 48 4 44
4 3 2 35 3 36 4 34
5 2 3 36 4 32
6 4 1 37 3 42 4 37 5 43
7 1 5 30
8 4 1 33 2 34 3 28 4 29
9 1 3 29
10 3 1 12 3 13 4 15
11 2 1 33 3 38
12 2 1 21 5 20
13 3 1 44 2 41 3 44
14 3 2 47 4 39 5 45
15 4 1 29 2 28 3 26 4 19
16 supernode
17 3 1 42 3 46 5 48
18 3 1 8 2 8 3 12
19 3 1 14 2 18 4 15
20 end
