1 5 22
out
0 1 2
1 21
2 (3,12) 
3 9 4 5 6
4 11
5 4
6 7
7 8
8 4
9 10
10 4
11 21
12 15 13 14
13 (17,18,20) 
14 13
15 13
16 21
17 16
18 19
19 16
20 16
in
21 (16,11)
16 (17,19,20)
info
0 start
1 4 1 38 2 41 4 39 5 38
2 4 2 29 3 26 4 28 5 31
3 2 2 25 4 23
4 1 3 40
5 2 1 13 4 13
6 3 1 48 2 47 5 42
7 4 2 44 3 43 4 46 5 44
8 2 1 23 4 20
9 5 1 40 2 44 3 46 4 40 5 38
10 1 5 24
11 3 1 12 2 20 5 15
12 2 1 32 2 34
13 4 1 20 2 10 3 10 4 10
14 3 1 10 2 11 4 18
15 5 1 31 2 34 3 30 4 35 5 34
16 1 2 45
17 3 1 32 4 29 5 31
18 4 1 32 2 33 3 37 5 35
19 1 1 23
20 4 2 12 3 11 4 14 5 16
21 end
