1 5 22
out
0 1 2 3
1 21
2 (11,4) 
3 21
4 (15,12,13) 8 6
5 21
6 7
7 5
8 9
9 10
10 5
11 21
12 5
13 (17,19) 
14 5
15 16
16 5
17 18
18 14
19 20
20 14
in
21 (11,5)
5 (16,12,14)
14 (18,20)
info
0 start
1 2 2 47 4 45
2 4 1 19 3 18 4 19 5 16
3 2 4 34 5 42
4 1 2 38
5 4 1 32 2 29 3 35 4 35
6 1 2 36
7 2 2 34 5 31
8 4 1 46 2 42 4 49 5 49
9 1 3 33
10 3 2 19 3 20 4 22
11 2 3 33 5 35
12 2 3 29 4 30
13 3 1 33 3 31 4 36
14 2 3 42 4 49
15 4 1 37 2 37 3 38 4 38
16 1 1 35
17 2 2 18 4 18
18 1 1 41
19 4 1 13 2 16 4 11 5 12
20 1 3 44
21 end
