1 5 21
out
0 1 2 3 4
1 6
2 5 6 7
3 5 6 7
4 5 6 7
5 8
6 (15,18,19) 10
7 8 9 10
8 20
9 20
10 (12,13) 
11 20
12 20
13 14
14 20
15 16
16 17
17 11
18 11
19 11
in
20 (12,14)
11 (17,18,19)
info
0 start
1 2 2 22 3 30
2 1 1 22
3 3 1 21 4 21 5 22
4 3 1 35 2 34 5 39
5 2 1 15 5 15
6 2 2 35 4 36
7 5 1 29 2 31 3 31 4 29 5 30
8 2 2 43 5 44
9 1 3 39
10 2 1 37 5 36
11 2 1 41 2 39
12 1 2 32
13 4 2 39 3 49 4 39 5 49
14 2 4 13 5 9
15 2 3 21 4 18
16 4 1 41 3 42 4 42 5 43
17 3 2 34 3 25 4 33
18 1 5 32
19 2 2 11 5 17
20 end
