1 5 21
out
0 1 2
1 (3,6) 
2 20
3 4
4 (7,9,10) 
5 20
6 20
7 8
8 (17,12,14) 
9 5
10 5
11 5
12 13
13 11
14 15
15 16
16 11
17 18
18 19
19 11
in
20 (5,6)
5 (9,10,11)
11 (16,19,13)
info
0 start
1 2 2 25 4 21
2 4 1 11 2 13 3 16 5 8
3 4 1 38 3 37 4 36 5 37
4 3 1 25 2 24 5 22
5 4 2 27 3 29 4 23 5 28
6 2 1 34 2 40
7 4 2 13 3 15 4 18 5 18
8 4 1 30 2 29 3 34 4 31
9 3 1 42 3 46 4 47
10 3 1 15 2 16 3 12
11 supernode
12 3 2 27 3 25 4 23
13 3 1 42 4 35 5 39
14 2 4 40 5 36
15 3 3 17 4 15 5 16
16 3 1 20 2 15 5 18
17 2 1 15 4 20
18 2 2 15 4 17
19 3 1 46 4 39 5 40
20 end
