1 5 21
out
0 1 2 3 4 5 6
1 8
2 8 9
3 8 7
4 (16,14) 
5 (17,18) 7
6 12 13
7 11 12 13
8 13
9 10 11 12
10 20
11 20
12 20
13 20
14 15
15 8
16 8
17 9
18 19
19 9
in
8 (15,16)
9 (17,19)
info
0 start
1 2 3 48 5 39
2 3 1 30 3 28 5 31
3 2 3 39 5 42
4 4 1 27 2 20 4 21 5 20
5 2 1 29 5 31
6 3 3 22 4 22 5 19
7 4 1 44 2 45 3 47 4 40
8 3 1 30 3 31 4 35
9 2 1 22 5 20
10 2 3 30 4 31
11 3 1 40 3 35 5 35
12 2 2 34 3 38
13 1 5 24
14 1 4 31
15 3 1 20 4 20 5 21
16 4 1 35 2 31 3 33 5 30
17 2 3 42 5 44
18 1 4 19
19 3 1 31 4 39 5 34
20 end
