1 5 21
out
0 1 2 3 9 13
1 4 5 6
2 6 7
3 5 7
4 8 11
5 8
6 (17,18) 8 11
7 8 10
8 14
9 16 14 15
10 14 15
11 12 15
12 20
13 20
14 20
15 20
16 20
17 10
18 19
19 10
in
10 (17,19)
info
0 start
1 3 1 27 3 23 5 30
2 2 1 34 4 37
3 1 3 28
4 3 2 13 3 10 4 13
5 3 1 47 3 45 5 39
6 3 2 45 3 44 4 38
7 3 3 28 4 28 5 27
8 1 4 9
9 3 1 27 2 26 5 25
10 2 1 41 3 43
11 3 1 16 3 19 4 15
12 3 1 33 2 33 5 39
13 3 1 43 4 39 5 42
14 4 1 22 2 18 3 20 4 23
15 2 2 32 5 29
16 3 2 22 3 19 4 23
17 3 1 34 3 36 4 30
18 4 1 11 3 16 4 15 5 14
19 2 1 19 5 23
20 end
