1 5 20
out
0 8 1 2 3
1 4
2 (11,13) 4
3 4 5
4 9 7
5 9 10 6
6 19
7 19
8 19
9 19
10 19
11 12
12 5
13 14
14 15 16 17
15 5
16 15
17 18
18 15
in
5 (15,12)
info
0 start
1 4 1 22 2 23 3 28 4 28
2 1 5 42
3 3 1 25 3 28 5 23
4 4 1 35 3 32 4 32 5 37
5 3 1 29 2 27 5 29
6 3 2 40 4 42 5 45
7 4 1 11 2 11 3 14 5 14
8 1 5 44
9 3 1 22 4 26 5 24
10 1 5 27
11 4 1 22 3 22 4 21 5 20
12 3 1 23 3 22 5 19
13 1 1 20
14 1 3 36
15 4 1 24 2 23 3 24 4 21
16 3 2 42 3 41 4 41
17 3 1 14 3 16 4 17
18 5 1 18 2 16 3 11 4 15 5 15
19 end
