1 5 20
out
0 1 2 3 4 8 15
1 5 6 7
2 5
3 7
4 9 12
5 9 10 11
6 11
7 9 12
8 12
9 16 18 13
10 17 13
11 16 13
12 14
13 19
14 19
15 19
16 19
17 19
18 19
in
info
0 start
1 3 1 17 4 14 5 18
2 5 1 16 2 17 3 14 4 13 5 13
3 5 1 15 2 13 3 16 4 11 5 10
4 4 1 30 2 25 3 26 4 25
5 2 1 19 5 27
6 4 1 24 2 21 3 23 4 23
7 4 1 19 2 23 3 21 4 16
8 2 2 23 4 15
9 4 1 43 2 44 3 44 5 38
10 3 1 43 2 40 4 43
11 2 1 40 3 46
12 4 2 35 3 38 4 37 5 37
13 2 1 31 4 27
14 4 1 10 3 13 4 8 5 6
15 2 2 18 3 18
16 4 1 39 3 38 4 40 5 38
17 1 5 12
18 3 1 34 2 30 5 32
19 end
