1 5 22
out
0 1 2 3
1 (7,9) 5 6
2 4 5 6
3 5
4 21
5 21
6 21
7 8
8 4
9 10
10 (12,13) 
11 4
12 (15,18,19) 
13 11
14 11
15 16
16 17
17 14
18 14
19 20
20 14
in
4 (8,11)
11 (13,14)
14 (17,18,20)
info
0 start
1 5 1 39 2 42 3 40 4 41 5 39
2 4 1 42 2 42 3 40 4 32
3 3 1 22 3 25 4 24
4 1 4 17
5 2 4 35 5 37
6 3 1 35 3 40 4 42
7 2 4 21 5 22
8 3 1 21 2 16 3 20
9 2 1 39 5 37
10 4 1 37 2 39 3 42 4 37
11 supernode
12 4 1 28 2 24 3 28 5 24
13 1 2 15
14 supernode
15 2 2 15 5 12
16 4 1 27 2 26 4 26 5 32
17 2 3 22 5 23
18 2 1 21 5 16
19 3 1 38 2 42 5 44
20 3 1 29 2 26 5 34
21 end
