1 5 22
out
0 1 2 3 4 5 6 11
1 8 9 7
2 8 9 7
3 9 7
4 8 9
5 8 9 7
6 7
7 10 13 15
8 12 13 14
9 13 15
10 (16,17,19) 
11 21
12 21
13 21
14 21
15 21
16 21
17 18
18 21
19 20
20 21
in
21 (16,18,20)
info
0 start
1 3 1 33 2 32 5 37
2 1 4 44
3 2 3 33 5 34
4 3 1 30 2 27 5 29
5 3 1 19 3 16 4 20
6 2 2 28 4 22
7 1 1 34
8 2 4 28 5 29
9 4 1 19 2 17 3 19 4 20
10 4 1 16 2 24 3 22 4 21
11 2 3 18 5 15
12 3 1 43 3 46 4 45
13 2 1 25 5 25
14 2 1 21 2 21
15 4 1 38 2 45 3 43 4 38
16 3 3 20 4 21 5 14
17 3 1 16 3 11 5 10
18 4 1 11 2 17 3 15 5 12
19 2 2 30 5 33
20 3 2 23 3 18 5 19
21 end
