1 5 19
out
0 1 2 3 4 12 13
1 8 6 7
2 5 6 7
3 5 7
4 6 7
5 9
6 9 11
7 9 10
8 10 11
9 17 14
10 17 14
11 17
12 16 17 15
13 18
14 18
15 18
16 18
17 18
in
info
0 start
1 3 1 29 2 35 5 34
2 5 1 13 2 22 3 17 4 22 5 18
3 3 1 9 2 11 4 12
4 3 1 47 2 45 5 47
5 4 1 14 3 10 4 9 5 15
6 2 3 18 4 17
7 4 1 22 2 23 3 21 4 21
8 5 1 27 2 28 3 30 4 34 5 32
9 4 1 35 2 28 3 32 4 28
10 2 1 39 4 31
11 4 1 27 2 26 4 24 5 29
12 3 1 19 3 14 4 18
13 3 1 30 2 30 4 34
14 4 2 30 3 28 4 27 5 27
15 3 1 22 2 18 3 18
16 1 2 27
17 2 1 44 5 47
18 end
