1 5 21
out
0 1 2 3 4 5 6
1 8 9 12
2 9 10 11
3 10 11 12
4 (15,14) 9
5 9 7
6 10
7 13
8 13
9 13
10 13
11 13
12 13
13 20
14 12
15 16
16 (18,19) 
17 12
18 17
19 17
in
12 (17,14)
17 (18,19)
info
0 start
1 2 2 36 3 32
2 1 5 32
3 2 3 14 4 19
4 2 4 25 5 30
5 2 2 41 4 38
6 4 1 37 2 40 3 41 4 38
7 4 1 43 2 38 4 47 5 39
8 3 1 30 2 32 4 32
9 5 1 19 2 15 3 12 4 18 5 20
10 3 2 21 4 22 5 22
11 3 1 32 3 28 4 31
12 3 2 27 3 22 5 26
13 3 2 27 3 32 4 25
14 2 1 29 3 33
15 3 2 48 3 40 5 47
16 2 3 22 5 16
17 supernode
18 2 1 13 5 16
19 1 1 46
20 end
