1 5 21
out
0 1 2 3
1 (12,13) 4 5
2 4 6
3 (7,8,11) 5 6
4 20
5 20
6 20
7 4
8 9
9 (16,19) 
10 4
11 4
12 6
13 14
14 15
15 6
16 17
17 18
18 10
19 10
in
4 (7,10,11)
6 (15,12)
10 (18,19)
info
0 start
1 3 1 39 2 39 5 31
2 3 1 37 2 36 5 38
3 1 3 44
4 3 1 24 2 26 4 24
5 2 2 45 4 45
6 4 2 9 3 11 4 15 5 15
7 1 5 33
8 3 2 39 4 39 5 44
9 3 2 31 3 26 5 29
10 3 1 47 3 40 5 41
11 2 4 17 5 18
12 3 3 12 4 16 5 11
13 3 1 34 4 35 5 30
14 2 1 39 3 35
15 1 4 21
16 2 3 8 5 11
17 3 2 39 3 37 5 38
18 4 1 34 2 35 4 34 5 30
19 3 1 40 2 41 5 38
20 end
