1 5 20
out
0 1 2
1 (7,10) 4
2 4
3 (5,6) 
4 19
5 19
6 19
7 8
8 9
9 3
10 (12,13) 
11 3
12 11
13 15 17 14
14 11
15 16
16 14
17 18
18 14
in
19 (5,6)
3 (9,11)
11 (12,14)
info
0 start
1 2 1 15 5 16
2 1 3 47
3 3 1 37 2 38 5 34
4 2 3 21 5 18
5 4 2 42 3 37 4 36 5 44
6 2 2 36 4 36
7 5 1 36 2 34 3 32 4 35 5 32
8 3 2 27 3 28 5 27
9 4 1 33 2 27 3 27 5 33
10 2 1 40 2 36
11 supernode
12 4 1 33 2 33 4 37 5 29
13 2 2 32 3 28
14 2 1 34 5 36
15 5 1 35 2 34 3 37 4 33 5 38
16 2 2 44 4 47
17 2 2 34 3 30
18 4 1 24 2 21 3 22 5 23
19 end
