1 5 22
out
0 1 2
1 (3,4) 
2 21
3 (7,9) 
4 5
5 (12,13) 
6 21
7 8
8 6
9 10
10 6
11 21
12 11
13 15 17 19 14
14 20
15 16
16 14
17 18
18 14
19 14
20 11
in
21 (11,6)
6 (8,10)
11 (20,12)
info
0 start
1 2 2 48 4 48
2 2 1 40 3 40
3 2 1 37 5 41
4 2 3 20 4 18
5 4 2 11 3 12 4 17 5 14
6 supernode
7 2 4 42 5 38
8 3 2 38 4 38 5 41
9 3 2 35 3 38 4 33
10 2 1 34 4 42
11 supernode
12 2 3 12 4 10
13 3 1 15 4 9 5 14
14 4 2 39 3 41 4 37 5 39
15 1 3 18
16 3 2 35 3 31 5 38
17 4 1 21 2 17 4 19 5 15
18 1 2 34
19 4 1 28 2 27 3 25 4 26
20 1 5 16
21 end
