1 5 21
out
0 1 2 3
1 4 6 7
2 4 6
3 5 6 7
4 20
5 (8,9) 
6 20
7 20
8 (18,11) 
9 20
10 20
11 12 13 14
12 17
13 12
14 15
15 16
16 12
17 10
18 19
19 10
in
20 (9,10)
10 (17,19)
info
0 start
1 1 3 39
2 4 2 30 3 29 4 29 5 30
3 2 1 19 5 21
4 2 1 33 4 34
5 3 2 35 3 34 4 28
6 3 1 44 3 45 5 48
7 5 1 14 2 12 3 11 4 7 5 16
8 4 1 38 3 47 4 48 5 44
9 3 1 42 4 41 5 46
10 supernode
11 1 2 10
12 3 3 32 4 34 5 27
13 4 1 15 3 16 4 17 5 12
14 4 1 18 2 19 4 23 5 18
15 2 2 45 3 43
16 1 4 34
17 1 5 15
18 2 2 31 3 34
19 2 2 32 5 32
20 end
