1 5 21
out
0 (15,18) 1 3
1 20
2 20
3 (7,8,4) 
4 5
5 6
6 (11,12) 
7 20
8 9
9 20
10 20
11 10
12 13
13 14
14 10
15 16
16 17
17 2
18 19
19 2
in
20 (7,9,10)
10 (11,14)
2 (17,19)
info
0 start
1 2 3 38 4 37
2 3 1 21 3 19 4 21
3 3 1 41 2 39 4 39
4 1 1 18
5 4 1 37 2 35 4 34 5 35
6 3 2 33 4 37 5 38
7 5 1 23 2 27 3 25 4 28 5 29
8 1 5 23
9 4 1 32 2 32 4 25 5 32
10 supernode
11 1 2 28
12 2 2 41 5 42
13 3 2 26 3 27 4 27
14 3 1 29 3 27 5 23
15 2 2 49 5 43
16 1 3 49
17 4 2 28 3 22 4 24 5 23
18 3 1 32 2 34 4 39
19 1 5 27
20 end
