1 5 22
out
0 1 2
1 3 4 5
2 3 5
3 21
4 (8,6) 
5 21
6 7
7 21
8 9
9 (15,11,14) 
10 21
11 12
12 (16,18,20) 
13 10
14 10
15 10
16 17
17 13
18 19
19 13
20 13
in
21 (7,10)
10 (15,13,14)
13 (17,19,20)
info
0 start
1 4 1 46 2 47 3 38 5 42
2 3 1 13 3 13 4 13
3 3 1 26 3 32 5 27
4 2 1 34 3 36
5 2 1 33 2 31
6 3 2 37 4 38 5 35
7 4 1 36 2 31 3 32 5 34
8 2 4 29 5 30
9 4 1 32 2 32 3 33 5 26
10 supernode
11 1 1 35
12 3 1 28 2 20 4 24
13 3 2 24 4 22 5 14
14 4 1 25 2 26 3 20 4 19
15 1 5 32
16 4 1 15 3 17 4 15 5 13
17 3 2 41 4 46 5 41
18 4 2 12 3 12 4 14 5 10
19 5 1 27 2 24 3 31 4 25 5 29
20 1 5 48
21 end
