1 5 21
out
0 1 2 3
1 4 5
2 4 5
3 (8,6) 
4 20
5 20
6 (18,10) 
7 5
8 9
9 5
10 15 16 11 12
11 17
12 13
13 14
14 11
15 11
16 11
17 7
18 19
19 7
in
5 (7,9)
7 (17,19)
info
0 start
1 2 1 12 2 10
2 4 2 19 3 19 4 18 5 14
3 4 1 24 2 22 3 27 4 27
4 3 1 33 2 32 4 35
5 2 1 18 2 23
6 3 2 28 3 31 4 26
7 4 1 25 2 27 4 29 5 32
8 4 2 14 3 14 4 13 5 15
9 2 1 21 2 26
10 3 2 44 3 47 4 46
11 4 1 15 2 18 4 21 5 15
12 1 4 27
13 3 1 17 3 17 4 17
14 3 1 30 3 22 5 26
15 1 4 37
16 1 5 46
17 2 3 16 4 14
18 2 1 25 5 25
19 5 1 22 2 27 3 28 4 27 5 24
20 end
