1 5 22
out
0 1 2
1 3 4 5
2 3 4 5
3 21
4 (7,8,6) 
5 21
6 21
7 21
8 (10,19,12) 
9 21
10 11
11 9
12 17 13 14
13 9
14 15
15 16
16 13
17 18
18 13
19 20
20 9
in
21 (7,9,6)
9 (11,20,13)
info
0 start
1 4 1 28 3 26 4 29 5 24
2 3 1 27 2 25 5 27
3 5 1 24 2 28 3 28 4 24 5 26
4 4 1 32 2 40 4 35 5 37
5 1 4 14
6 3 3 25 4 31 5 28
7 5 1 40 2 44 3 38 4 41 5 41
8 4 1 39 2 43 3 41 4 39
9 supernode
10 2 2 16 3 20
11 2 2 10 4 15
12 3 1 34 2 36 5 33
13 1 4 14
14 2 3 28 5 29
15 2 2 42 5 47
16 1 1 34
17 3 1 40 2 41 4 39
18 2 3 47 4 40
19 3 2 29 3 30 5 28
20 3 1 33 3 31 5 28
21 end
