1 5 21
out
0 (15,16,13) 1 3 4 5
1 6 7
2 9 6
3 9 6
4 8 6 7
5 8 6 7
6 12
7 (17,18) 10
8 10
9 10 11 12
10 20
11 20
12 20
13 14
14 2
15 2
16 2
17 12
18 19
19 12
in
2 (15,16,14)
12 (17,19)
info
0 start
1 2 1 27 3 26
2 3 1 47 4 42 5 39
3 3 1 31 4 30 5 29
4 1 4 22
5 2 1 35 4 36
6 3 1 28 3 29 5 23
7 2 1 14 5 19
8 1 4 27
9 2 3 46 5 45
10 2 3 28 4 30
11 2 2 41 5 44
12 4 1 40 2 39 3 40 5 43
13 5 1 22 2 14 3 12 4 17 5 13
14 2 1 24 2 23
15 3 3 37 4 37 5 42
16 3 1 15 4 15 5 13
17 5 1 28 2 32 3 35 4 37 5 27
18 2 1 15 2 19
19 3 1 12 4 9 5 13
20 end
