1 5 20
out
0 1 2
1 3 4
2 (13,5,6) 
3 19
4 19
5 4
6 7 8 9 11
7 4
8 7
9 10
10 7
11 12
12 (15,16,18) 
13 14
14 4
15 7
16 17
17 7
18 7
in
4 (7,5,14)
7 (15,17,18)
info
0 start
1 4 2 41 3 43 4 42 5 40
2 4 1 33 3 29 4 33 5 32
3 3 1 15 2 13 5 9
4 3 1 13 4 14 5 16
5 2 1 48 2 49
6 2 3 38 4 38
7 3 1 39 2 40 3 45
8 4 1 12 2 10 3 9 5 12
9 3 1 29 3 28 5 34
10 2 2 28 3 25
11 4 1 10 2 12 3 14 4 11
12 3 2 37 3 36 5 36
13 3 2 29 4 25 5 27
14 2 1 45 2 44
15 2 1 20 5 23
16 3 3 8 4 17 5 9
17 1 3 26
18 2 2 7 4 15
19 end
