1 5 22
out
0 1 2 3 4
1 (16,18,20) 5
2 8 5 7
3 8 5 7
4 5 6 7
5 12
6 10 11 13
7 9 13
8 10
9 21
10 21
11 21
12 (15,14) 
13 21
14 21
15 21
16 17
17 8
18 19
19 8
20 8
in
21 (15,14)
8 (17,19,20)
info
0 start
1 3 1 17 3 13 5 16
2 4 2 24 3 21 4 22 5 18
3 3 1 27 2 25 3 32
4 3 1 42 2 39 4 38
5 2 1 25 5 28
6 1 5 18
7 2 1 8 4 7
8 5 1 42 2 45 3 46 4 42 5 42
9 1 1 47
10 3 1 25 4 25 5 28
11 4 1 8 2 5 3 13 5 11
12 2 1 15 3 14
13 4 2 40 3 40 4 41 5 39
14 4 1 20 3 17 4 18 5 13
15 1 1 35
16 4 1 42 2 42 3 40 4 37
17 2 2 37 3 35
18 2 3 27 4 28
19 1 3 43
20 3 1 19 2 18 4 17
21 end
