1 5 22
out
0 1 2 3 6
1 8 5
2 8 5 7
3 (9,10,13) 
4 21
5 (18,20) 
6 21
7 21
8 21
9 4
10 11
11 12
12 4
13 (15,16) 
14 4
15 14
16 17
17 14
18 19
19 21
20 21
in
4 (9,12,14)
14 (15,17)
21 (19,20)
info
0 start
1 2 3 45 5 44
2 2 2 34 5 42
3 3 1 35 2 32 3 31
4 2 1 8 5 10
5 3 1 36 3 34 5 34
6 3 1 18 4 20 5 16
7 2 1 36 2 36
8 1 2 17
9 3 2 26 4 24 5 24
10 2 3 26 5 30
11 2 1 28 5 28
12 2 2 31 4 27
13 1 1 39
14 2 2 42 4 43
15 4 1 45 2 45 4 43 5 45
16 1 1 19
17 2 1 38 4 39
18 3 1 22 3 21 4 27
19 3 1 31 3 30 5 23
20 4 1 41 2 43 4 44 5 40
21 end
