1 5 21
out
0 1 2 3 4
1 9 5
2 5 6 7
3 8 5 7
4 9 5
5 11
6 10 11
7 11
8 12
9 11
10 20
11 20
12 (16,18,13) 
13 14
14 15
15 20
16 17
17 20
18 19
19 20
in
20 (15,17,19)
info
0 start
1 3 2 15 4 18 5 14
2 3 1 42 3 44 5 43
3 3 1 36 2 40 3 37
4 2 1 16 2 11
5 3 1 18 4 24 5 19
6 2 1 8 5 11
7 2 1 22 3 22
8 3 1 43 2 42 4 39
9 3 1 20 3 22 5 19
10 3 2 21 3 25 4 29
11 2 1 32 2 31
12 2 1 19 2 14
13 4 1 27 2 27 4 29 5 28
14 4 1 25 2 28 3 21 5 24
15 1 1 17
16 3 1 31 4 33 5 31
17 2 1 41 4 37
18 3 1 34 3 32 4 31
19 2 1 21 4 22
20 end
