1 5 21
out
0 1 2 5
1 (16,17,18) 3
2 4
3 20
4 20
5 (9,6) 
6 (15,10) 
7 8
8 20
9 20
10 11
11 12 13 14
12 7
13 12
14 12
15 7
16 4
17 4
18 19
19 4
in
20 (8,9)
7 (15,12)
4 (16,17,19)
info
0 start
1 2 2 37 4 40
2 3 2 34 3 30 5 29
3 4 1 25 3 27 4 28 5 25
4 1 1 40
5 4 1 16 3 14 4 15 5 11
6 3 1 29 4 24 5 31
7 3 2 44 3 36 5 37
8 1 5 21
9 3 1 18 3 15 4 12
10 2 3 20 4 21
11 1 1 18
12 2 1 46 5 39
13 5 1 47 2 44 3 45 4 46 5 44
14 2 2 14 5 12
15 4 1 36 3 37 4 36 5 38
16 5 1 32 2 36 3 36 4 40 5 37
17 3 1 37 2 44 3 36
18 4 2 19 3 18 4 18 5 10
19 2 4 17 5 13
20 end
