1 5 21
out
0 (7,3,4) 2
1 (9,10,12) 
2 20
3 1
4 5
5 6
6 1
7 8
8 1
9 20
10 11
11 20
12 13
13 (15,16,17) 
14 20
15 14
16 14
17 18
18 19
19 14
in
1 (8,3,6)
20 (9,11,14)
14 (15,16,19)
info
0 start
1 4 1 28 2 25 3 24 4 27
2 1 1 28
3 3 1 12 3 14 4 10
4 1 1 29
5 2 3 28 5 22
6 2 1 22 4 17
7 3 2 17 4 23 5 23
8 3 1 28 3 31 5 27
9 3 1 15 4 13 5 14
10 3 2 32 3 33 5 35
11 2 1 41 4 43
12 3 2 39 4 37 5 33
13 4 1 43 2 39 3 44 4 43
14 supernode
15 3 2 49 4 47 5 45
16 3 1 23 2 19 4 23
17 3 1 21 2 14 3 14
18 3 2 34 4 34 5 36
19 1 5 35
20 end
