1 5 22
out
0 1 2 3 4 11
1 5 6 7
2 5 6 7
3 7
4 5 6 7
5 10
6 8 9 10
7 8 10
8 (12,14) 
9 21
10 21
11 21
12 13
13 21
14 15 16 18 19
15 21
16 17
17 15
18 15
19 20
20 15
in
21 (15,13)
info
0 start
1 3 1 15 3 14 5 16
2 4 1 22 2 21 4 25 5 26
3 3 2 31 3 33 4 36
4 3 3 35 4 36 5 40
5 3 2 14 3 15 4 18
6 2 1 7 2 16
7 4 1 29 3 28 4 27 5 29
8 3 1 8 3 12 5 5
9 1 3 9
10 1 5 21
11 2 4 7 5 8
12 3 3 41 4 42 5 40
13 3 2 32 3 35 4 26
14 3 2 40 3 42 4 46
15 2 3 21 4 23
16 3 1 24 2 29 4 28
17 3 1 7 4 13 5 14
18 5 1 19 2 18 3 24 4 17 5 22
19 2 1 25 2 22
20 3 2 12 3 8 5 9
21 end
