1 5 22
out
0 1 2 3 4 7
1 5 6
2 (8,17,10) 
3 5 6
4 (18,20) 
5 21
6 21
7 21
8 9
9 5
10 15 11 12
11 5
12 13
13 14
14 11
15 16
16 11
17 5
18 19
19 21
20 21
in
5 (9,17,11)
21 (19,20)
info
0 start
1 1 4 35
2 1 2 46
3 4 1 38 2 38 3 30 4 30
4 1 4 29
5 3 1 43 4 42 5 46
6 4 1 36 2 37 3 32 5 37
7 1 1 34
8 3 1 43 2 38 4 44
9 1 2 40
10 2 1 35 4 32
11 2 3 13 5 16
12 3 3 24 4 25 5 26
13 2 2 16 4 10
14 2 1 43 5 44
15 4 1 31 2 30 4 29 5 31
16 3 2 35 3 33 5 31
17 2 3 36 5 41
18 1 5 32
19 2 4 14 5 16
20 3 3 23 4 26 5 18
21 end
