1 5 22
out
0 (13,14) 1 2
1 4 5 7
2 4 5 7
3 (19,20) 
4 (10,11) 
5 8
6 8
7 8 9
8 21
9 21
10 9
11 12
12 9
13 3
14 15 16 18
15 3
16 17
17 15
18 15
19 6
20 6
in
9 (10,12)
3 (15,13)
6 (19,20)
info
0 start
1 2 2 20 5 19
2 2 1 14 2 12
3 3 2 31 4 32 5 29
4 2 3 45 5 44
5 2 3 38 4 40
6 4 1 12 3 10 4 15 5 13
7 3 2 15 4 13 5 13
8 2 3 28 4 29
9 2 1 31 5 27
10 2 4 30 5 39
11 2 1 41 5 42
12 2 1 43 3 44
13 1 2 40
14 3 1 28 2 24 5 28
15 1 3 12
16 3 3 39 4 37 5 33
17 3 1 15 2 8 4 9
18 3 1 12 2 18 3 14
19 2 1 27 4 31
20 3 1 41 2 42 3 39
21 end
