1 5 22
out
0 1 2 3
1 4 5
2 4 6 7
3 6
4 8
5 (20,11,19) 9 10
6 9
7 8 9 10
8 21
9 21
10 21
11 16 12 13
12 8
13 14
14 15
15 12
16 17
17 18
18 12
19 8
20 8
in
8 (20,19,12)
info
0 start
1 2 1 22 3 20
2 3 1 32 3 35 4 36
3 4 1 38 2 32 3 37 4 36
4 3 2 11 4 12 5 11
5 1 3 17
6 2 3 37 4 36
7 2 2 12 3 14
8 3 1 32 3 37 5 38
9 3 1 19 3 20 5 15
10 5 1 28 2 24 3 22 4 27 5 21
11 3 1 38 4 39 5 38
12 4 1 37 2 31 3 33 5 35
13 3 1 30 4 25 5 26
14 3 1 22 2 23 5 17
15 1 3 16
16 3 3 20 4 19 5 17
17 3 1 38 3 37 4 36
18 3 1 32 2 30 3 33
19 3 2 14 4 11 5 13
20 2 1 20 2 21
21 end
