1 5 22
out
0 1 2 3 4 9 10
1 5 6
2 (16,18,13) 5
3 7
4 5
5 8 11 12
6 8
7 11
8 21
9 21
10 21
11 21
12 21
13 14
14 15
15 6
16 17
17 6
18 19
19 20
20 6
in
6 (15,17,20)
info
0 start
1 2 1 23 2 28
2 4 1 24 2 27 3 24 4 25
3 4 1 37 2 38 3 36 4 38
4 3 3 19 4 23 5 20
5 4 2 27 3 34 4 29 5 31
6 2 2 35 3 34
7 2 2 26 5 31
8 2 4 24 5 19
9 1 5 44
10 4 1 20 2 16 3 16 4 23
11 2 3 38 5 38
12 1 4 18
13 2 2 35 4 35
14 2 3 33 4 32
15 4 1 17 2 15 4 8 5 14
16 3 1 39 3 39 5 34
17 4 1 33 2 33 3 25 4 33
18 3 3 30 4 21 5 26
19 2 2 31 4 39
20 1 3 5
21 end
