1 5 21
out
0 1 2 3
1 (7,4,13) 
2 20
3 20
4 5
5 6
6 20
7 8 9 11
8 (17,18) 
9 10
10 8
11 12
12 8
13 14
14 15
15 20
16 20
17 16
18 19
19 16
in
20 (15,16,6)
16 (17,19)
info
0 start
1 3 1 33 2 33 3 31
2 3 3 40 4 41 5 41
3 3 2 14 4 7 5 6
4 2 2 41 3 42
5 2 1 10 2 13
6 3 1 39 2 42 5 40
7 1 3 20
8 4 1 17 2 16 3 21 5 16
9 3 1 23 3 29 5 26
10 3 1 41 3 40 5 37
11 3 1 17 2 14 5 12
12 2 1 12 3 13
13 2 4 19 5 24
14 4 2 19 3 17 4 15 5 20
15 2 1 43 5 42
16 supernode
17 3 2 40 4 41 5 36
18 3 2 45 3 42 4 42
19 1 3 18
20 end
