1 5 21
out
0 1 2 3 4 8
1 (16,17,18) 9 6
2 5
3 5 7
4 9 5
5 11
6 14
7 11 15
8 10 12 13
9 14
10 20
11 20
12 20
13 20
14 20
15 20
16 7
17 7
18 19
19 7
in
7 (16,17,19)
info
0 start
1 3 1 35 3 28 5 34
2 3 1 10 2 16 3 14
3 4 1 23 2 28 4 28 5 28
4 2 3 40 5 40
5 4 2 13 3 13 4 12 5 13
6 1 4 19
7 3 1 30 2 25 5 26
8 4 2 14 3 11 4 7 5 10
9 3 1 31 2 26 3 32
10 3 1 19 2 22 5 22
11 3 1 32 2 25 4 22
12 4 1 12 2 12 4 12 5 12
13 3 1 38 3 36 5 37
14 3 1 18 2 19 3 21
15 2 2 21 3 20
16 3 2 35 4 37 5 40
17 4 1 44 2 40 3 44 4 45
18 2 3 35 4 38
19 3 1 18 2 17 3 12
20 end
