1 5 21
out
0 1 2
1 3 4 5
2 3 4 5
3 (7,8,6) 
4 20
5 20
6 20
7 20
8 9 10 12 13
9 14
10 11
11 9
12 9
13 (15,18,19) 
14 20
15 16
16 17
17 9
18 9
19 9
in
20 (7,14,6)
9 (17,18,19)
info
0 start
1 2 2 39 3 44
2 3 3 18 4 14 5 14
3 3 1 24 3 17 4 19
4 3 3 23 4 24 5 18
5 1 5 46
6 3 1 10 3 12 5 16
7 2 3 30 5 26
8 3 2 29 3 32 5 34
9 2 4 32 5 36
10 3 1 24 2 25 5 24
11 3 1 40 3 42 4 43
12 5 1 47 2 42 3 45 4 47 5 46
13 2 2 20 4 22
14 5 1 44 2 40 3 44 4 40 5 39
15 1 1 8
16 1 1 31
17 2 2 39 3 39
18 5 1 21 2 17 3 23 4 18 5 19
19 3 1 40 2 41 5 46
20 end
