1 5 20
out
0 (5,6) 2 3
1 4
2 4
3 4
4 (9,11) 
5 1
6 7
7 8
8 1
9 10
10 19
11 (16,17,13) 
12 19
13 14
14 15
15 12
16 12
17 18
18 12
in
1 (8,5)
19 (10,12)
12 (15,16,18)
info
0 start
1 2 2 26 3 24
2 3 1 18 3 22 4 24
3 4 1 41 3 40 4 43 5 43
4 1 5 20
5 4 1 29 2 29 3 30 5 30
6 3 1 14 3 15 5 11
7 2 2 29 3 29
8 4 1 43 3 39 4 38 5 45
9 3 3 20 4 24 5 23
10 4 1 9 3 12 4 12 5 17
11 1 5 20
12 4 2 38 3 36 4 36 5 36
13 3 1 16 2 16 3 16
14 3 3 11 4 12 5 9
15 2 1 37 3 38
16 2 2 8 3 7
17 3 3 11 4 11 5 13
18 1 1 19
19 end
