1 5 22
out
0 1 2 9 7
1 3 4 5
2 (17,10,19) 
3 6
4 8
5 8 6
6 21
7 21
8 21
9 21
10 15 11 12
11 3
12 13
13 14
14 11
15 16
16 11
17 18
18 3
19 20
20 3
in
3 (18,11,20)
info
0 start
1 2 2 31 5 29
2 2 2 12 3 11
3 5 1 43 2 42 3 40 4 44 5 44
4 1 5 35
5 1 2 25
6 4 1 27 2 26 3 21 5 22
7 3 2 10 3 14 4 15
8 2 4 30 5 23
9 2 1 18 2 16
10 5 1 26 2 25 3 26 4 25 5 26
11 1 2 11
12 4 1 26 2 19 4 24 5 23
13 3 3 32 4 36 5 34
14 3 1 45 2 39 3 45
15 3 1 40 2 40 3 44
16 3 3 26 4 31 5 29
17 3 1 37 3 41 5 40
18 1 2 31
19 1 3 31
20 4 1 39 2 39 3 38 4 41
21 end
