1 5 22
out
0 (7,5) 1
1 3 4
2 3
3 (10,11,12) 
4 21
5 6
6 2
7 8
8 (15,18) 
9 2
10 21
11 21
12 13
13 14
14 21
15 16
16 17
17 9
18 19
19 20
20 9
in
2 (9,6)
21 (10,11,14)
9 (17,20)
info
0 start
1 4 1 13 3 15 4 18 5 8
2 2 3 33 4 30
3 3 2 31 4 39 5 38
4 2 1 13 3 10
5 4 1 16 2 8 3 13 4 12
6 1 3 42
7 2 1 23 4 17
8 1 5 18
9 2 3 43 5 44
10 1 2 19
11 1 1 15
12 5 1 41 2 41 3 42 4 44 5 45
13 3 2 40 3 37 5 40
14 2 2 41 4 41
15 2 2 27 5 33
16 4 1 19 2 19 3 20 5 24
17 2 1 22 5 21
18 3 2 17 4 15 5 19
19 3 1 42 2 44 3 35
20 3 1 43 2 39 4 42
21 end
