1 5 22
out
0 1 2
1 21
2 (3,5,6) 
3 (7,8,9) 
4 21
5 21
6 21
7 (11,12) 
8 4
9 4
10 4
11 10
12 17 13 14
13 20
14 15
15 16
16 13
17 18
18 19
19 13
20 10
in
21 (4,5,6)
4 (8,9,10)
10 (11,20)
info
0 start
1 1 1 16
2 1 4 36
3 2 3 22 4 20
4 1 1 12
5 2 2 43 4 46
6 4 1 11 3 11 4 12 5 11
7 3 1 44 4 39 5 39
8 1 1 21
9 1 4 38
10 supernode
11 2 1 17 5 11
12 3 2 36 3 33 5 36
13 2 4 25 5 31
14 1 1 44
15 4 1 21 2 22 3 26 5 21
16 1 4 10
17 2 3 19 4 18
18 3 1 39 2 42 5 43
19 4 2 19 3 23 4 25 5 25
20 3 2 35 4 34 5 39
21 end
