1 5 22
out
0 1 2 3 4 5 9 10 11
1 6 7
2 6 7
3 7
4 6 7
5 (15,17) 
6 8
7 8
8 (19,20) 
9 21
10 21
11 (12,13,14) 
12 21
13 21
14 21
15 16
16 7
17 7
18 21
19 18
20 18
in
21 (12,13,14)
7 (16,17)
18 (19,20)
info
0 start
1 1 1 28
2 2 1 13 5 6
3 2 1 13 2 11
4 1 3 6
5 3 1 32 2 36 5 41
6 2 2 36 3 39
7 2 2 30 4 32
8 3 2 44 3 41 4 44
9 2 3 38 4 35
10 5 1 36 2 40 3 40 4 37 5 39
11 3 1 14 2 8 3 12
12 3 1 13 3 14 5 7
13 2 4 31 5 33
14 2 2 17 3 21
15 2 2 17 3 14
16 5 1 21 2 20 3 18 4 23 5 17
17 4 1 32 2 27 3 30 4 32
18 supernode
19 4 1 21 3 26 4 21 5 25
20 1 3 11
21 end
