1 5 21
out
0 1 2 3 4
1 (11,14) 5
2 5 6 7
3 (15,18) 7
4 6
5 20
6 20
7 (8,9,10) 
8 20
9 20
10 20
11 12
12 13
13 7
14 7
15 16
16 17
17 6
18 19
19 6
in
20 (8,9,10)
7 (13,14)
6 (17,19)
info
0 start
1 4 1 30 2 23 3 23 5 27
2 2 3 18 5 15
3 4 1 13 2 15 3 15 4 9
4 3 2 10 3 14 5 12
5 2 1 31 5 33
6 2 2 21 4 22
7 5 1 18 2 15 3 20 4 21 5 16
8 2 3 16 5 14
9 1 3 19
10 3 1 25 2 29 4 25
11 1 2 45
12 2 3 29 4 34
13 3 3 38 4 40 5 35
14 4 2 22 3 29 4 25 5 28
15 2 3 30 5 36
16 4 1 29 2 30 4 27 5 24
17 4 1 40 3 41 4 35 5 43
18 3 1 24 3 24 5 22
19 2 2 49 3 50
20 end
