1 5 22
out
0 1 3 4
1 2
2 (7,8,5) 
3 21
4 21
5 6
6 (10,13) 
7 21
8 21
9 (19,20) 
10 11
11 12
12 9
13 15 16 17 14
14 9
15 14
16 14
17 14
18 21
19 18
20 18
in
21 (7,8,18)
9 (12,14)
18 (19,20)
info
0 start
1 1 1 43
2 4 2 9 3 12 4 10 5 9
3 2 3 9 5 12
4 4 1 19 2 16 4 19 5 16
5 4 1 9 2 14 3 10 5 16
6 2 1 21 4 21
7 2 1 14 4 8
8 4 1 27 2 28 3 31 4 27
9 supernode
10 3 1 32 2 29 5 31
11 2 1 31 5 26
12 4 1 15 2 16 4 12 5 17
13 2 1 21 3 30
14 1 4 41
15 2 2 45 3 42
16 2 2 28 4 24
17 2 2 37 4 33
18 supernode
19 2 2 31 3 30
20 2 1 22 3 21
21 end
