1 5 22
out
0 1 2 3 6
1 4
2 4 5
3 4 5
4 8 9
5 8 7
6 8 9 7
7 (15,13,14) 
8 21
9 (10,11) 
10 21
11 (17,19,20) 
12 21
13 12
14 12
15 12
16 21
17 18
18 16
19 16
20 16
in
21 (16,10)
12 (15,13,14)
16 (18,19,20)
info
0 start
1 3 2 27 4 23 5 17
2 2 3 8 5 13
3 4 2 21 3 21 4 16 5 15
4 3 1 30 3 29 5 27
5 1 1 28
6 2 1 33 2 33
7 4 2 28 3 26 4 30 5 29
8 4 1 46 2 46 3 42 5 46
9 1 3 38
10 2 1 34 5 34
11 3 1 29 2 32 3 31
12 supernode
13 3 1 12 3 13 4 11
14 3 1 38 3 38 5 40
15 3 1 11 3 18 4 17
16 supernode
17 2 1 35 5 37
18 4 1 31 2 36 3 31 5 29
19 1 3 21
20 2 2 44 5 50
21 end
