1 5 22
out
0 1 2 3 4 5 6 7
1 10 11
2 10 11
3 9 10 11
4 8 9 11
5 10
6 9 11
7 8 9 11
8 12 15
9 16 12 15
10 12 13
11 12 14 15
12 18 19
13 17 18 19
14 20
15 19 20
16 17 18 20
17 21
18 21
19 21
20 21
in
info
0 start
1 1 5 34
2 2 1 35 2 33
3 2 2 14 3 13
4 3 3 8 4 12 5 13
5 3 1 12 2 13 4 22
6 1 1 38
7 2 4 7 5 8
8 1 5 27
9 2 4 14 5 15
10 2 2 17 5 12
11 1 5 41
12 4 2 17 3 22 4 20 5 25
13 4 1 23 2 22 4 25 5 22
14 1 4 17
15 3 1 42 2 41 5 50
16 2 2 40 3 40
17 2 3 29 4 33
18 2 3 14 5 13
19 1 1 15
20 2 3 47 4 43
21 end
