1 5 22
out
0 1 2 3 4 5 7
1 9
2 8 10
3 8 9 6
4 9 6
5 9 11 6
6 13 15
7 13 14 15
8 15
9 12 13 15
10 16 13 15
11 16 13 14
12 18 19
13 17 18 19
14 18 19 20
15 17 18
16 18 20
17 21
18 21
19 21
20 21
in
info
0 start
1 1 2 37
2 2 1 31 3 35
3 3 3 36 4 40 5 42
4 1 4 30
5 1 5 42
6 3 1 35 3 31 5 33
7 2 2 40 5 42
8 2 4 46 5 43
9 2 2 30 4 29
10 1 5 40
11 3 2 34 3 34 4 35
12 3 1 26 2 24 5 24
13 3 1 14 2 10 3 13
14 2 1 27 3 27
15 3 3 44 4 39 5 45
16 2 1 27 5 32
17 2 4 17 5 15
18 4 1 19 2 22 3 19 4 18
19 2 3 11 4 14
20 3 2 33 4 32 5 36
21 end
