1 5 20
out
0 1 2 3 4 5
1 8 9 7
2 8
3 8
4 10
5 8 9 6
6 11 13 14
7 11 12 13
8 11 12 13
9 12 14
10 12 14
11 17 18
12 16 17 15
13 16
14 17 15
15 19
16 19
17 19
18 19
in
info
0 start
1 4 1 46 2 45 3 42 5 40
2 2 1 21 4 25
3 4 1 20 2 20 3 19 5 15
4 2 3 16 4 15
5 5 1 19 2 24 3 23 4 21 5 18
6 2 3 24 5 17
7 4 2 13 3 13 4 14 5 12
8 2 1 35 4 33
9 3 2 22 3 25 4 21
10 3 2 38 4 35 5 34
11 4 2 25 3 26 4 27 5 30
12 2 4 17 5 13
13 4 1 19 3 21 4 20 5 20
14 2 1 31 5 34
15 2 1 18 5 22
16 3 1 42 3 39 4 39
17 4 2 18 3 18 4 12 5 15
18 2 3 24 4 22
19 end
