1 5 20
out
0 1 2
1 (3,4) 
2 19
3 19
4 5
5 (7,9,12) 
6 19
7 8
8 6
9 10
10 11
11 6
12 (17,14) 
13 6
14 15
15 16
16 13
17 18
18 13
in
19 (3,6)
6 (8,11,13)
13 (16,18)
info
0 start
1 3 2 24 4 18 5 23
2 3 2 27 4 28 5 25
3 1 3 35
4 1 2 28
5 2 1 27 4 28
6 2 2 42 4 42
7 3 1 41 2 42 4 41
8 4 1 21 3 24 4 23 5 21
9 5 1 19 2 27 3 25 4 21 5 19
10 5 1 28 2 29 3 33 4 27 5 23
11 5 1 28 2 31 3 27 4 25 5 29
12 2 3 21 4 22
13 supernode
14 4 2 31 3 33 4 37 5 31
15 5 1 25 2 27 3 32 4 32 5 28
16 2 2 28 4 25
17 2 1 16 2 12
18 2 2 26 4 32
19 end
