1 5 22
out
0 (7,9,10) 1 2
1 5
2 6
3 4 5 6
4 21
5 21
6 (17,20) 
7 8
8 3
9 3
10 11
11 (15,13) 
12 3
13 14
14 12
15 16
16 12
17 18
18 19
19 21
20 21
in
3 (8,9,12)
12 (16,14)
21 (19,20)
info
0 start
1 3 2 9 3 14 5 14
2 2 3 11 5 10
3 2 1 34 3 26
4 3 2 24 4 21 5 22
5 1 3 24
6 3 2 30 3 36 5 28
7 1 1 6
8 2 2 33 4 34
9 2 1 41 3 40
10 4 1 46 2 47 3 48 5 47
11 4 1 24 2 26 4 25 5 24
12 supernode
13 5 1 31 2 30 3 30 4 27 5 27
14 3 1 27 3 27 5 24
15 3 2 25 3 24 4 28
16 1 5 12
17 2 3 21 5 25
18 3 2 33 3 32 5 27
19 3 1 21 4 20 5 20
20 1 2 23
21 end
