1 5 22
out
0 (3,4,5) 1
1 21
2 (7,8,13) 
3 2
4 2
5 6
6 2
7 21
8 9 10 12
9 21
10 (16,17,18) 
11 9
12 9
13 14
14 15
15 21
16 11
17 11
18 19
19 20
20 11
in
2 (3,4,6)
21 (7,15,9)
11 (16,17,20)
info
0 start
1 4 1 16 2 15 4 16 5 16
2 1 3 36
3 3 1 35 2 33 5 40
4 4 2 25 3 23 4 25 5 21
5 2 1 32 4 32
6 3 2 20 3 26 4 22
7 3 1 27 3 26 4 21
8 3 2 23 3 23 4 23
9 3 3 38 4 42 5 38
10 2 2 13 5 14
11 1 4 14
12 2 3 39 5 31
13 4 2 13 3 11 4 9 5 10
14 3 1 10 4 15 5 15
15 3 1 37 3 32 4 32
16 2 1 46 2 43
17 2 2 29 5 29
18 2 1 34 3 37
19 2 1 35 5 36
20 2 1 12 2 9
21 end
