1 5 22
out
0 1 2 3 4
1 5 6 7
2 5 7
3 5 6 7
4 5 6 7
5 10
6 9
7 (11,20) 9
8 21
9 21
10 21
11 15 17 12 13
12 19
13 14
14 12
15 16
16 12
17 18
18 12
19 8
20 8
in
8 (19,20)
info
0 start
1 4 1 10 2 12 3 13 5 10
2 2 2 38 4 40
3 1 4 39
4 2 2 32 3 30
5 3 1 42 2 40 3 43
6 5 1 33 2 32 3 33 4 33 5 33
7 4 1 9 3 14 4 9 5 13
8 3 1 40 2 40 4 42
9 4 1 28 2 32 4 33 5 31
10 2 2 46 3 47
11 2 1 28 3 30
12 3 1 25 2 23 5 25
13 4 1 36 2 39 3 39 4 35
14 2 3 19 4 14
15 2 3 26 4 26
16 3 2 35 3 34 5 33
17 2 1 27 5 33
18 3 1 12 2 13 5 14
19 1 1 22
20 2 3 40 4 40
21 end
