1 5 22
out
0 1 2 3
1 4
2 5
3 (15,12) 4
4 21
5 (11,6) 
6 (17,20) 8 9
7 21
8 7
9 10
10 7
11 21
12 13
13 14
14 5
15 16
16 5
17 18
18 19
19 7
20 7
in
21 (7,11)
5 (16,14)
7 (19,20)
info
0 start
1 2 4 38 5 36
2 3 2 36 4 34 5 36
3 3 1 31 2 31 5 33
4 3 1 7 4 7 5 14
5 1 4 43
6 3 1 37 2 30 5 32
7 2 1 15 4 16
8 3 1 17 2 14 5 15
9 2 2 27 4 28
10 3 1 25 2 25 3 22
11 3 1 15 2 11 5 10
12 2 2 37 5 39
13 1 3 16
14 4 1 17 2 16 3 15 4 14
15 2 3 32 5 33
16 4 1 40 3 37 4 36 5 34
17 4 1 26 3 21 4 23 5 27
18 1 5 15
19 2 1 14 2 13
20 4 1 32 3 24 4 33 5 24
21 end
