1 5 21
out
0 1 2 3
1 5
2 4 5
3 (17,19,6) 
4 20
5 20
6 7 8 11 14
7 16
8 9
9 10
10 7
11 12
12 13
13 7
14 15
15 7
16 5
17 18
18 5
19 5
in
5 (16,18,19)
info
0 start
1 4 2 31 3 34 4 37 5 30
2 3 1 38 3 39 4 39
3 3 1 41 4 46 5 45
4 2 1 47 2 40
5 3 1 44 2 42 5 49
6 3 1 28 2 24 3 26
7 3 1 10 2 11 4 6
8 4 1 40 2 35 3 40 4 37
9 3 1 30 4 30 5 27
10 1 2 35
11 4 1 22 3 19 4 26 5 20
12 1 2 31
13 3 1 18 2 17 5 24
14 3 1 14 2 15 3 12
15 1 2 27
16 4 2 22 3 22 4 21 5 20
17 4 1 40 3 41 4 40 5 42
18 3 2 21 4 20 5 23
19 2 2 44 4 40
20 end
