1 5 21
out
0 1 2 3
1 4 5 7
2 6
3 6
4 (10,11) 
5 8 9
6 8 9
7 9
8 20
9 (12,13,14) 
10 9
11 9
12 20
13 20
14 15
15 (17,18) 
16 20
17 16
18 19
19 16
in
9 (10,11)
20 (16,12,13)
16 (17,19)
info
0 start
1 2 4 37 5 30
2 2 1 42 2 40
3 1 2 42
4 4 1 38 2 37 4 34 5 38
5 2 2 22 3 23
6 2 2 21 3 16
7 4 1 41 2 49 3 44 4 47
8 3 2 36 4 31 5 33
9 1 2 21
10 4 1 37 2 32 3 31 4 29
11 2 2 10 3 8
12 2 1 16 2 16
13 5 1 7 2 9 3 13 4 14 5 13
14 1 5 26
15 4 1 29 3 33 4 31 5 33
16 supernode
17 3 2 26 4 32 5 30
18 3 1 21 4 27 5 24
19 2 2 17 4 17
20 end
