1 5 21
out
0 1 2 3
1 4 5 6
2 4 5 6
3 4 5
4 (7,16) 
5 20
6 20
7 8
8 9 10 11 13
9 20
10 9
11 (17,18,19) 
12 9
13 14
14 15
15 9
16 20
17 12
18 12
19 12
in
20 (16,9)
12 (17,18,19)
info
0 start
1 1 3 39
2 3 1 40 2 42 5 43
3 2 1 23 2 26
4 2 1 36 2 41
5 4 1 18 2 18 4 24 5 22
6 2 1 27 3 21
7 2 1 38 5 39
8 1 1 37
9 3 1 32 3 26 4 29
10 2 1 26 4 28
11 5 1 28 2 23 3 27 4 28 5 24
12 1 2 13
13 4 1 37 2 38 4 40 5 40
14 2 1 11 5 15
15 3 3 17 4 18 5 17
16 4 1 35 2 34 3 31 5 35
17 2 2 8 3 10
18 2 1 15 2 14
19 4 1 17 2 17 3 17 4 21
20 end
