1 5 22
out
0 1 2 3 5
1 4
2 4 7
3 (12,14) 7
4 11
5 8 9 10
6 8
7 9
8 21
9 21
10 21
11 21
12 13
13 6
14 15
15 (17,19) 
16 6
17 18
18 16
19 20
20 16
in
6 (16,13)
16 (18,20)
info
0 start
1 2 1 21 2 24
2 4 2 34 3 40 4 38 5 34
3 4 1 34 2 38 3 34 5 38
4 1 5 10
5 1 2 20
6 1 1 12
7 2 3 27 5 23
8 3 1 47 2 47 4 44
9 3 1 47 3 50 5 48
10 3 2 32 3 30 5 35
11 1 5 37
12 4 1 34 2 39 4 44 5 44
13 2 1 32 2 26
14 2 3 20 4 21
15 3 3 39 4 38 5 41
16 2 2 22 5 21
17 2 1 16 3 10
18 4 1 28 2 30 3 33 5 33
19 1 1 22
20 2 1 39 2 41
21 end
