1 5 22
out
0 1 2 3 4 5 6
1 8
2 9 10 7
3 8 7
4 9 10 7
5 8
6 8 10
7 11 13 14
8 11 12 14
9 15
10 13 14 15
11 21
12 21
13 21
14 (16,17,20) 
15 21
16 21
17 18
18 19
19 21
20 21
in
21 (16,19,20)
info
0 start
1 2 2 17 4 21
2 3 1 9 3 14 5 15
3 2 1 36 5 36
4 1 4 24
5 3 3 24 4 24 5 23
6 3 1 14 2 13 3 9
7 3 1 26 3 24 4 22
8 2 4 21 5 25
9 2 4 18 5 19
10 3 2 32 4 36 5 32
11 3 2 43 4 35 5 35
12 2 3 22 5 24
13 1 4 26
14 4 1 12 3 15 4 21 5 22
15 4 1 8 2 7 4 14 5 13
16 3 1 39 2 38 4 36
17 3 1 33 3 34 4 33
18 2 1 23 5 22
19 4 1 39 2 35 4 36 5 41
20 2 1 29 3 25
21 end
