1 5 22
out
0 (9,3,6) 1
1 21
2 21
3 4
4 5
5 2
6 7
7 8
8 2
9 (11,14) 
10 2
11 12
12 13
13 (18,20) 
14 15
15 16
16 10
17 10
18 19
19 17
20 17
in
2 (8,10,5)
10 (16,17)
17 (19,20)
info
0 start
1 1 5 16
2 2 2 25 4 25
3 2 4 22 5 19
4 3 1 17 3 23 5 24
5 3 1 15 3 19 4 18
6 2 1 39 5 35
7 2 1 22 2 27
8 3 1 19 4 15 5 14
9 4 1 33 3 33 4 29 5 29
10 4 1 28 2 36 4 28 5 35
11 5 1 24 2 27 3 22 4 26 5 27
12 2 1 17 2 24
13 4 1 29 2 30 3 29 4 25
14 2 2 31 5 26
15 3 1 40 2 40 5 45
16 3 1 9 3 8 4 9
17 supernode
18 1 4 7
19 3 1 20 4 22 5 20
20 2 3 30 4 36
21 end
