1 5 21
out
0 (8,5,6) 1
1 3 4
2 (15,17,18) 
3 20
4 20
5 2
6 7
7 2
8 9 10 12
9 2
10 11
11 9
12 13
13 14
14 9
15 16
16 4
17 4
18 19
19 4
in
2 (7,9,5)
4 (16,17,19)
info
0 start
1 4 1 41 2 38 3 46 5 40
2 3 2 42 3 41 4 44
3 3 3 34 4 31 5 29
4 2 2 23 4 19
5 3 1 35 2 40 3 36
6 4 1 26 3 33 4 32 5 25
7 2 2 31 5 32
8 2 1 10 3 14
9 4 1 36 2 34 4 30 5 35
10 2 2 33 3 36
11 2 3 14 5 16
12 3 1 31 3 32 4 40
13 2 3 31 5 38
14 2 4 37 5 39
15 2 3 15 5 23
16 2 1 28 5 36
17 1 3 34
18 3 1 20 4 21 5 22
19 3 2 37 3 38 4 38
20 end
