1 5 20
out
0 1 2
1 3 4 5
2 (11,12,14) 
3 (7,9,6) 
4 19
5 19
6 19
7 8
8 19
9 10
10 19
11 5
12 (16,18) 
13 5
14 15
15 5
16 17
17 13
18 13
in
19 (8,10,6)
5 (15,11,13)
13 (17,18)
info
0 start
1 4 1 34 2 28 3 32 4 26
2 2 2 28 3 30
3 3 2 45 3 40 5 47
4 1 1 20
5 4 1 15 2 19 3 17 5 19
6 1 5 41
7 1 4 44
8 2 3 28 4 26
9 2 4 34 5 34
10 4 1 42 2 46 3 43 4 45
11 2 1 43 4 43
12 4 1 32 3 37 4 33 5 35
13 2 3 32 4 25
14 4 1 45 2 47 3 42 5 40
15 3 2 45 4 48 5 45
16 2 2 21 3 20
17 2 1 11 2 16
18 3 2 28 4 27 5 21
19 end
