1 5 22
out
0 1 2
1 21
2 (3,5) 
3 4
4 (8,19,16) 
5 6
6 21
7 21
8 9 10 11 13
9 7
10 9
11 12
12 9
13 14
14 15
15 9
16 17
17 18
18 7
19 20
20 7
in
21 (7,6)
7 (9,18,20)
info
0 start
1 2 2 28 3 31
2 4 2 25 3 24 4 22 5 21
3 1 2 44
4 3 1 22 2 22 4 25
5 2 2 23 4 24
6 3 1 40 2 36 4 35
7 supernode
8 1 4 46
9 2 2 28 3 28
10 3 2 46 4 41 5 41
11 4 1 28 2 33 4 36 5 35
12 3 3 42 4 42 5 42
13 1 5 28
14 3 3 17 4 11 5 16
15 1 3 8
16 4 1 21 2 16 4 14 5 17
17 2 1 16 2 15
18 3 3 34 4 32 5 34
19 2 3 42 5 42
20 3 2 38 3 32 4 35
21 end
