1 5 22
out
0 1 2 3
1 21
2 (8,4,6) 
3 21
4 5
5 21
6 (15,16) 
7 21
8 9 10 11 13
9 21
10 9
11 12
12 9
13 14
14 9
15 (18,19,20) 
16 7
17 7
18 17
19 17
20 17
in
21 (7,9,5)
7 (16,17)
17 (18,19,20)
info
0 start
1 4 1 23 2 18 3 17 4 15
2 2 1 36 4 35
3 2 2 25 3 25
4 1 4 37
5 2 1 18 2 18
6 3 2 15 3 19 4 18
7 3 1 36 2 35 5 40
8 2 2 36 5 27
9 2 3 29 4 31
10 2 4 32 5 33
11 1 5 48
12 2 3 38 5 43
13 3 1 43 2 38 4 38
14 3 3 29 4 27 5 30
15 3 1 9 2 11 5 8
16 4 1 27 3 26 4 27 5 28
17 supernode
18 3 1 43 3 46 4 41
19 4 1 43 2 45 3 39 4 39
20 2 2 20 3 17
21 end
