1 5 22
out
0 1 2 3
1 (7,15) 5 6
2 4
3 (19,20) 
4 21
5 21
6 21
7 8
8 9 10 12 13
9 4
10 11
11 (17,18) 
12 9
13 14
14 9
15 16
16 4
17 9
18 9
19 5
20 5
in
4 (16,9)
9 (17,18)
5 (19,20)
info
0 start
1 2 1 19 4 19
2 1 2 27
3 4 1 32 2 32 3 30 4 30
4 2 1 10 3 15
5 3 2 24 3 30 5 27
6 3 3 24 4 29 5 25
7 3 1 27 2 26 5 19
8 4 1 19 2 11 4 13 5 12
9 2 1 29 2 34
10 1 2 41
11 3 2 34 4 34 5 35
12 3 1 14 2 18 5 12
13 2 1 22 4 25
14 4 1 15 3 20 4 18 5 17
15 3 1 39 2 36 4 38
16 2 2 21 3 21
17 3 3 7 4 6 5 14
18 2 1 11 3 16
19 2 3 32 5 26
20 2 1 32 3 35
21 end
