1 5 20
out
0 1 2 6
1 4 5
2 3 5 7
3 19
4 19
5 19
6 19
7 (15,8,18) 
8 9 10 13
9 19
10 11
11 12
12 9
13 14
14 9
15 16
16 17
17 19
18 19
in
19 (18,9,17)
info
0 start
1 3 2 15 4 13 5 18
2 3 1 25 2 27 4 27
3 1 3 26
4 5 1 19 2 13 3 9 4 12 5 19
5 3 2 24 4 22 5 29
6 4 1 13 2 17 4 13 5 14
7 3 1 10 3 8 5 13
8 2 1 37 3 32
9 3 1 18 3 21 4 17
10 5 1 14 2 12 3 20 4 19 5 17
11 1 5 35
12 4 1 22 3 26 4 24 5 26
13 1 5 41
14 3 2 18 3 16 5 15
15 3 2 21 3 19 4 23
16 3 1 17 2 17 5 20
17 4 1 15 2 18 3 15 4 14
18 2 3 40 4 38
19 end
