1 5 19
out
0 (8,6) 1 2
1 4 5
2 4
3 (15,11,14) 5
4 18
5 (16,17) 
6 7
7 3
8 9
9 10
10 3
11 12
12 13
13 4
14 4
15 4
16 18
17 18
in
3 (7,10)
4 (15,13,14)
18 (16,17)
info
0 start
1 3 1 27 3 30 4 28
2 4 1 31 2 35 3 33 4 32
3 2 1 44 4 42
4 4 1 24 2 30 4 30 5 23
5 3 2 16 4 14 5 10
6 5 1 31 2 32 3 33 4 30 5 33
7 1 3 22
8 3 1 18 2 19 4 17
9 3 1 43 3 41 4 45
10 4 1 31 2 27 3 30 4 27
11 1 1 33
12 2 1 25 3 26
13 4 1 38 2 37 3 37 5 40
14 4 1 34 3 39 4 36 5 33
15 3 1 27 3 23 4 23
16 3 1 36 2 43 4 34
17 4 1 48 3 41 4 48 5 49
18 end
