1 5 22
out
0 1 2 3 4
1 8 5 6
2 5 6 7
3 (15,20) 
4 (9,11,12) 7
5 21
6 21
7 21
8 21
9 10
10 6
11 6
12 13
13 6
14 6
15 16 17 18
16 14
17 16
18 19
19 16
20 14
in
6 (10,11,13)
14 (16,20)
info
0 start
1 2 2 44 3 46
2 1 1 29
3 1 5 46
4 3 2 10 3 10 5 15
5 3 1 46 3 42 4 42
6 5 1 39 2 38 3 35 4 35 5 41
7 3 1 48 3 43 4 48
8 2 3 11 5 14
9 3 2 8 3 11 4 10
10 2 2 19 5 18
11 3 1 28 4 26 5 24
12 1 5 22
13 1 1 37
14 supernode
15 2 1 40 4 35
16 2 1 39 3 43
17 4 1 15 3 15 4 14 5 20
18 2 2 35 3 36
19 1 5 18
20 2 2 33 3 34
21 end
