1 5 22
out
0 1 2
1 3 4
2 (5,6) 4
3 (7,9) 
4 21
5 3
6 3
7 (19,11,12) 
8 21
9 10
10 21
11 8
12 13
13 15 16 14
14 8
15 14
16 17
17 18
18 14
19 20
20 8
in
3 (5,6)
21 (8,10)
8 (11,20,14)
info
0 start
1 1 1 12
2 3 1 42 4 43 5 45
3 2 2 39 5 43
4 1 1 33
5 1 5 26
6 2 1 37 2 35
7 3 1 21 2 15 4 20
8 2 1 11 5 7
9 3 1 9 2 11 4 7
10 4 1 46 2 46 3 41 4 41
11 3 1 18 2 16 3 18
12 3 1 38 2 38 4 40
13 2 3 31 4 31
14 3 2 23 3 20 5 13
15 3 1 9 3 5 5 6
16 3 3 32 4 32 5 36
17 4 2 33 3 36 4 33 5 32
18 3 1 43 3 41 5 43
19 2 1 22 4 26
20 4 1 30 2 27 3 27 5 25
21 end
