1 5 20
out
0 (18,11,12) 1 2 4
1 5
2 5 6
3 (7,8,9) 
4 19
5 19
6 19
7 19
8 19
9 10
10 19
11 3
12 16 13 14
13 17
14 15
15 13
16 13
17 3
18 3
in
19 (7,8,10)
3 (17,18,11)
info
0 start
1 3 1 30 4 31 5 31
2 2 1 16 3 20
3 2 3 39 5 39
4 3 2 24 4 22 5 24
5 1 3 30
6 2 3 7 4 9
7 2 4 28 5 24
8 2 1 37 5 38
9 4 1 21 2 19 4 22 5 25
10 3 1 12 2 13 5 13
11 3 2 41 3 37 5 37
12 3 1 14 2 14 4 14
13 4 1 41 2 39 3 44 5 43
14 4 2 45 3 45 4 42 5 46
15 2 1 42 4 38
16 4 1 39 2 34 4 34 5 42
17 2 1 24 2 25
18 4 1 50 2 50 3 49 4 45
19 end
