1 5 20
out
0 1 2 3 4 5 8 10
1 9 6
2 11 6 7
3 11
4 6 7
5 9 11 6
6 12 13 14
7 12 13 14
8 12 14
9 14
10 12
11 14
12 17 18
13 15
14 16
15 19
16 19
17 19
18 19
in
info
0 start
1 3 1 31 4 27 5 28
2 3 1 29 2 22 4 26
3 1 4 27
4 4 1 36 2 35 3 34 4 39
5 1 5 27
6 4 1 18 3 17 4 20 5 18
7 4 1 20 2 18 3 23 5 18
8 2 3 21 4 21
9 3 1 18 4 17 5 19
10 4 2 29 3 30 4 30 5 29
11 4 1 19 2 14 3 10 5 16
12 1 2 35
13 4 2 35 3 33 4 34 5 37
14 1 5 48
15 4 1 16 2 21 4 15 5 23
16 3 2 46 3 46 5 41
17 3 1 43 2 44 3 44
18 1 3 38
19 end
