1 5 21
out
0 1 2 3
1 (7,4) 
2 20
3 20
4 (8,9) 
5 6
6 20
7 20
8 (15,17,13) 
9 10
10 11
11 5
12 5
13 14
14 12
15 16
16 12
17 18
18 19
19 12
in
20 (7,6)
5 (11,12)
12 (16,19,14)
info
0 start
1 3 2 22 3 20 5 26
2 2 3 40 5 43
3 3 2 44 3 44 4 44
4 2 3 27 4 23
5 2 4 36 5 35
6 2 1 36 4 38
7 1 1 23
8 3 2 31 4 26 5 25
9 3 3 28 4 22 5 25
10 4 1 17 3 18 4 19 5 12
11 3 1 13 2 13 4 12
12 supernode
13 1 3 31
14 1 3 7
15 3 1 26 3 24 4 22
16 3 1 45 2 43 5 41
17 3 1 19 3 24 4 22
18 2 2 43 4 41
19 2 3 21 4 25
20 end
