1 5 19
out
0 1 2 3
1 (8,9) 6
2 (15,17,14) 4
3 4 5 6
4 18
5 18
6 18
7 (11,12) 
8 7
9 10
10 7
11 18
12 18
13 7
14 13
15 16
16 13
17 13
in
7 (8,10)
18 (11,12)
13 (16,17,14)
info
0 start
1 5 1 35 2 39 3 37 4 29 5 33
2 5 1 28 2 24 3 29 4 28 5 24
3 3 1 49 3 49 5 42
4 2 4 33 5 36
5 1 5 37
6 4 1 40 2 45 3 48 5 47
7 4 1 25 2 31 3 28 5 25
8 2 2 46 3 44
9 2 1 29 4 35
10 1 4 39
11 4 1 35 3 32 4 36 5 38
12 1 3 21
13 supernode
14 3 3 37 4 33 5 32
15 4 1 37 2 43 4 43 5 45
16 3 1 44 4 47 5 42
17 3 2 36 3 34 5 34
18 end
