1 5 22
out
0 1 2 5
1 3 4
2 4
3 21
4 (8,16,6) 
5 (18,19) 
6 7
7 21
8 9 10 13 14
9 21
10 11
11 12
12 9
13 9
14 15
15 9
16 21
17 21
18 17
19 20
20 17
in
21 (7,16,9)
17 (18,20)
info
0 start
1 2 1 41 4 44
2 2 1 15 4 16
3 3 1 24 3 19 4 24
4 3 1 33 4 31 5 32
5 3 1 38 2 44 3 38
6 4 2 25 3 26 4 24 5 23
7 1 5 33
8 3 2 12 3 16 4 12
9 2 3 29 5 22
10 3 1 14 3 16 4 14
11 3 1 36 3 39 4 40
12 3 2 15 3 21 4 19
13 3 2 38 3 40 4 38
14 4 1 28 3 24 4 30 5 29
15 1 5 10
16 3 3 23 4 26 5 25
17 supernode
18 4 1 39 3 41 4 40 5 41
19 3 2 38 3 45 5 39
20 2 3 21 5 20
21 end
