1 5 20
out
0 1 2 3 4
1 6 7
2 5 7
3 6
4 19
5 (8,14) 
6 19
7 19
8 9 10 13
9 19
10 (15,17) 
11 12
12 9
13 9
14 19
15 16
16 11
17 18
18 11
in
19 (9,14)
11 (16,18)
info
0 start
1 4 1 42 3 48 4 48 5 48
2 3 2 30 3 35 4 27
3 2 3 43 4 44
4 2 1 41 2 33
5 3 1 17 2 17 3 20
6 2 3 39 4 41
7 1 4 17
8 2 2 33 3 33
9 5 1 9 2 12 3 15 4 9 5 12
10 3 1 18 2 15 3 18
11 2 1 27 5 21
12 2 3 24 5 21
13 3 2 47 3 46 5 47
14 5 1 32 2 32 3 34 4 33 5 33
15 3 1 32 3 32 5 33
16 1 1 30
17 3 2 24 3 25 4 24
18 3 3 38 4 37 5 34
19 end
