1 5 22
out
0 1 2 3
1 (9,11,14) 
2 (7,4,6) 
3 (16,19,20) 
4 5
5 21
6 21
7 21
8 21
9 10
10 8
11 12
12 13
13 8
14 8
15 21
16 17
17 18
18 15
19 15
20 15
in
21 (7,5,6)
8 (10,13,14)
15 (18,19,20)
info
0 start
1 3 2 25 4 26 5 31
2 2 1 37 3 44
3 2 3 40 5 43
4 2 2 38 5 30
5 3 1 34 2 33 4 24
6 2 2 44 5 45
7 3 1 32 2 36 4 31
8 supernode
9 2 2 14 4 9
10 4 2 14 3 18 4 16 5 15
11 1 1 25
12 3 1 10 4 9 5 8
13 3 1 37 2 39 4 33
14 1 2 22
15 supernode
16 3 2 46 3 46 5 47
17 2 1 19 3 18
18 1 5 32
19 1 3 17
20 1 3 20
21 end
