1 5 22
out
0 1 2 3 4 5 11 13 15
1 8 6
2 9 6 7
3 8 9 7
4 8 7
5 8 9
6 10 14
7 14
8 12 14
9 16 10 14
10 18
11 17 20
12 20
13 18
14 18 19
15 17
16 17 18 20
17 21
18 21
19 21
20 21
in
info
0 start
1 1 3 24
2 3 3 26 4 26 5 26
3 2 3 37 4 41
4 1 1 45
5 1 4 36
6 2 3 34 5 30
7 3 2 42 3 44 4 49
8 3 2 42 3 39 5 40
9 3 2 34 3 31 4 31
10 5 1 22 2 20 3 15 4 15 5 15
11 1 3 18
12 2 1 39 2 38
13 2 1 46 3 47
14 4 2 17 3 19 4 19 5 22
15 2 4 40 5 38
16 4 1 28 2 33 3 29 4 35
17 3 1 34 4 35 5 33
18 4 1 31 3 30 4 30 5 31
19 5 1 31 2 38 3 37 4 30 5 36
20 2 4 40 5 40
21 end
