1 5 22
out
0 1 2 3 4
1 (20,18,12) 6
2 6 7
3 (8,10) 
4 5 6 7
5 21
6 21
7 21
8 9
9 5
10 11
11 5
12 17 13 14
13 7
14 15
15 16
16 13
17 13
18 19
19 7
20 7
in
5 (9,11)
7 (19,20,13)
info
0 start
1 3 2 15 4 16 5 17
2 4 1 33 3 34 4 34 5 36
3 2 1 34 2 38
4 2 3 21 5 26
5 2 1 29 3 30
6 3 3 27 4 33 5 33
7 2 1 29 5 26
8 2 1 35 2 35
9 1 4 42
10 3 3 23 4 23 5 25
11 3 1 39 3 34 5 39
12 3 1 41 2 44 5 46
13 3 1 33 4 34 5 30
14 3 2 43 4 43 5 35
15 3 1 20 3 22 4 19
16 3 2 24 4 29 5 27
17 1 5 7
18 1 1 23
19 2 1 31 3 33
20 2 3 37 5 44
21 end
