1 5 22
out
0 1 2
1 3 4
2 3 4
3 21
4 (11,5) 
5 7 9 6
6 21
7 (18,12,14) 
8 6
9 10
10 6
11 21
12 13
13 8
14 (19,20) 16 17
15 8
16 15
17 15
18 8
19 15
20 15
in
21 (11,6)
8 (15,18,13)
15 (19,20)
info
0 start
1 4 1 15 3 14 4 14 5 13
2 2 1 24 4 22
3 3 2 17 4 18 5 15
4 2 1 25 5 28
5 2 1 38 2 35
6 5 1 13 2 9 3 17 4 18 5 9
7 4 1 16 2 10 3 8 4 12
8 4 1 33 2 31 3 27 5 27
9 1 3 17
10 3 3 20 4 21 5 26
11 1 2 16
12 3 2 27 4 22 5 21
13 4 2 39 3 40 4 36 5 37
14 1 3 16
15 2 1 7 2 9
16 5 1 22 2 23 3 28 4 28 5 23
17 2 3 17 4 8
18 3 2 26 3 25 4 26
19 5 1 27 2 21 3 23 4 22 5 20
20 3 2 16 4 17 5 16
21 end
