1 5 20
out
0 1 2 3 4 5
1 9 10 7
2 8 9 10
3 10 6
4 8 10 6
5 8 10
6 12
7 (15,16,17) 
8 11 12 13
9 11 13
10 13 14
11 19
12 19
13 19
14 19
15 14
16 14
17 18
18 14
in
14 (15,16,18)
info
0 start
1 3 1 21 2 23 4 26
2 3 2 20 3 20 5 20
3 3 1 13 2 16 4 14
4 3 2 47 3 43 5 43
5 4 2 50 3 44 4 50 5 50
6 2 4 40 5 39
7 2 4 10 5 16
8 4 1 16 2 19 3 15 5 13
9 4 1 6 3 11 4 13 5 10
10 1 1 9
11 2 3 44 5 41
12 2 4 36 5 32
13 2 2 17 4 11
14 2 2 28 3 29
15 4 1 20 3 18 4 21 5 22
16 3 2 15 4 20 5 18
17 5 1 26 2 23 3 27 4 25 5 24
18 2 4 15 5 14
19 end
