1 5 20
out
0 1 2 3 4 5
1 8
2 8 7
3 10 7
4 8 6 7
5 9 6 7
6 12 14
7 11 14
8 11 12 14
9 11 13
10 12 13 15
11 16 17 18
12 16 17
13 18
14 16 18
15 16 17 18
16 19
17 19
18 19
in
info
0 start
1 3 1 41 2 37 4 37
2 4 1 22 2 21 3 22 5 26
3 1 4 25
4 4 1 17 3 15 4 13 5 14
5 2 2 39 5 44
6 3 2 42 3 40 5 37
7 2 3 16 5 16
8 3 2 32 3 30 4 30
9 3 2 30 3 34 5 31
10 1 5 9
11 3 2 18 3 12 5 16
12 3 1 20 2 22 3 24
13 3 2 36 3 39 5 36
14 3 1 27 2 24 4 28
15 1 3 19
16 4 2 23 3 29 4 24 5 27
17 4 1 47 2 41 4 41 5 43
18 2 2 30 5 35
19 end
