1 5 21
out
0 1 2 3 5 6
1 4
2 (15,12,13) 
3 8 4 7
4 9 10 11
5 11
6 9 10 11
7 9 10 11
8 9 10 11
9 (16,18) 
10 20
11 20
12 4
13 14
14 4
15 4
16 17
17 20
18 19
19 20
in
4 (15,12,14)
20 (17,19)
info
0 start
1 5 1 10 2 14 3 14 4 14 5 14
2 1 4 28
3 4 1 37 2 35 4 36 5 39
4 2 2 33 4 32
5 3 1 19 2 17 4 21
6 1 3 29
7 1 3 26
8 2 3 15 5 21
9 1 2 12
10 1 1 41
11 1 5 23
12 4 1 35 3 33 4 36 5 29
13 4 1 45 2 46 3 46 5 46
14 3 3 35 4 34 5 29
15 1 3 41
16 3 1 26 2 30 4 24
17 2 2 13 3 8
18 3 2 28 3 29 5 24
19 2 2 41 3 39
20 end
