1 5 22
out
0 (16,10,13) 1 2 4
1 3 6
2 6
3 21
4 21
5 (7,9) 
6 21
7 8
8 21
9 21
10 (18,20) 
11 12
12 5
13 14
14 15
15 5
16 17
17 5
18 19
19 11
20 11
in
21 (8,9)
5 (15,17,12)
11 (19,20)
info
0 start
1 3 2 23 4 23 5 26
2 3 1 15 2 15 5 16
3 3 2 42 3 47 4 42
4 2 2 39 4 38
5 2 1 14 3 12
6 2 2 37 4 38
7 2 2 42 3 38
8 2 1 30 3 36
9 3 1 27 3 28 5 25
10 2 1 28 4 31
11 3 1 26 2 29 4 30
12 1 4 12
13 2 2 28 4 28
14 4 1 15 2 16 3 13 4 18
15 2 2 14 5 13
16 5 1 20 2 20 3 22 4 21 5 24
17 3 1 10 2 11 4 14
18 3 1 43 2 42 5 46
19 1 5 45
20 2 1 45 3 45
21 end
