1 5 22
out
0 1 2 3 4 7 10
1 (11,14) 
2 5
3 5
4 5
5 8 9 6
6 (17,18,19) 
7 21
8 21
9 21
10 21
11 12
12 13
13 5
14 15
15 16
16 5
17 21
18 21
19 20
20 21
in
5 (16,13)
21 (17,18,20)
info
0 start
1 2 1 39 2 42
2 2 2 18 4 24
3 4 1 41 3 41 4 36 5 41
4 2 1 35 3 35
5 2 1 17 4 20
6 1 4 35
7 2 1 40 5 42
8 2 1 17 5 16
9 2 1 46 2 46
10 2 1 42 2 43
11 1 3 22
12 2 2 19 5 18
13 2 3 15 4 14
14 4 2 41 3 43 4 44 5 40
15 2 4 29 5 38
16 1 4 8
17 3 2 40 4 46 5 46
18 3 2 23 3 18 4 23
19 3 1 26 4 29 5 27
20 3 1 28 4 27 5 27
21 end
