1 5 21
out
0 1 3
1 (7,8,5) 2
2 20
3 20
4 20
5 6
6 4
7 (11,12) 
8 9
9 4
10 4
11 10
12 15 18 13 14
13 19
14 13
15 16
16 17
17 13
18 13
19 10
in
4 (9,10,6)
10 (11,19)
info
0 start
1 2 1 47 4 42
2 3 1 36 2 34 3 37
3 3 2 48 3 47 4 43
4 3 3 19 4 23 5 18
5 3 1 17 4 24 5 21
6 2 1 15 4 15
7 4 1 29 2 31 3 28 5 27
8 3 1 9 4 10 5 10
9 3 1 19 2 17 5 21
10 supernode
11 3 1 33 2 31 4 29
12 2 1 17 3 15
13 3 1 25 2 22 3 21
14 3 1 20 3 26 5 22
15 4 1 20 2 18 3 22 4 20
16 2 1 42 4 47
17 3 1 40 2 39 3 39
18 3 2 39 3 43 4 37
19 5 1 41 2 37 3 46 4 41 5 38
20 end
