1 5 22
out
0 1 2 3
1 21
2 (4,5) 
3 21
4 (9,11,12) 
5 6
6 (20,13,14) 
7 21
8 21
9 10
10 8
11 8
12 8
13 7
14 15 16 18
15 7
16 17
17 15
18 19
19 15
20 7
in
21 (7,8)
8 (10,11,12)
7 (15,20,13)
info
0 start
1 3 2 35 3 35 4 32
2 2 1 21 5 19
3 2 2 39 3 43
4 3 2 41 4 33 5 33
5 2 1 33 3 39
6 1 3 20
7 2 2 24 5 24
8 supernode
9 1 4 28
10 1 1 37
11 1 4 23
12 3 1 19 2 23 4 24
13 2 1 11 3 11
14 2 2 17 4 11
15 2 2 44 3 41
16 2 2 23 5 26
17 2 2 35 3 33
18 1 2 33
19 4 1 39 2 37 3 34 5 37
20 3 1 39 3 48 4 40
21 end
