1 5 22
out
0 1 2 3 4 9
1 5 7
2 8 10 6
3 8 6
4 8
5 15
6 (16,17,20) 14 15
7 11 13 14
8 15
9 11 13 15
10 14 15
11 21
12 21
13 21
14 21
15 21
16 12
17 18
18 19
19 12
20 12
in
12 (16,19,20)
info
0 start
1 3 1 37 2 34 3 37
2 2 3 24 5 24
3 2 2 34 3 29
4 3 1 39 3 42 5 40
5 3 1 45 2 48 4 49
6 4 2 32 3 26 4 28 5 24
7 3 1 18 3 14 5 12
8 1 3 40
9 2 3 8 4 14
10 3 1 42 3 41 4 41
11 1 2 26
12 3 2 33 3 34 5 26
13 5 1 20 2 22 3 25 4 21 5 26
14 4 2 33 3 31 4 28 5 26
15 5 1 19 2 20 3 21 4 15 5 14
16 2 3 23 5 25
17 2 4 39 5 40
18 1 4 37
19 4 1 31 2 26 3 25 5 30
20 2 1 20 5 23
21 end
