1 5 21
out
0 1 2 3 4
1 7
2 5 6 7
3 (8,9,12) 5 6
4 7
5 (13,14) 
6 20
7 20
8 7
9 10
10 11
11 7
12 7
13 (17,18) 
14 15
15 20
16 20
17 16
18 19
19 16
in
7 (8,11,12)
20 (15,16)
16 (17,19)
info
0 start
1 3 2 26 3 30 4 30
2 2 4 50 5 47
3 3 1 17 3 12 5 21
4 2 1 43 2 40
5 1 1 29
6 4 1 17 2 12 3 16 5 17
7 4 1 30 2 38 3 32 5 30
8 3 2 31 4 33 5 27
9 4 1 16 3 24 4 24 5 18
10 3 2 38 4 34 5 33
11 2 3 26 5 21
12 2 1 24 5 26
13 3 1 20 3 20 4 22
14 1 2 17
15 3 1 45 2 46 5 43
16 supernode
17 4 2 42 3 43 4 43 5 43
18 2 3 18 4 18
19 1 3 32
20 end
