1 5 19
out
0 1 2
1 3 5
2 4
3 18
4 18
5 (13,6) 
6 7
7 8 9 10
8 18
9 8
10 11
11 12
12 8
13 (15,16,17) 
14 18
15 14
16 14
17 14
in
18 (8,14)
14 (15,16,17)
info
0 start
1 5 1 27 2 30 3 26 4 25 5 24
2 5 1 31 2 28 3 29 4 25 5 26
3 2 2 16 3 14
4 4 2 22 3 22 4 26 5 26
5 2 1 20 5 20
6 3 1 25 4 27 5 28
7 4 2 35 3 39 4 38 5 34
8 4 1 41 2 49 3 49 5 49
9 3 2 20 3 24 5 26
10 2 2 44 5 47
11 2 1 7 4 13
12 2 3 34 4 29
13 3 1 44 4 43 5 43
14 supernode
15 4 1 5 2 9 4 10 5 5
16 2 1 32 3 33
17 4 1 19 2 22 4 17 5 19
18 end
