1 5 22
out
0 1 2 3 4 5
1 8 9 6
2 (17,18,19) 8 9
3 8 7
4 9 6 7
5 6
6 11 12
7 11 12
8 13
9 10 12
10 16
11 15
12 15
13 14
14 21
15 21
16 21
17 6
18 6
19 20
20 6
in
6 (17,18,20)
info
0 start
1 4 1 13 2 13 3 10 4 10
2 4 1 12 2 13 4 15 5 19
3 3 1 40 2 41 5 39
4 2 4 38 5 35
5 2 1 13 4 14
6 3 1 17 2 20 4 20
7 4 1 22 2 15 4 22 5 20
8 3 1 46 2 43 3 38
9 2 1 39 2 35
10 3 1 31 3 31 5 32
11 4 2 31 3 33 4 35 5 34
12 1 1 17
13 2 3 14 4 12
14 3 1 35 4 38 5 35
15 2 1 23 5 22
16 3 1 22 4 23 5 23
17 3 1 13 2 13 4 10
18 2 3 42 4 44
19 2 2 43 5 43
20 4 1 13 3 15 4 9 5 9
21 end
