1 5 21
out
0 (18,19) 1 2 4 5
1 8 6
2 8 6 7
3 8 6 7
4 8 6 7
5 8 6 7
6 9
7 9
8 (10,11) 
9 20
10 9
11 12
12 17 13 14
13 9
14 15
15 16
16 13
17 13
18 3
19 3
in
9 (10,13)
3 (18,19)
info
0 start
1 2 1 23 2 27
2 2 2 32 4 35
3 3 2 25 3 27 4 29
4 2 1 6 2 14
5 3 1 34 2 33 4 34
6 4 1 19 2 25 3 20 4 28
7 4 1 29 3 29 4 33 5 32
8 3 2 26 4 32 5 26
9 2 1 43 4 48
10 4 1 31 2 31 3 30 4 34
11 1 5 32
12 4 2 31 3 28 4 31 5 29
13 2 1 20 2 25
14 4 1 43 2 42 3 36 4 37
15 2 2 21 5 19
16 3 3 38 4 36 5 37
17 3 1 26 2 19 4 22
18 4 1 38 2 35 3 41 4 39
19 3 3 5 4 9 5 5
20 end
