1 5 21
out
0 (3,4) 2
1 20
2 (15,19,14) 
3 1
4 5
5 6
6 (8,12) 
7 1
8 9 10 11
9 7
10 9
11 9
12 13
13 7
14 20
15 16 17 18
16 20
17 16
18 16
19 20
in
1 (7,3)
7 (9,13)
20 (16,19,14)
info
0 start
1 2 2 15 5 12
2 3 1 27 3 29 5 29
3 1 5 24
4 1 4 21
5 3 3 33 4 29 5 26
6 1 4 46
7 supernode
8 3 2 42 4 40 5 42
9 4 1 29 3 31 4 30 5 30
10 3 3 25 4 28 5 26
11 2 2 29 3 30
12 3 1 34 4 28 5 26
13 4 1 42 3 44 4 42 5 45
14 1 1 26
15 4 1 21 2 19 4 24 5 21
16 3 1 13 2 13 3 17
17 1 1 24
18 1 2 25
19 2 2 32 5 38
20 end
