1 5 22
out
0 1 2 3 4 5 6 9
1 10 12
2 8 12
3 10 11 12
4 8
5 10 7
6 8
7 13 14 15
8 16 15
9 16 13
10 14
11 16 14 15
12 14
13 20
14 18 19 20
15 17 18
16 18 19 20
17 21
18 21
19 21
20 21
in
info
0 start
1 2 1 24 2 31
2 2 3 32 5 36
3 1 2 42
4 4 2 30 3 29 4 26 5 30
5 2 1 25 2 27
6 2 1 29 3 29
7 2 1 29 4 29
8 2 1 16 2 16
9 2 3 29 5 28
10 1 2 28
11 1 5 11
12 2 2 25 3 27
13 4 1 33 3 32 4 35 5 31
14 2 3 18 5 17
15 3 2 31 4 37 5 35
16 2 4 26 5 25
17 1 4 24
18 3 2 37 4 40 5 38
19 3 2 34 4 31 5 28
20 5 1 20 2 20 3 16 4 17 5 16
21 end
