1 5 21
out
0 1 2 3 4
1 5 6 7
2 (8,10,12) 
3 5 6 7
4 5 6 7
5 20
6 20
7 20
8 9
9 7
10 11
11 7
12 17 13 14
13 7
14 15
15 (18,19) 
16 13
17 13
18 16
19 16
in
7 (9,11,13)
16 (18,19)
info
0 start
1 2 1 21 3 16
2 1 1 36
3 3 1 28 2 22 4 22
4 2 1 33 5 33
5 3 1 18 4 17 5 15
6 2 1 41 2 46
7 4 1 35 2 39 3 34 4 37
8 4 2 14 3 11 4 11 5 19
9 4 1 30 2 32 3 33 4 32
10 2 2 32 3 36
11 2 4 33 5 31
12 3 2 25 3 28 5 28
13 2 3 45 5 47
14 1 5 9
15 2 1 30 2 27
16 3 2 44 3 41 4 46
17 4 1 36 2 38 4 39 5 35
18 2 3 18 4 11
19 3 2 30 3 33 4 29
20 end
