1 5 21
out
0 1 2
1 (11,12) 
2 (7,3,6) 
3 (17,18,14) 
4 5
5 20
6 20
7 8
8 9
9 20
10 20
11 10
12 13
13 10
14 15
15 16
16 4
17 4
18 19
19 4
in
20 (9,5,6)
10 (11,13)
4 (16,17,19)
info
0 start
1 1 2 39
2 1 2 49
3 3 1 16 2 19 4 19
4 1 5 31
5 3 1 13 4 14 5 7
6 3 1 22 3 19 5 23
7 1 5 37
8 1 1 34
9 3 1 25 4 29 5 22
10 supernode
11 5 1 38 2 39 3 33 4 34 5 32
12 3 2 38 4 34 5 33
13 2 2 46 4 44
14 2 1 26 3 22
15 5 1 35 2 32 3 32 4 28 5 35
16 3 1 24 2 22 5 21
17 1 1 22
18 3 2 37 3 40 5 38
19 3 1 23 2 26 5 24
20 end
