1 5 22
out
0 1 2 3
1 21
2 21
3 (4,6) 
4 (8,10,11) 
5 21
6 (20,13,14) 
7 21
8 9
9 5
10 5
11 12
12 5
13 7
14 15 16 18 19
15 7
16 17
17 15
18 15
19 15
20 7
in
21 (7,5)
5 (9,10,12)
7 (15,20,13)
info
0 start
1 2 1 21 3 22
2 3 3 17 4 13 5 15
3 3 1 42 4 41 5 44
4 2 1 6 4 12
5 2 2 17 3 12
6 4 1 48 2 46 3 46 5 44
7 2 1 13 2 17
8 3 2 39 3 45 5 41
9 1 1 14
10 4 2 47 3 45 4 45 5 41
11 1 1 15
12 2 1 44 3 39
13 2 3 46 5 41
14 3 1 16 2 12 5 14
15 3 1 39 3 41 4 46
16 3 1 43 3 47 4 39
17 4 1 40 2 44 4 41 5 39
18 4 1 31 2 35 3 33 4 35
19 1 3 23
20 2 1 25 2 20
21 end
