1 5 19
out
0 (3,4,6) 1
1 (8,9,10) 
2 18
3 2
4 5
5 2
6 7
7 (16,12,14) 
8 18
9 18
10 18
11 2
12 13
13 11
14 15
15 11
16 17
17 11
in
2 (3,11,5)
18 (8,9,10)
11 (15,17,13)
info
0 start
1 2 1 16 3 13
2 2 4 21 5 22
3 2 1 13 2 15
4 3 1 29 4 24 5 27
5 2 2 27 4 33
6 4 1 44 2 42 3 37 4 41
7 3 2 40 3 36 4 43
8 3 1 40 2 39 5 38
9 4 1 21 2 19 4 19 5 25
10 3 1 42 2 47 3 40
11 supernode
12 2 1 41 2 43
13 3 1 16 3 13 5 16
14 3 3 30 4 29 5 24
15 3 2 22 4 23 5 16
16 3 2 33 3 28 5 37
17 4 1 35 3 38 4 32 5 32
18 end
