1 5 22
out
0 1 2 3 4 5 6
1 8 9 7
2 8 10 7
3 7
4 8 10
5 8 9 7
6 9 10 7
7 12 13 14
8 12 13 14
9 11 12 13
10 (15,18,19) 11 13
11 21
12 21
13 21
14 21
15 16
16 17
17 14
18 14
19 20
20 14
in
14 (17,18,20)
info
0 start
1 3 3 24 4 25 5 22
2 3 1 23 2 22 4 23
3 2 4 14 5 18
4 2 1 18 5 17
5 3 2 20 3 17 4 16
6 2 4 45 5 43
7 2 1 33 4 24
8 2 1 21 4 19
9 1 2 25
10 4 1 30 2 30 3 29 4 25
11 3 1 42 4 38 5 45
12 2 1 23 3 28
13 2 2 39 4 33
14 2 1 22 3 20
15 1 1 33
16 1 3 34
17 3 1 43 3 39 5 41
18 2 2 32 5 26
19 3 1 46 3 45 5 42
20 5 1 44 2 38 3 40 4 42 5 42
21 end
