1 5 20
out
0 1 2 3 4 5 13 14
1 6 7
2 (15,16) 6
3 7
4 6 7
5 6
6 9 12
7 8 10 11
8 19
9 19
10 19
11 19
12 19
13 19
14 19
15 7
16 17
17 18
18 7
in
7 (15,18)
info
0 start
1 3 1 18 2 16 4 20
2 2 1 16 3 17
3 3 1 16 2 16 3 15
4 2 1 39 3 36
5 3 1 33 2 32 3 31
6 2 2 12 5 18
7 4 1 19 2 19 3 22 5 20
8 4 2 37 3 42 4 40 5 41
9 3 1 10 3 14 5 7
10 2 3 33 5 39
11 2 2 16 4 15
12 5 1 45 2 41 3 41 4 39 5 43
13 5 1 39 2 48 3 38 4 46 5 38
14 4 1 34 3 32 4 33 5 34
15 3 1 21 3 21 4 18
16 3 1 15 3 14 5 16
17 2 2 41 5 39
18 2 1 14 4 14
19 end
