1 5 21
out
0 1 2 3 4 7
1 6
2 5 6
3 5
4 8
5 20
6 (9,11,12) 
7 20
8 20
9 (13,14) 
10 20
11 20
12 20
13 10
14 15 16 17
15 10
16 15
17 18
18 19
19 15
in
20 (10,11,12)
10 (15,13)
info
0 start
1 3 3 47 4 42 5 39
2 3 1 22 3 21 5 15
3 3 2 25 4 22 5 20
4 4 2 43 3 46 4 47 5 45
5 1 2 20
6 4 1 13 2 7 3 14 5 6
7 2 4 35 5 41
8 1 3 22
9 2 2 35 5 34
10 3 3 37 4 38 5 38
11 4 1 26 2 25 4 27 5 25
12 2 2 29 3 31
13 2 2 47 5 47
14 2 2 30 5 34
15 2 1 27 2 35
16 4 1 16 2 15 4 16 5 14
17 2 2 23 4 17
18 1 2 48
19 3 1 8 3 11 5 11
20 end
