1 5 22
out
0 8 1 2 3
1 6
2 4 5 7
3 4 5
4 9 10 11
5 (17,18) 10
6 10 11
7 9 11
8 11 12
9 15
10 16 13 14
11 16 13 15
12 16 13 15
13 21
14 21
15 21
16 21
17 11
18 19
19 20
20 11
in
11 (17,20)
info
0 start
1 1 2 25
2 2 1 14 5 18
3 4 1 42 2 49 3 43 4 42
4 1 4 31
5 2 1 45 4 42
6 3 1 10 4 10 5 10
7 2 1 29 4 31
8 2 1 38 2 38
9 3 2 40 3 45 4 43
10 2 1 47 4 40
11 3 1 34 3 34 4 33
12 1 1 14
13 3 1 22 4 26 5 19
14 2 2 39 5 42
15 4 1 35 2 29 3 30 4 31
16 4 1 24 2 20 3 22 5 19
17 4 1 11 2 11 4 10 5 8
18 2 3 29 4 24
19 3 1 20 2 22 4 17
20 1 2 15
21 end
