1 5 21
out
0 (7,10) 1 4
1 3 5 6
2 5
3 20
4 20
5 (11,13) 
6 20
7 8
8 9
9 2
10 2
11 12
12 20
13 15 18 14
14 20
15 16
16 17
17 14
18 19
19 14
in
2 (9,10)
20 (12,14)
info
0 start
1 5 1 13 2 10 3 10 4 10 5 14
2 3 1 15 3 19 4 16
3 5 1 36 2 42 3 36 4 37 5 40
4 3 1 20 4 22 5 20
5 3 2 41 3 39 4 40
6 3 1 49 2 42 5 46
7 2 1 10 4 15
8 3 1 37 4 40 5 35
9 2 1 38 5 37
10 2 3 13 4 15
11 1 4 13
12 2 2 41 3 41
13 4 1 32 2 32 3 30 5 38
14 4 2 36 3 37 4 34 5 30
15 4 1 43 2 43 4 42 5 42
16 1 4 22
17 4 1 26 2 26 3 29 4 27
18 3 2 43 3 34 4 42
19 3 1 33 2 35 3 36
20 end
