1 5 20
out
0 1 2 3 4 5 8
1 7
2 7
3 6 7
4 11
5 10
6 9 11
7 11
8 19
9 (15,16,12) 
10 19
11 19
12 13
13 14
14 19
15 19
16 17
17 18
18 19
in
19 (15,18,14)
info
0 start
1 2 3 19 4 21
2 4 1 45 2 41 4 42 5 43
3 2 2 46 5 45
4 2 3 39 5 45
5 2 3 21 4 23
6 2 3 10 5 13
7 3 1 47 2 41 5 46
8 2 1 21 4 21
9 4 1 8 2 11 4 11 5 8
10 1 4 17
11 4 1 24 2 20 4 24 5 21
12 3 2 24 3 21 4 23
13 2 3 31 5 37
14 5 1 43 2 49 3 46 4 49 5 49
15 3 1 48 2 46 3 43
16 4 1 45 2 43 3 39 4 45
17 4 1 16 2 18 3 18 4 14
18 3 2 12 3 18 4 12
19 end
