1 5 22
out
0 1 2 3 4 5
1 9 10 6
2 9 6 7
3 9
4 7
5 8 9 6
6 (18,19) 13 14
7 12 14
8 11 12
9 11 12
10 11 12 13
11 21
12 21
13 (15,17) 
14 21
15 16
16 21
17 21
18 12
19 20
20 12
in
21 (16,17)
12 (18,20)
info
0 start
1 4 1 21 2 22 4 22 5 26
2 3 2 15 4 17 5 17
3 1 3 13
4 2 3 22 4 24
5 3 1 26 4 27 5 25
6 2 3 18 5 23
7 3 1 15 4 10 5 15
8 3 1 36 3 29 4 32
9 1 5 22
10 1 4 10
11 4 1 25 2 25 4 30 5 25
12 3 2 20 4 22 5 19
13 2 3 33 4 28
14 2 2 45 3 39
15 3 2 16 3 10 5 14
16 2 2 41 3 39
17 3 1 6 2 9 5 8
18 3 2 39 3 42 4 37
19 3 1 41 2 35 4 37
20 2 1 23 5 24
21 end
