1 5 21
out
0 1 2 3 4 5
1 6
2 9 6
3 6 7
4 8 9 7
5 6 7
6 10 11 13
7 (15,14) 12
8 10
9 11 12 13
10 20
11 20
12 20
13 (16,17) 
14 11
15 11
16 20
17 18
18 19
19 20
in
11 (15,14)
20 (16,19)
info
0 start
1 2 4 43 5 40
2 3 2 33 4 31 5 34
3 4 2 37 3 38 4 38 5 43
4 1 4 36
5 1 4 9
6 3 1 30 2 23 5 29
7 4 1 13 2 16 3 17 5 13
8 2 3 35 4 37
9 3 1 25 3 27 5 26
10 1 1 35
11 2 2 41 4 37
12 3 3 9 4 7 5 8
13 2 1 16 4 21
14 1 4 35
15 2 3 39 4 38
16 3 2 36 4 33 5 31
17 4 1 29 3 27 4 24 5 21
18 2 2 40 3 41
19 2 1 14 5 9
20 end
