1 5 21
out
0 1 2 3 4
1 5 7
2 6 7
3 8 9 7
4 8 6
5 (17,18,14) 
6 11
7 12
8 10 11 12
9 12 13
10 20
11 20
12 20
13 20
14 15
15 16
16 13
17 13
18 19
19 13
in
13 (16,17,19)
info
0 start
1 2 2 26 5 29
2 3 1 37 3 37 5 37
3 3 1 23 3 21 4 25
4 1 3 22
5 2 1 27 4 28
6 4 1 45 3 44 4 41 5 45
7 2 1 32 5 36
8 2 2 12 4 13
9 3 2 29 3 34 5 35
10 2 1 38 3 40
11 3 1 45 3 47 4 46
12 1 3 14
13 4 1 41 2 46 4 43 5 43
14 2 2 44 3 40
15 3 1 22 3 28 4 26
16 1 3 26
17 3 1 20 3 12 5 12
18 4 1 31 3 31 4 36 5 31
19 2 1 16 4 23
20 end
