1 5 22
out
0 1 2 3 4 8 9 12
1 5 6
2 5 6
3 5 6
4 6
5 11 7
6 10
7 16 13 15
8 17
9 16 14 15
10 15
11 (18,19,20) 17 14
12 16 13 15
13 21
14 21
15 21
16 21
17 21
18 16
19 16
20 16
in
16 (18,19,20)
info
0 start
1 2 3 15 5 15
2 4 1 13 2 17 3 14 5 13
3 1 3 34
4 2 1 27 5 29
5 2 3 28 4 27
6 3 2 32 3 36 5 29
7 3 3 17 4 17 5 18
8 4 1 8 2 15 3 13 5 8
9 4 1 13 3 12 4 11 5 7
10 1 2 40
11 1 1 33
12 2 3 34 4 30
13 1 4 30
14 5 1 39 2 39 3 35 4 40 5 33
15 3 1 28 4 28 5 29
16 2 1 49 4 47
17 3 1 11 2 17 4 14
18 4 1 37 3 31 4 33 5 40
19 2 3 34 4 32
20 4 1 35 2 27 3 34 4 35
21 end
