1 5 22
out
0 1 2 3 4 14
1 5 6 7
2 (17,18,19) 5 6
3 8 6 7
4 5 6 7
5 10 11
6 9 10
7 9 10 11
8 9
9 13
10 16 15
11 12 13 15
12 21
13 21
14 21
15 21
16 21
17 7
18 7
19 20
20 7
in
7 (17,18,20)
info
0 start
1 4 2 12 3 14 4 9 5 13
2 2 3 33 4 31
3 2 1 36 4 45
4 1 3 35
5 4 2 20 3 21 4 20 5 18
6 2 2 13 5 15
7 1 1 9
8 1 3 14
9 3 1 25 2 26 3 31
10 3 1 36 2 31 5 36
11 4 1 32 2 33 4 29 5 31
12 1 1 38
13 1 4 36
14 3 1 15 4 15 5 19
15 1 4 29
16 3 2 29 3 26 5 28
17 5 1 33 2 33 3 26 4 32 5 26
18 4 2 25 3 31 4 23 5 25
19 3 1 44 2 40 3 43
20 4 1 37 3 45 4 43 5 37
21 end
