1 5 21
out
0 1 2 3 4
1 8 5
2 9
3 8 9 7
4 8 6 7
5 10 12
6 11 12
7 10 13
8 10 13
9 12 13
10 16 14 15
11 (17,18) 16 15
12 16 14
13 16 14
14 20
15 20
16 20
17 14
18 19
19 14
in
14 (17,19)
info
0 start
1 2 1 16 3 12
2 1 4 27
3 3 2 28 3 25 4 23
4 2 2 25 3 26
5 2 2 17 4 21
6 1 2 38
7 2 2 8 4 7
8 2 3 42 4 42
9 2 2 27 3 28
10 2 2 17 5 16
11 3 2 33 3 36 4 32
12 1 3 14
13 2 1 34 5 35
14 3 1 24 2 22 3 18
15 4 2 30 3 21 4 30 5 27
16 4 1 35 3 27 4 28 5 35
17 1 3 20
18 3 1 35 2 34 4 33
19 3 3 13 4 13 5 16
20 end
