1 5 21
out
0 1 2
1 (3,12) 
2 20
3 4
4 8 9 5 6
5 20
6 7
7 (16,18,14) 
8 5
9 10
10 11
11 5
12 13
13 20
14 15
15 5
16 17
17 5
18 19
19 5
in
20 (5,13)
5 (15,17,19)
info
0 start
1 3 2 40 3 34 5 36
2 3 1 21 2 20 4 27
3 3 3 24 4 21 5 22
4 2 2 37 3 35
5 3 1 32 3 36 4 32
6 4 1 37 3 36 4 38 5 35
7 4 1 37 2 44 3 44 5 41
8 5 1 38 2 36 3 38 4 38 5 37
9 2 3 31 4 37
10 3 2 43 3 42 4 47
11 2 2 23 3 25
12 3 2 35 3 36 4 35
13 3 1 43 4 42 5 43
14 2 1 22 4 25
15 2 1 41 2 42
16 1 5 13
17 3 1 24 3 29 5 24
18 2 3 16 4 15
19 2 1 12 2 15
20 end
