1 5 22
out
0 (11,13) 1 2 3 4 5 9 10
1 (15,14) 
2 (18,19,20) 
3 6
4 6
5 6
6 7
7 21
8 21
9 21
10 21
11 12
12 8
13 8
14 6
15 16
16 6
17 6
18 17
19 17
20 17
in
8 (12,13)
6 (16,14)
17 (18,19,20)
info
0 start
1 2 1 14 5 10
2 5 1 18 2 18 3 23 4 24 5 21
3 1 3 22
4 2 2 20 5 20
5 3 2 14 3 17 5 15
6 4 2 23 3 28 4 30 5 22
7 3 2 19 4 18 5 14
8 3 1 29 2 27 5 32
9 2 1 35 2 32
10 4 1 29 2 33 3 33 5 31
11 3 1 44 2 42 4 37
12 3 1 28 2 28 4 32
13 2 1 48 3 46
14 1 3 19
15 2 1 23 3 24
16 3 1 50 3 40 4 45
17 supernode
18 3 3 14 4 11 5 10
19 1 4 16
20 2 3 14 5 13
21 end
