1 5 21
out
0 1 2
1 (16,17) 
2 3 5
3 20
4 20
5 (8,6) 
6 7
7 20
8 9
9 10 11 13
10 20
11 12
12 10
13 14
14 15
15 10
16 4
17 18
18 19
19 4
in
20 (7,10)
4 (16,19)
info
0 start
1 2 1 13 5 16
2 2 1 21 3 20
3 3 1 44 2 43 3 40
4 2 2 10 5 17
5 3 2 34 4 32 5 33
6 3 1 31 3 30 5 32
7 4 1 8 2 11 3 8 4 10
8 1 2 35
9 1 1 35
10 4 2 16 3 21 4 22 5 19
11 3 2 30 3 30 5 28
12 2 1 25 2 28
13 4 1 34 3 30 4 33 5 32
14 3 1 20 2 25 3 28
15 1 5 41
16 3 2 17 3 14 5 15
17 3 1 20 4 22 5 18
18 5 1 15 2 17 3 16 4 19 5 20
19 1 3 44
20 end
