1 5 20
out
0 1 2 3 4
1 5 6 7
2 8
3 8 7
4 6 7
5 12
6 13
7 11 12
8 (16,17,14) 9 10
9 19
10 19
11 19
12 19
13 19
14 15
15 12
16 12
17 18
18 12
in
12 (15,16,18)
info
0 start
1 3 1 22 2 22 3 27
2 1 5 20
3 3 2 24 4 17 5 22
4 4 1 41 3 40 4 40 5 41
5 3 1 19 2 22 4 18
6 2 2 27 5 21
7 3 2 31 4 27 5 23
8 2 2 19 4 15
9 4 2 38 3 40 4 42 5 42
10 3 2 14 3 11 4 16
11 4 1 26 2 25 3 30 4 25
12 4 1 16 3 17 4 19 5 19
13 3 2 41 4 45 5 45
14 2 2 12 4 10
15 4 1 36 3 31 4 32 5 33
16 1 3 37
17 4 1 19 2 22 3 20 5 25
18 2 1 24 3 21
19 end
