1 5 21
out
0 1 2 3
1 7
2 5 6 7
3 4 5
4 20
5 20
6 (8,9) 
7 (15,12,14) 
8 (17,19) 
9 10
10 20
11 20
12 13
13 11
14 11
15 11
16 20
17 18
18 16
19 16
in
20 (16,10)
11 (15,13,14)
16 (18,19)
info
0 start
1 2 4 14 5 13
2 2 3 41 4 47
3 1 2 30
4 1 3 17
5 2 3 39 5 37
6 3 2 13 3 10 4 16
7 3 3 16 4 15 5 16
8 4 1 14 2 16 4 13 5 21
9 4 1 21 2 20 3 20 4 24
10 2 2 22 3 21
11 supernode
12 2 1 14 3 14
13 2 3 33 4 32
14 3 1 20 2 22 4 17
15 3 2 16 3 12 4 14
16 supernode
17 3 1 38 2 35 4 34
18 1 3 8
19 3 3 24 4 21 5 18
20 end
