1 5 21
out
0 1 2 3 4 5
1 8 6 7
2 9 6 7
3 9 7
4 8 6 7
5 6
6 10 11 14
7 12 14 15
8 10
9 11 13 14
10 17
11 18
12 17 18 19
13 19
14 16 17
15 17
16 20
17 20
18 20
19 20
in
info
0 start
1 2 1 19 3 18
2 3 1 31 3 25 4 31
3 3 2 39 4 38 5 39
4 2 2 25 4 19
5 2 3 25 4 19
6 2 3 26 5 26
7 4 1 22 3 22 4 22 5 17
8 4 2 41 3 42 4 37 5 38
9 3 2 39 4 37 5 43
10 2 4 27 5 24
11 2 2 35 4 33
12 3 2 42 4 45 5 41
13 2 2 7 5 7
14 4 1 20 2 21 3 20 4 17
15 4 1 21 3 22 4 25 5 21
16 4 1 32 2 34 4 33 5 30
17 3 1 45 2 47 5 47
18 1 2 38
19 3 1 42 3 41 5 46
20 end
