1 5 22
out
0 1 2 3 4 5 6 14 15 16 17
1 9 7
2 7
3 8
4 8
5 8 9 7
6 8 9 7
7 10 12
8 13
9 11
10 19
11 18
12 18 20
13 19 20
14 18 19 20
15 21
16 21
17 21
18 21
19 21
20 21
in
info
0 start
1 2 1 20 3 19
2 1 2 38
3 3 1 28 3 31 5 27
4 4 1 36 2 30 4 33 5 40
5 3 1 39 4 38 5 37
6 4 1 36 3 34 4 36 5 39
7 4 1 28 2 34 3 29 4 33
8 2 1 37 4 37
9 2 2 33 4 36
10 4 2 42 3 47 4 48 5 46
11 2 1 48 2 49
12 2 1 24 4 25
13 3 3 21 4 25 5 24
14 4 1 47 2 47 4 45 5 43
15 2 1 40 5 40
16 2 1 36 2 43
17 2 1 28 2 29
18 3 2 48 3 41 4 41
19 2 1 22 2 17
20 2 2 29 4 29
21 end
