1 5 21
out
0 1 2 3
1 20
2 (7,8) 
3 (4,5) 
4 20
5 (16,17) 
6 20
7 6
8 9 10 11 13
9 6
10 9
11 12
12 9
13 14
14 9
15 20
16 15
17 18
18 19
19 15
in
20 (15,4)
6 (7,9)
15 (16,19)
info
0 start
1 1 3 21
2 4 1 40 2 41 4 39 5 42
3 2 1 24 4 28
4 3 1 39 4 44 5 43
5 1 1 23
6 supernode
7 3 2 17 3 19 4 24
8 1 1 8
9 1 3 43
10 3 2 8 3 8 4 13
11 3 1 24 3 28 5 26
12 4 1 23 2 33 4 24 5 29
13 4 1 35 3 34 4 32 5 29
14 1 2 34
15 supernode
16 3 1 12 3 13 4 12
17 2 2 26 3 33
18 4 1 29 2 33 3 32 4 32
19 4 1 9 2 18 3 13 4 8
20 end
