1 5 22
out
0 1 2 3
1 8 5 7
2 8 9 4
3 4 6
4 11 12 14
5 10 15
6 11 12 14
7 11 13 15
8 14
9 11 12
10 17 19
11 16 18 19
12 16 17 19
13 16 17 19
14 16
15 17 20
16 21
17 21
18 21
19 21
20 21
in
info
0 start
1 2 1 35 2 34
2 2 3 30 4 31
3 2 3 43 4 38
4 4 2 35 3 38 4 42 5 39
5 3 1 28 3 31 4 28
6 4 1 30 2 31 4 34 5 31
7 2 1 42 5 43
8 2 2 29 4 24
9 2 1 42 2 44
10 3 2 25 4 31 5 23
11 3 2 39 3 35 5 38
12 1 2 33
13 3 1 25 3 33 4 26
14 2 4 37 5 36
15 4 1 17 2 18 4 19 5 20
16 1 4 21
17 1 3 34
18 4 1 37 2 38 3 39 4 38
19 1 2 12
20 1 1 6
21 end
