1 5 20
out
0 1 2 3 4 5
1 (17,18) 7
2 (8,10) 6
3 6
4 6
5 6 7
6 19
7 19
8 9
9 (15,12,14) 
10 7
11 7
12 13
13 11
14 11
15 16
16 11
17 6
18 6
in
7 (10,11)
11 (16,13,14)
6 (17,18)
info
0 start
1 1 1 40
2 4 1 19 2 19 3 22 4 20
3 4 2 27 3 18 4 19 5 26
4 1 1 46
5 3 1 29 3 29 4 30
6 3 1 18 3 19 5 19
7 3 2 29 4 29 5 31
8 4 2 36 3 34 4 37 5 33
9 3 2 35 3 40 4 38
10 3 1 10 3 8 5 13
11 supernode
12 2 1 15 2 12
13 4 1 38 2 39 4 40 5 36
14 2 2 33 5 31
15 2 2 6 5 7
16 4 1 18 2 16 3 13 4 15
17 4 1 46 3 43 4 46 5 48
18 2 1 10 2 14
19 end
