1 5 22
out
0 1 2 3 4
1 5
2 8 6 7
3 6
4 8 5 7
5 9
6 9 10
7 9 10
8 9 10
9 21
10 (16,11) 
11 15 12 13
12 21
13 14
14 12
15 12
16 17
17 (19,20) 
18 21
19 18
20 18
in
21 (18,12)
18 (19,20)
info
0 start
1 2 1 16 4 11
2 3 1 26 2 27 3 18
3 3 1 31 2 37 4 34
4 4 1 45 3 41 4 45 5 43
5 3 1 20 2 26 4 20
6 5 1 20 2 19 3 15 4 23 5 21
7 2 3 42 5 38
8 3 2 29 4 29 5 30
9 4 1 12 3 14 4 7 5 13
10 1 1 35
11 2 1 39 5 40
12 2 3 12 5 15
13 2 1 37 4 36
14 4 2 9 3 10 4 16 5 14
15 1 1 32
16 2 2 35 4 32
17 3 2 32 3 36 5 34
18 2 2 27 3 29
19 2 1 21 5 20
20 2 4 22 5 26
21 end
