1 5 22
out
0 1 2 3
1 4 5 6
2 (18,19) 
3 (17,14) 9
4 7
5 8 9 7
6 9 7
7 21
8 21
9 (10,11,12) 
10 21
11 21
12 13
13 21
14 15
15 16
16 8
17 8
18 6
19 20
20 6
in
21 (10,11,13)
8 (16,17)
6 (18,20)
info
0 start
1 1 4 13
2 3 3 23 4 23 5 25
3 5 1 36 2 42 3 44 4 39 5 36
4 3 2 22 3 23 4 21
5 2 1 36 5 31
6 2 2 31 4 39
7 3 1 43 2 35 3 38
8 2 2 16 5 15
9 3 1 34 2 40 3 40
10 3 2 19 3 18 4 20
11 4 2 27 3 32 4 35 5 29
12 4 2 12 3 12 4 13 5 13
13 2 1 28 2 29
14 1 1 7
15 3 1 38 3 41 5 42
16 3 2 44 3 43 4 46
17 4 1 24 3 31 4 25 5 28
18 4 1 29 3 34 4 29 5 36
19 1 2 15
20 4 1 48 2 45 4 44 5 45
21 end
