1 5 22
out
0 1 2 3 7
1 4 5
2 6
3 (20,14) 
4 8
5 8 9
6 8
7 8
8 (10,11) 
9 21
10 21
11 12
12 13
13 21
14 15
15 16 17 18
16 5
17 16
18 19
19 16
20 5
in
21 (10,13)
5 (16,20)
info
0 start
1 3 1 20 2 15 5 18
2 2 3 14 4 18
3 2 2 41 3 46
4 2 1 33 3 41
5 1 1 36
6 2 4 42 5 42
7 2 1 36 5 34
8 2 2 30 5 32
9 2 2 17 4 13
10 2 2 14 5 24
11 3 2 21 4 20 5 23
12 2 3 16 5 24
13 1 5 38
14 3 2 9 3 11 5 13
15 1 2 28
16 3 2 29 3 33 4 36
17 3 1 33 3 33 4 32
18 3 2 34 4 30 5 31
19 3 2 28 4 32 5 29
20 2 1 29 4 28
21 end
