1 5 21
out
0 1 2 3
1 4 5
2 (14,6) 5
3 4 5
4 20
5 20
6 7
7 8 9 11 13
8 (18,19) 
9 (15,16) 
10 8
11 12
12 8
13 8
14 4
15 10
16 10
17 4
18 17
19 17
in
4 (17,14)
10 (15,16)
17 (18,19)
info
0 start
1 2 1 34 2 41
2 2 1 39 5 40
3 4 1 30 3 29 4 28 5 26
4 3 1 28 3 27 4 25
5 1 1 25
6 2 2 35 4 34
7 1 4 12
8 2 3 31 5 34
9 4 1 16 3 18 4 13 5 14
10 2 1 22 5 14
11 5 1 14 2 11 3 10 4 7 5 15
12 3 1 14 4 17 5 12
13 2 2 9 5 11
14 1 5 29
15 3 1 34 2 37 3 39
16 4 1 43 2 40 4 41 5 38
17 supernode
18 2 3 11 4 18
19 5 1 24 2 23 3 25 4 23 5 23
20 end
