1 5 20
out
0 1 2
1 3 4
2 3 4
3 19
4 (8,9,5) 
5 6
6 (11,12) 
7 19
8 (15,16,14) 
9 10
10 19
11 7
12 7
13 19
14 13
15 13
16 17
17 18
18 13
in
19 (7,10,13)
7 (11,12)
13 (15,18,14)
info
0 start
1 3 1 41 4 42 5 42
2 2 1 25 4 29
3 2 2 34 4 39
4 2 3 11 4 10
5 4 1 30 2 26 4 27 5 25
6 4 1 31 2 35 3 34 4 35
7 3 1 42 3 48 5 44
8 3 3 40 4 37 5 38
9 2 2 21 5 20
10 4 1 25 2 28 4 25 5 28
11 3 1 13 3 17 4 15
12 3 1 17 3 21 4 21
13 supernode
14 1 2 37
15 2 4 25 5 24
16 2 1 15 4 10
17 1 5 11
18 4 2 14 3 10 4 12 5 9
19 end
