1 5 22
out
0 (10,11,13) 2 3 5
1 4
2 6
3 4
4 (7,8) 
5 21
6 21
7 21
8 9
9 (16,17,20) 
10 1
11 12
12 1
13 14
14 1
15 21
16 15
17 18
18 19
19 15
20 15
in
21 (7,15)
1 (10,12,14)
15 (16,19,20)
info
0 start
1 1 3 31
2 2 3 15 4 18
3 1 1 27
4 2 1 12 2 13
5 1 2 38
6 3 1 11 2 12 4 11
7 4 1 36 2 28 4 32 5 32
8 3 2 9 3 14 5 10
9 2 1 30 2 33
10 3 2 20 3 14 4 17
11 2 3 42 5 39
12 2 3 12 5 18
13 1 5 22
14 2 2 36 4 30
15 supernode
16 3 1 17 2 20 3 24
17 1 5 37
18 4 1 26 3 25 4 26 5 25
19 3 2 40 3 47 5 45
20 1 3 25
21 end
