1 5 22
out
0 1 2 3
1 21
2 21
3 (7,4) 
4 5
5 (8,11) 
6 21
7 21
8 9
9 (15,12,13) 
10 6
11 6
12 10
13 14
14 10
15 16 17 20
16 10
17 18
18 19
19 16
20 16
in
21 (7,6)
6 (10,11)
10 (16,12,14)
info
0 start
1 2 1 27 3 28
2 3 1 25 2 24 5 23
3 1 3 13
4 2 2 20 5 21
5 3 1 12 3 15 5 14
6 3 3 40 4 39 5 43
7 4 2 41 3 45 4 48 5 48
8 1 1 7
9 3 2 21 3 18 4 19
10 3 1 28 2 31 5 26
11 2 1 13 4 12
12 2 2 24 3 26
13 4 1 33 2 38 3 34 5 37
14 4 1 23 2 27 4 20 5 24
15 3 1 24 3 16 4 18
16 3 1 9 3 8 4 14
17 2 1 11 3 10
18 4 2 12 3 16 4 18 5 14
19 1 2 18
20 1 3 16
21 end
