1 5 20
out
0 1 2 3 5 7
1 8 4
2 8 4 6
3 (11,12) 
4 10
5 (15,16,13) 
6 9 10
7 10
8 9 10
9 19
10 19
11 6
12 6
13 14
14 9
15 9
16 17
17 18
18 9
in
6 (11,12)
9 (15,18,14)
info
0 start
1 3 1 16 2 19 5 15
2 4 1 16 2 24 4 23 5 22
3 4 1 23 3 21 4 21 5 23
4 3 2 26 3 25 4 29
5 1 1 20
6 4 1 13 2 16 4 13 5 12
7 2 1 20 3 20
8 1 3 17
9 3 1 10 2 17 4 15
10 2 4 24 5 23
11 5 1 30 2 34 3 32 4 29 5 31
12 2 3 38 4 36
13 4 1 25 2 20 3 19 5 23
14 3 1 33 2 29 3 35
15 3 2 41 4 38 5 37
16 3 1 39 2 38 3 32
17 2 3 31 4 34
18 4 1 34 2 34 3 31 5 37
19 end
