1 5 22
out
0 1 2 3 4 5 6
1 9 7
2 8 9
3 8 7
4 9
5 8 9
6 8 9 7
7 (18,20) 11
8 10 11 12
9 10 11 12
10 16 13 15
11 13 14
12 17
13 21
14 21
15 21
16 21
17 21
18 19
19 12
20 12
in
12 (19,20)
info
0 start
1 1 3 31
2 4 1 38 3 38 4 44 5 37
3 2 1 19 5 14
4 5 1 9 2 11 3 10 4 13 5 8
5 3 1 33 2 30 3 31
6 5 1 18 2 13 3 14 4 21 5 17
7 2 2 26 5 31
8 3 1 33 4 36 5 32
9 4 2 40 3 40 4 44 5 41
10 1 2 42
11 4 1 26 2 27 4 27 5 21
12 3 2 22 3 27 4 24
13 2 3 41 5 45
14 3 1 38 4 41 5 37
15 3 1 26 4 23 5 21
16 1 3 27
17 4 1 23 3 21 4 26 5 29
18 3 2 35 4 25 5 30
19 4 1 17 2 24 3 19 4 19
20 2 2 41 3 39
21 end
