1 5 22
out
0 1 2 3 6
1 9 5
2 7
3 8 4 5
4 11 12 13
5 11 12 13
6 11 13 14
7 10 14
8 10 11
9 10 11
10 17 15
11 16
12 16 17 15
13 17 15
14 (18,20) 
15 21
16 21
17 21
18 19
19 17
20 17
in
17 (19,20)
info
0 start
1 2 2 44 3 49
2 3 1 45 2 41 5 44
3 4 1 36 2 30 3 31 4 31
4 3 1 38 3 36 4 34
5 3 2 19 4 22 5 23
6 2 3 45 4 41
7 4 1 28 2 24 3 27 5 26
8 2 2 40 3 42
9 2 2 35 5 32
10 3 2 26 3 25 5 27
11 2 1 10 3 16
12 2 1 36 4 37
13 2 1 23 5 25
14 2 1 39 4 37
15 2 1 31 5 27
16 1 1 17
17 2 2 11 4 14
18 2 2 15 5 13
19 2 2 26 3 23
20 3 1 40 2 37 5 40
21 end
