1 5 21
out
0 1 2 3 4 9
1 6
2 (16,17) 5
3 5 6
4 5 6
5 11 7
6 8 10 7
7 20
8 (12,13) 
9 20
10 20
11 20
12 20
13 14
14 15
15 20
16 6
17 18
18 19
19 6
in
20 (15,12)
6 (16,19)
info
0 start
1 3 1 30 3 22 4 23
2 2 2 38 3 35
3 2 1 12 3 11
4 3 2 34 3 33 4 34
5 2 3 12 5 16
6 3 1 28 2 33 4 33
7 4 1 25 2 25 4 21 5 22
8 3 3 43 4 44 5 38
9 3 3 24 4 19 5 24
10 3 3 19 4 26 5 18
11 1 2 10
12 5 1 25 2 24 3 26 4 29 5 23
13 2 1 44 3 46
14 2 3 41 4 38
15 3 3 19 4 19 5 16
16 2 1 25 3 26
17 2 1 31 4 34
18 4 1 31 2 35 3 34 5 25
19 3 2 26 3 25 4 27
20 end
