1 5 22
out
0 1 2
1 (11,13) 3
2 3 4
3 21
4 (9,5,6) 
5 21
6 7
7 8
8 21
9 10
10 21
11 12
12 4
13 (15,17,20) 
14 4
15 16
16 14
17 18
18 19
19 14
20 14
in
21 (8,10,5)
4 (12,14)
14 (16,19,20)
info
0 start
1 5 1 17 2 21 3 16 4 21 5 20
2 1 5 33
3 3 1 21 2 23 4 19
4 3 1 27 4 25 5 27
5 2 2 42 4 40
6 5 1 36 2 43 3 42 4 38 5 39
7 3 1 26 2 22 3 24
8 2 2 33 5 31
9 1 1 37
10 2 2 28 5 27
11 4 1 9 2 10 3 8 4 12
12 1 3 12
13 4 1 25 2 23 4 27 5 28
14 supernode
15 1 4 40
16 3 1 9 3 8 5 7
17 3 1 26 2 28 4 23
18 3 2 35 3 33 5 33
19 1 3 33
20 3 3 47 4 46 5 48
21 end
