1 5 22
out
0 1 2 3 4 5 6 14
1 8
2 8 9 10
3 9 10 11
4 8
5 9
6 8 11 7
7 12
8 16
9 13 15
10 17 12 13
11 17 12
12 19
13 18 19 20
14 18 19 20
15 19
16 18 19 20
17 18 19 20
18 21
19 21
20 21
in
info
0 start
1 2 1 37 5 37
2 2 1 20 5 22
3 3 1 40 2 44 5 37
4 1 5 36
5 3 1 24 2 21 3 27
6 4 1 40 2 39 3 47 4 46
7 1 1 30
8 1 3 14
9 5 1 15 2 15 3 14 4 17 5 19
10 1 1 10
11 1 2 36
12 2 2 18 5 19
13 3 2 15 4 17 5 18
14 2 1 15 4 14
15 2 1 17 4 20
16 3 2 45 3 43 5 45
17 2 1 24 4 29
18 1 4 42
19 2 2 35 5 35
20 2 1 30 3 28
21 end
