1 5 21
out
0 1 2 3 4 10 11 15
1 8 9 7
2 8 9 6
3 8 5 6
4 9 6
5 12
6 12 14
7 12 13 14
8 13 14
9 12
10 16 17 18
11 16 17 19
12 16 18 19
13 16
14 16 17 18
15 16 17 19
16 20
17 20
18 20
19 20
in
info
0 start
1 2 2 31 4 30
2 3 2 16 4 15 5 17
3 2 1 28 5 32
4 3 2 18 4 22 5 17
5 2 2 18 5 21
6 2 1 46 5 46
7 2 3 40 4 39
8 3 2 19 4 16 5 17
9 3 2 21 3 21 4 17
10 2 4 37 5 39
11 4 1 17 2 11 4 12 5 15
12 5 1 48 2 39 3 48 4 40 5 48
13 2 2 17 4 21
14 3 3 33 4 33 5 35
15 3 2 33 3 29 5 32
16 3 1 18 3 16 4 17
17 3 1 19 3 25 4 25
18 3 3 27 4 20 5 20
19 1 5 21
20 end
