1 5 21
out
0 1 2 3 4
1 6
2 8
3 5 6 7
4 (18,9,17) 
5 20
6 20
7 20
8 20
9 10 11 12 14
10 6
11 10
12 13
13 10
14 15
15 16
16 10
17 6
18 19
19 6
in
6 (17,10,19)
info
0 start
1 3 1 41 3 40 4 45
2 1 4 21
3 2 4 17 5 18
4 3 1 15 4 14 5 17
5 4 1 34 2 40 4 37 5 33
6 4 2 12 3 16 4 17 5 20
7 2 3 16 4 13
8 3 2 26 3 31 5 31
9 3 1 24 2 21 4 23
10 4 1 40 2 46 3 39 4 47
11 4 1 12 2 14 4 15 5 16
12 3 2 34 3 32 4 31
13 3 1 22 2 28 3 26
14 2 2 10 4 15
15 2 2 20 3 23
16 3 3 33 4 33 5 36
17 4 1 13 2 16 3 19 4 13
18 4 1 39 2 39 3 42 5 44
19 1 5 17
20 end
