1 5 22
out
0 1 2 3
1 (15,18,20) 
2 21
3 (12,4,5) 
4 21
5 7 8 6
6 11
7 6
8 9
9 10
10 6
11 21
12 13
13 21
14 21
15 16
16 17
17 14
18 19
19 14
20 14
in
21 (11,4,13)
14 (17,19,20)
info
0 start
1 2 3 41 5 46
2 2 3 36 5 38
3 2 1 26 2 25
4 4 1 30 2 38 3 36 5 29
5 2 3 19 5 11
6 2 1 14 4 21
7 2 2 17 5 17
8 3 2 23 4 26 5 24
9 3 1 41 3 38 4 36
10 4 1 26 2 27 4 22 5 30
11 2 2 17 4 25
12 4 1 15 3 18 4 20 5 18
13 3 1 34 3 41 5 37
14 supernode
15 4 2 41 3 43 4 43 5 33
16 2 3 17 5 22
17 3 1 20 4 22 5 18
18 4 2 44 3 46 4 44 5 47
19 3 1 30 2 27 3 29
20 3 2 27 3 28 5 33
21 end
