1 5 22
out
0 1 2 3
1 21
2 21
3 (11,4,5) 
4 21
5 (20,19,12) 7 6
6 21
7 8
8 9
9 6
10 6
11 21
12 16 13 14
13 18
14 15
15 13
16 17
17 13
18 10
19 10
20 10
in
21 (11,4,6)
10 (18,19,20)
info
0 start
1 4 1 35 2 32 3 38 5 36
2 1 1 34
3 3 1 32 2 28 3 33
4 3 2 31 3 32 5 31
5 2 1 35 5 40
6 4 1 44 3 36 4 38 5 40
7 3 2 41 3 40 5 43
8 3 3 43 4 42 5 41
9 4 1 14 2 19 4 14 5 17
10 3 1 16 3 18 5 21
11 3 1 15 4 16 5 9
12 4 1 33 2 33 4 34 5 31
13 1 1 24
14 3 1 39 4 36 5 33
15 3 1 41 2 41 5 45
16 3 2 16 4 17 5 12
17 3 2 37 4 37 5 41
18 1 3 36
19 4 1 23 2 21 3 23 4 23
20 1 5 21
21 end
