1 5 22
out
0 1 2 3
1 (7,4) 
2 21
3 21
4 5
5 6
6 21
7 (15,17) 8 9 11
8 21
9 10
10 8
11 8
12 (18,19) 
13 14
14 8
15 16
16 12
17 12
18 13
19 20
20 13
in
21 (8,6)
12 (16,17)
13 (18,20)
info
0 start
1 3 1 43 2 44 3 46
2 1 4 31
3 3 1 36 2 34 3 32
4 3 1 9 2 12 5 13
5 3 2 19 3 18 4 23
6 4 1 20 2 21 3 19 4 20
7 2 3 32 4 36
8 3 1 12 4 12 5 13
9 4 1 27 3 30 4 34 5 28
10 2 3 23 5 23
11 4 1 25 2 24 3 28 5 24
12 4 1 48 2 45 3 49 5 45
13 4 1 34 2 34 3 34 5 32
14 4 1 19 2 16 3 22 4 16
15 1 2 25
16 2 3 26 5 24
17 3 2 41 3 43 4 45
18 4 1 36 3 33 4 42 5 36
19 2 4 24 5 25
20 1 1 11
21 end
