1 5 21
out
0 1 2 3 4 5
1 (15,13,14) 6 7
2 8 6 7
3 6
4 6
5 (18,19) 
6 20
7 20
8 (9,11) 
9 10
10 20
11 12
12 20
13 8
14 8
15 16
16 8
17 20
18 17
19 17
in
20 (10,12)
8 (16,13,14)
17 (18,19)
info
0 start
1 1 2 28
2 1 5 42
3 1 4 10
4 2 2 37 3 33
5 2 4 37 5 37
6 3 2 23 3 26 4 21
7 3 2 37 4 35 5 38
8 2 1 32 5 33
9 2 1 12 2 14
10 1 1 42
11 3 1 40 3 36 5 33
12 1 3 23
13 3 3 42 4 41 5 45
14 4 1 35 3 37 4 39 5 35
15 4 1 17 3 15 4 24 5 15
16 2 1 35 3 38
17 supernode
18 3 2 17 3 13 5 16
19 2 1 16 3 21
20 end
