1 5 21
out
0 (10,11) 1
1 3
2 (9,5,6) 3
3 20
4 20
5 (15,18,14) 
6 7
7 8
8 4
9 4
10 2
11 12
12 2
13 4
14 13
15 16
16 17
17 13
18 19
19 13
in
4 (8,9,13)
2 (10,12)
13 (17,19,14)
info
0 start
1 1 4 30
2 1 5 31
3 2 3 36 5 35
4 1 5 21
5 1 1 33
6 2 3 42 5 38
7 4 1 33 2 41 3 38 5 41
8 3 2 21 3 19 5 18
9 3 2 37 3 35 5 36
10 3 1 30 2 32 4 25
11 2 1 33 4 30
12 2 2 41 3 40
13 supernode
14 2 1 41 3 41
15 4 1 39 2 41 3 42 4 44
16 3 1 25 3 31 4 30
17 3 1 46 2 46 5 45
18 5 1 17 2 19 3 20 4 20 5 24
19 2 1 40 3 39
20 end
