1 5 21
out
0 1 2
1 3 4
2 (18,10,11) 
3 8 6 7
4 9 5
5 20
6 20
7 20
8 20
9 20
10 3
11 16 12 13 14
12 3
13 12
14 15
15 12
16 17
17 12
18 19
19 3
in
3 (10,19,12)
info
0 start
1 3 1 8 3 15 4 7
2 2 3 15 4 14
3 3 1 19 2 18 5 12
4 1 1 33
5 3 1 20 2 18 5 17
6 4 1 34 2 34 4 32 5 34
7 1 2 30
8 4 1 13 2 9 3 14 4 12
9 3 1 16 3 17 5 17
10 3 1 21 3 18 4 19
11 2 2 17 5 15
12 3 3 21 4 28 5 23
13 4 1 31 2 31 4 33 5 29
14 2 2 10 5 10
15 2 2 13 4 15
16 3 1 22 3 31 5 23
17 1 2 26
18 3 3 24 4 26 5 25
19 4 1 38 2 37 4 38 5 35
20 end
