1 5 21
out
0 1 2 3
1 (8,9,5) 
2 (15,11,12) 
3 4
4 20
5 6
6 7
7 4
8 4
9 (18,19) 
10 4
11 10
12 13
13 14
14 10
15 16
16 10
17 4
18 17
19 17
in
4 (7,8,17)
10 (16,11,14)
17 (18,19)
info
0 start
1 3 1 40 2 37 5 39
2 3 1 44 2 41 5 37
3 1 4 39
4 3 2 22 3 22 4 25
5 2 3 18 4 15
6 3 2 15 3 9 4 10
7 3 1 39 2 43 3 43
8 2 1 28 4 25
9 3 1 35 2 31 5 32
10 supernode
11 3 2 20 4 17 5 17
12 3 1 14 3 14 5 16
13 3 3 10 4 15 5 14
14 2 1 12 3 15
15 2 1 17 5 15
16 3 1 19 3 18 5 17
17 supernode
18 2 2 46 3 41
19 2 3 41 5 40
20 end
