1 5 21
out
0 (7,15) 1 3
1 6
2 (18,19) 
3 4 5 6
4 20
5 20
6 20
7 8 9 10 12
8 2
9 8
10 11
11 8
12 13
13 14
14 8
15 16
16 17
17 2
18 6
19 6
in
2 (8,17)
6 (18,19)
info
0 start
1 3 2 43 4 42 5 42
2 3 1 38 2 42 4 38
3 3 1 25 2 31 4 34
4 3 1 33 3 33 4 35
5 2 3 22 4 25
6 2 2 14 4 8
7 3 1 11 3 15 5 15
8 3 1 22 3 24 5 24
9 2 2 24 4 18
10 4 1 32 2 38 3 40 5 33
11 4 2 19 3 18 4 18 5 20
12 2 2 28 3 25
13 3 1 30 4 30 5 33
14 3 2 9 3 9 4 16
15 2 1 34 5 28
16 3 3 39 4 38 5 36
17 1 4 36
18 3 2 21 3 24 4 24
19 3 1 25 3 21 5 26
20 end
