1 5 22
out
0 1 2 3 4 6
1 5
2 21
3 (7,8) 
4 (16,18,19) 
5 21
6 21
7 21
8 (10,12) 
9 21
10 11
11 9
12 13
13 14
14 9
15 21
16 17
17 15
18 15
19 20
20 15
in
21 (7,9)
9 (11,14)
15 (17,18,20)
info
0 start
1 3 1 38 4 42 5 40
2 4 2 46 3 45 4 46 5 49
3 3 3 29 4 33 5 30
4 4 2 16 3 16 4 12 5 11
5 3 1 36 2 44 4 38
6 3 1 35 4 33 5 32
7 3 3 38 4 41 5 39
8 4 1 37 2 40 4 30 5 37
9 supernode
10 3 2 47 4 46 5 47
11 3 2 12 4 11 5 15
12 2 3 20 4 18
13 3 3 33 4 33 5 27
14 5 1 15 2 8 3 11 4 7 5 12
15 supernode
16 2 1 11 5 11
17 2 3 47 4 46
18 1 3 26
19 3 2 14 4 16 5 14
20 3 1 16 4 9 5 17
21 end
