1 5 22
out
0 1 2 3 7
1 4 5 6
2 (15,16,18) 
3 21
4 (8,14) 
5 21
6 21
7 21
8 9
9 10 11 13
10 21
11 12
12 10
13 10
14 21
15 5
16 17
17 5
18 19
19 20
20 5
in
21 (10,14)
5 (15,17,20)
info
0 start
1 3 1 24 4 27 5 24
2 3 2 25 3 19 4 25
3 3 3 11 4 14 5 12
4 1 5 18
5 3 1 43 2 43 3 41
6 3 1 41 4 42 5 47
7 1 5 29
8 3 1 13 3 11 4 15
9 2 1 37 3 43
10 2 1 38 4 37
11 3 1 40 3 35 4 34
12 3 1 34 4 36 5 35
13 2 1 40 3 43
14 3 1 21 3 22 4 23
15 2 1 19 5 21
16 3 2 28 3 27 5 28
17 4 1 45 2 36 4 40 5 42
18 2 1 45 2 43
19 1 5 44
20 4 1 26 2 25 4 27 5 20
21 end
