1 5 20
out
0 1 2 3
1 (9,10,11) 4
2 4 5
3 4 5
4 (16,17,14) 
5 (7,8,6) 
6 19
7 19
8 19
9 5
10 5
11 12
12 5
13 19
14 15
15 13
16 13
17 18
18 13
in
19 (7,8,6)
5 (9,10,12)
13 (15,16,18)
info
0 start
1 2 1 14 4 17
2 3 2 34 3 31 4 30
3 1 2 13
4 3 1 42 3 44 4 45
5 2 2 41 5 33
6 2 1 26 5 26
7 3 2 33 3 30 5 34
8 2 2 44 3 47
9 3 1 38 4 34 5 38
10 1 1 34
11 4 1 31 2 27 3 33 4 31
12 3 2 17 3 20 5 17
13 supernode
14 2 1 11 5 14
15 3 2 10 3 14 4 16
16 2 1 12 3 12
17 4 1 27 3 33 4 31 5 34
18 4 1 34 2 36 3 34 4 32
19 end
