1 5 22
out
0 1 2 3 4 5 11
1 6 7
2 9 10 7
3 9 10
4 8 9 6
5 10 6
6 14
7 16 13 14
8 12 14 15
9 15
10 12 15
11 12 14 15
12 17 19 20
13 18
14 17 18 19
15 17
16 19
17 21
18 21
19 21
20 21
in
info
0 start
1 1 5 35
2 2 1 29 2 32
3 2 2 15 5 10
4 2 3 19 5 18
5 2 1 29 3 30
6 1 4 34
7 2 1 43 2 44
8 3 1 47 3 45 4 40
9 2 1 44 4 45
10 3 1 10 3 12 4 13
11 2 1 15 4 16
12 2 2 37 5 33
13 4 1 15 2 10 3 11 5 7
14 4 1 25 2 21 3 27 5 27
15 2 1 47 3 41
16 1 1 6
17 3 2 19 4 18 5 23
18 1 4 22
19 1 2 47
20 3 1 5 2 10 4 7
21 end
