1 5 21
out
0 1 2
1 (8,5) 
2 3 4
3 (9,12) 
4 20
5 6
6 7
7 4
8 4
9 10
10 11
11 20
12 13
13 (15,17,19) 
14 20
15 16
16 14
17 18
18 14
19 14
in
4 (7,8)
20 (11,14)
14 (16,18,19)
info
0 start
1 2 1 32 4 32
2 2 3 36 5 35
3 3 1 31 3 27 5 33
4 3 1 38 2 33 4 34
5 3 1 18 3 20 5 16
6 3 1 14 4 16 5 15
7 2 4 14 5 14
8 3 1 23 2 21 3 24
9 4 1 40 3 35 4 35 5 38
10 2 3 31 4 26
11 3 2 16 3 20 4 17
12 4 1 33 2 27 3 32 5 33
13 2 1 36 3 33
14 supernode
15 4 1 27 2 21 3 23 4 29
16 2 3 17 5 10
17 2 1 37 3 35
18 3 2 20 3 22 5 26
19 5 1 27 2 25 3 28 4 22 5 24
20 end
