1 5 21
out
0 1 2 3 4 5
1 (12,14) 6
2 6 7
3 6
4 6 7
5 6 7
6 20
7 (8,9,11) 
8 (17,19) 
9 10
10 20
11 20
12 13
13 7
14 15
15 7
16 20
17 18
18 16
19 16
in
20 (16,10,11)
7 (15,13)
16 (18,19)
info
0 start
1 2 2 22 3 20
2 3 2 50 3 43 5 50
3 4 1 34 3 30 4 33 5 30
4 2 2 23 5 21
5 2 2 40 5 40
6 5 1 13 2 20 3 17 4 16 5 14
7 4 1 44 3 41 4 38 5 46
8 3 2 23 3 26 4 29
9 2 2 19 4 21
10 2 2 32 5 32
11 4 1 43 2 38 3 36 5 41
12 3 1 43 4 42 5 47
13 3 1 16 2 10 4 10
14 4 1 26 2 26 3 25 4 28
15 3 2 10 3 12 5 12
16 supernode
17 3 2 25 3 29 4 22
18 4 1 43 2 42 3 44 5 38
19 3 1 17 4 15 5 17
20 end
