1 5 22
out
0 1 2 3 6
1 4 5
2 (7,8,10) 
3 21
4 21
5 21
6 (18,11,12) 
7 4
8 9
9 4
10 4
11 21
12 13
13 15 17 14
14 21
15 16
16 14
17 14
18 19
19 20
20 21
in
4 (7,9,10)
21 (11,20,14)
info
0 start
1 2 1 15 3 8
2 2 1 30 2 27
3 5 1 31 2 30 3 34 4 35 5 34
4 4 1 39 2 43 3 37 5 37
5 3 2 32 3 29 4 32
6 3 1 22 3 23 5 20
7 2 2 25 3 20
8 1 4 38
9 2 1 21 3 21
10 3 2 48 3 47 4 44
11 1 5 11
12 3 1 38 2 35 5 38
13 1 4 17
14 1 2 15
15 2 2 31 3 29
16 3 1 13 3 14 4 10
17 1 5 17
18 2 3 10 5 10
19 3 1 29 2 33 4 30
20 4 1 34 2 38 3 39 4 39
21 end
