1 5 21
out
0 1 2
1 (3,5) 
2 20
3 4
4 (18,19) 
5 (7,10) 
6 20
7 8
8 9
9 6
10 11
11 16 12 13 14
12 6
13 12
14 15
15 12
16 12
17 20
18 17
19 17
in
20 (17,6)
6 (9,12)
17 (18,19)
info
0 start
1 2 1 46 3 46
2 4 1 23 3 24 4 25 5 23
3 4 2 25 3 25 4 25 5 26
4 3 1 23 2 18 4 17
5 1 3 33
6 4 1 23 2 21 3 22 5 22
7 2 2 33 4 37
8 2 1 16 3 15
9 2 2 24 3 28
10 2 3 13 4 20
11 1 3 15
12 4 1 31 2 22 4 29 5 31
13 2 1 8 2 13
14 1 3 17
15 3 1 30 3 27 5 27
16 1 4 12
17 supernode
18 2 4 12 5 14
19 4 1 35 2 38 3 32 4 35
20 end
