1 5 21
out
0 1 2 3
1 (9,12) 
2 (7,4) 
3 20
4 5
5 6
6 20
7 20
8 20
9 10
10 11
11 8
12 13
13 (15,17,19) 
14 8
15 16
16 14
17 18
18 14
19 14
in
20 (7,6)
8 (11,14)
14 (16,18,19)
info
0 start
1 4 1 23 2 26 3 31 5 26
2 3 3 39 4 38 5 37
3 1 3 36
4 4 1 25 2 22 4 27 5 27
5 2 1 31 3 34
6 3 2 22 3 24 5 17
7 2 2 45 3 43
8 supernode
9 1 4 19
10 2 3 36 4 37
11 2 1 34 4 35
12 3 2 35 3 33 4 35
13 2 4 10 5 13
14 5 1 16 2 10 3 15 4 9 5 7
15 4 2 12 3 9 4 14 5 8
16 3 1 8 2 11 5 13
17 2 2 24 4 28
18 2 2 44 4 41
19 2 3 42 4 43
20 end
