1 5 21
out
0 1 2 3 4
1 5
2 5 6 7
3 5 6 7
4 (16,19) 
5 11
6 8 9 11
7 9 10 11
8 (12,13,14) 
9 20
10 20
11 20
12 20
13 20
14 15
15 20
16 17
17 18
18 6
19 6
in
20 (15,12,13)
6 (18,19)
info
0 start
1 1 1 18
2 3 1 18 2 23 5 18
3 3 3 26 4 22 5 25
4 4 1 39 2 43 4 41 5 41
5 3 1 15 3 16 4 16
6 4 1 38 2 43 3 43 4 34
7 4 1 20 2 25 4 21 5 24
8 2 3 11 4 15
9 3 2 24 4 22 5 29
10 1 1 35
11 3 1 42 3 44 4 44
12 2 2 39 4 47
13 3 1 26 2 25 5 22
14 1 5 16
15 2 2 36 4 40
16 2 2 15 5 13
17 3 1 19 4 17 5 16
18 3 1 18 2 14 4 15
19 2 2 10 5 14
20 end
