1 5 20
out
0 1 2 3 4 5 6 11 15
1 9 7
2 8 10 7
3 10
4 8 7
5 8
6 9 7
7 13 14
8 12 14
9 14
10 12 13 14
11 18
12 16 17
13 16 17 18
14 17
15 16 17 18
16 19
17 19
18 19
in
info
0 start
1 4 1 28 2 28 3 28 4 31
2 3 2 14 4 17 5 17
3 4 2 40 3 41 4 43 5 40
4 1 5 41
5 3 1 30 2 33 3 31
6 4 1 37 2 40 4 38 5 36
7 1 2 17
8 2 3 21 5 23
9 1 1 10
10 2 2 17 4 20
11 3 1 38 4 44 5 44
12 3 1 29 4 29 5 32
13 3 1 16 4 12 5 16
14 5 1 10 2 10 3 11 4 13 5 9
15 1 2 42
16 4 1 44 2 46 4 45 5 46
17 3 1 21 2 24 5 25
18 3 1 35 3 41 4 34
19 end
