1 5 21
out
0 1 2 3 4 5 6 17 18 19
1 8 9
2 8 9 7
3 9
4 9 7
5 8 9 7
6 9
7 10 11
8 12 13
9 11 13
10 14 15
11 16 14 15
12 16
13 15
14 20
15 20
16 20
17 20
18 20
19 20
in
info
0 start
1 3 2 29 4 27 5 29
2 3 2 33 4 29 5 31
3 4 1 25 2 27 3 33 5 28
4 3 2 12 3 12 4 13
5 3 1 38 3 38 4 38
6 2 2 13 3 12
7 1 2 34
8 4 1 46 2 40 4 40 5 41
9 2 1 11 2 10
10 3 1 33 3 30 4 27
11 2 1 25 4 29
12 2 1 9 5 8
13 3 2 8 4 12 5 9
14 2 1 16 5 15
15 2 3 46 5 46
16 3 3 25 4 24 5 22
17 3 1 33 3 32 4 35
18 3 2 34 3 40 5 37
19 3 2 16 4 19 5 14
20 end
