1 5 21
out
0 (9,10,6) 1
1 3 5
2 4
3 20
4 20
5 20
6 7
7 8
8 2
9 2
10 11
11 16 19 12 13
12 2
13 14
14 15
15 12
16 17
17 18
18 12
19 12
in
2 (8,9,12)
info
0 start
1 3 1 24 2 26 3 28
2 1 4 18
3 3 3 14 4 12 5 13
4 3 1 19 2 22 3 20
5 5 1 6 2 11 3 11 4 13 5 11
6 3 1 15 2 11 5 11
7 3 1 22 4 23 5 32
8 3 1 28 4 27 5 23
9 2 2 14 5 12
10 2 2 33 5 36
11 4 1 37 2 39 4 34 5 33
12 3 1 20 2 20 3 25
13 3 1 29 4 26 5 21
14 1 2 37
15 3 3 42 4 37 5 33
16 2 1 23 3 23
17 1 3 32
18 3 2 33 4 31 5 36
19 4 1 41 3 41 4 42 5 41
20 end
