1 5 21
out
0 1 2 3 4 5 8
1 7
2 7
3 (9,11) 
4 7
5 (12,14) 7
6 20
7 20
8 20
9 10
10 7
11 7
12 13
13 6
14 (16,18,19) 
15 6
16 17
17 15
18 15
19 15
in
7 (10,11)
6 (15,13)
15 (17,18,19)
info
0 start
1 4 1 29 3 28 4 26 5 31
2 3 1 19 3 12 4 12
3 4 1 12 2 15 3 11 4 11
4 2 1 41 3 43
5 2 2 33 4 37
6 1 1 30
7 3 1 16 2 11 5 18
8 2 1 43 5 41
9 2 1 16 5 15
10 2 3 32 5 36
11 2 2 23 4 19
12 3 1 36 3 32 5 37
13 2 2 22 5 22
14 5 1 36 2 44 3 41 4 44 5 43
15 2 3 35 4 37
16 3 2 30 3 27 5 30
17 4 1 38 3 42 4 43 5 38
18 2 3 12 4 13
19 3 2 20 3 19 4 17
20 end
