1 5 21
out
0 1 4 6 10 11
1 2 3 5
2 9 12 7
3 8 9 12
4 (19,13) 12 7
5 9
6 12
7 20
8 20
9 20
10 20
11 20
12 20
13 15 16 18 14
14 9
15 14
16 17
17 14
18 14
19 9
in
9 (19,14)
info
0 start
1 4 1 41 3 36 4 36 5 36
2 3 1 20 3 19 4 15
3 2 1 20 3 17
4 1 1 44
5 5 1 19 2 20 3 18 4 22 5 20
6 1 5 39
7 3 1 21 3 24 5 14
8 3 1 16 3 17 4 17
9 4 1 7 2 14 3 10 4 6
10 2 3 11 4 13
11 2 1 23 3 30
12 1 4 12
13 2 1 25 4 30
14 1 2 29
15 4 1 43 3 44 4 42 5 44
16 1 1 22
17 1 3 15
18 2 1 14 4 9
19 4 1 26 2 23 4 28 5 23
20 end
