1 5 22
out
0 1 2 3
1 4 5
2 4 5
3 4 5
4 (9,11) 
5 (7,6) 
6 21
7 21
8 (13,14) 
9 10
10 8
11 8
12 21
13 12
14 15
15 16 17 19
16 12
17 18
18 16
19 20
20 16
in
21 (7,6)
8 (10,11)
12 (16,13)
info
0 start
1 3 1 8 2 12 4 13
2 3 1 30 2 33 4 32
3 2 1 26 4 26
4 4 1 20 2 16 4 20 5 17
5 2 3 19 4 19
6 3 1 34 3 39 4 36
7 2 2 15 3 17
8 supernode
9 4 1 36 3 42 4 41 5 36
10 3 1 21 3 21 5 14
11 2 1 15 3 23
12 supernode
13 1 3 26
14 1 3 20
15 2 2 24 3 25
16 4 1 9 2 12 3 8 4 10
17 1 4 14
18 3 1 28 2 27 3 29
19 1 4 41
20 2 2 37 4 34
21 end
