1 5 22
out
0 1 2 3
1 (17,18,20) 5
2 4
3 (8,6) 5
4 21
5 21
6 7
7 4
8 9 10 11 14
9 15
10 9
11 12
12 13
13 9
14 9
15 4
16 4
17 16
18 19
19 16
20 16
in
4 (7,15)
16 (17,19,20)
info
0 start
1 3 2 22 4 17 5 18
2 1 3 28
3 3 1 28 2 26 5 23
4 3 3 21 4 18 5 21
5 3 3 36 4 36 5 41
6 2 4 14 5 19
7 2 3 23 5 26
8 2 1 17 4 17
9 3 3 27 4 27 5 24
10 3 1 18 2 19 4 20
11 2 2 35 4 37
12 3 1 17 3 19 5 22
13 4 1 30 2 31 3 35 5 33
14 1 1 37
15 2 2 15 4 8
16 supernode
17 1 1 37
18 3 2 26 4 26 5 36
19 3 1 20 4 18 5 20
20 4 1 22 2 21 3 22 4 18
21 end
