1 5 22
out
0 1 2 3
1 (15,17,18) 
2 (5,6) 
3 21
4 (7,8) 
5 4
6 4
7 21
8 9
9 10 11 13
10 21
11 12
12 10
13 10
14 4
15 16
16 14
17 14
18 19
19 20
20 14
in
4 (5,6)
21 (7,10)
14 (16,17,20)
info
0 start
1 4 1 19 2 15 3 12 5 16
2 2 1 33 4 35
3 2 1 19 2 17
4 3 1 15 2 13 3 11
5 1 1 10
6 5 1 44 2 46 3 48 4 44 5 43
7 2 4 36 5 36
8 1 2 41
9 3 1 36 2 38 4 36
10 3 2 20 3 20 4 20
11 1 2 11
12 3 2 33 3 34 4 30
13 3 2 45 3 43 4 45
14 supernode
15 3 3 25 4 20 5 25
16 4 1 26 2 24 3 27 5 27
17 3 3 22 4 23 5 28
18 2 1 42 3 42
19 2 1 35 2 34
20 1 2 36
21 end
