1 5 22
out
0 1 2 3 4 7
1 8
2 5
3 6
4 9 5
5 12 15
6 (16,18,19) 14 15
7 10 11 13
8 10 11
9 10 15
10 21
11 21
12 21
13 21
14 21
15 21
16 17
17 13
18 13
19 20
20 13
in
13 (17,18,20)
info
0 start
1 1 1 34
2 3 1 11 4 12 5 16
3 4 1 42 2 39 3 39 4 38
4 2 2 25 3 21
5 3 1 22 3 27 5 22
6 2 1 23 3 25
7 3 2 23 3 20 4 20
8 5 1 18 2 21 3 21 4 20 5 17
9 4 1 16 2 13 3 15 4 17
10 1 2 38
11 2 2 39 5 44
12 1 2 18
13 1 1 36
14 3 1 26 3 26 5 26
15 2 1 42 4 44
16 1 4 25
17 3 1 31 3 29 4 30
18 4 1 30 2 26 3 33 5 27
19 3 3 18 4 19 5 12
20 1 3 22
21 end
