1 5 22
out
0 (17,19) 1 2
1 (4,5) 
2 21
3 (15,16,14) 
4 21
5 6
6 7 8 9 11
7 21
8 7
9 10
10 7
11 12
12 7
13 21
14 13
15 13
16 13
17 18
18 3
19 20
20 3
in
21 (7,4)
13 (15,16,14)
3 (18,20)
info
0 start
1 3 1 10 3 13 5 12
2 2 2 16 3 13
3 3 1 38 4 37 5 37
4 3 2 23 3 23 4 25
5 2 3 11 4 13
6 2 1 12 4 17
7 2 1 11 5 14
8 1 3 48
9 4 1 20 2 11 3 18 5 15
10 3 1 27 3 32 5 26
11 2 2 44 4 39
12 3 2 24 4 22 5 23
13 supernode
14 1 5 26
15 1 4 21
16 4 1 30 2 34 3 29 4 33
17 1 3 22
18 3 1 27 2 27 5 21
19 3 1 30 3 30 5 35
20 3 1 30 4 32 5 29
21 end
