1 5 22
out
0 (18,19,20) 1
1 21
2 (3,5) 
3 (15,17,6) 
4 21
5 21
6 7 8 9 12
7 14
8 7
9 10
10 11
11 7
12 13
13 7
14 4
15 16
16 4
17 4
18 2
19 2
20 2
in
21 (4,5)
4 (16,17,14)
2 (18,19,20)
info
0 start
1 4 2 25 3 25 4 22 5 27
2 5 1 28 2 27 3 26 4 27 5 25
3 4 1 25 2 19 3 23 4 22
4 2 3 21 4 19
5 1 2 9
6 2 4 14 5 19
7 3 1 13 2 14 4 15
8 3 1 33 3 34 4 34
9 2 3 9 4 9
10 1 1 29
11 3 2 41 4 42 5 47
12 5 1 32 2 30 3 34 4 32 5 32
13 1 4 10
14 1 4 36
15 2 1 12 3 7
16 2 1 15 5 8
17 1 5 34
18 5 1 44 2 45 3 43 4 41 5 41
19 2 4 37 5 33
20 3 1 10 3 8 4 8
21 end
