1 3 22
out
0 1 2 3
1 (4,5) 
2 21
3 21
4 21
5 6
6 (8,9,10) 
7 21
8 7
9 7
10 11
11 (18,20,13) 
12 7
13 15 16 14
14 12
15 14
16 17
17 14
18 19
19 12
20 12
in
21 (7,4)
7 (8,9,12)
12 (19,20,14)
info
0 start
1 3 1 41 2 40 3 39
2 3 1 35 2 37 3 38
3 1 3 14
4 2 2 33 3 34
5 2 1 13 2 17
6 2 1 44 3 40
7 supernode
8 3 1 33 2 32 3 30
9 2 2 24 3 30
10 1 3 25
11 1 3 8
12 3 1 23 2 22 3 25
13 3 1 39 2 33 3 38
14 2 2 16 3 17
15 3 1 33 2 38 3 30
16 1 2 14
17 3 1 26 2 29 3 28
18 1 1 23
19 2 2 13 3 10
20 2 1 22 2 25
21 end
