1 3 22
out
0 1 2 3 4 5 6
1 8 9 7
2 8 9 7
3 (15,16,12) 9 7
4 8
5 7
6 8
7 11
8 10 11
9 10 11
10 21
11 21
12 13
13 14
14 8
15 8
16 (18,19,20) 
17 8
18 17
19 17
20 17
in
8 (15,17,14)
17 (18,19,20)
info
0 start
1 2 1 17 2 17
2 2 1 18 3 16
3 1 2 47
4 2 1 15 3 12
5 2 1 16 2 15
6 1 3 16
7 2 2 25 3 28
8 1 3 16
9 3 1 28 2 30 3 24
10 2 2 44 3 40
11 2 1 32 3 32
12 3 1 26 2 22 3 26
13 3 1 30 2 27 3 31
14 1 3 38
15 2 1 32 3 33
16 2 1 29 2 30
17 supernode
18 3 1 37 2 35 3 33
19 3 1 31 2 22 3 23
20 2 2 43 3 34
21 end
