1 3 22
out
0 1 2 3 4 5 6 12
1 (17,18) 9
2 8 9 10
3 7
4 8 10
5 8 10 7
6 9 7
7 13
8 (19,20) 13
9 (15,16) 
10 11 13
11 21
12 21
13 21
14 21
15 14
16 14
17 10
18 10
19 11
20 11
in
14 (15,16)
10 (17,18)
11 (19,20)
info
0 start
1 3 1 12 2 16 3 12
2 1 3 37
3 3 1 43 2 45 3 45
4 3 1 25 2 34 3 26
5 1 1 31
6 2 2 18 3 21
7 2 1 24 2 23
8 2 1 34 3 31
9 1 2 29
10 1 1 38
11 2 2 45 3 42
12 3 1 24 2 27 3 19
13 2 2 29 3 26
14 3 1 23 2 19 3 26
15 1 1 21
16 2 1 41 2 45
17 1 1 28
18 2 1 26 3 26
19 1 2 42
20 1 3 21
21 end
