1 3 22
out
0 1 2
1 21
2 (8,3,6) 
3 (9,10,11) 
4 5
5 21
6 7
7 21
8 21
9 4
10 4
11 (15,13) 
12 4
13 14
14 12
15 16 17 20
16 12
17 18
18 19
19 16
20 16
in
21 (7,8,5)
4 (9,10,12)
12 (16,14)
info
0 start
1 2 2 25 3 20
2 3 1 35 2 33 3 39
3 3 1 37 2 39 3 35
4 3 1 14 2 15 3 14
5 2 2 13 3 10
6 2 1 12 3 11
7 2 1 46 3 44
8 2 1 21 2 21
9 2 1 16 2 19
10 2 2 28 3 32
11 1 1 18
12 supernode
13 1 3 32
14 2 1 33 2 31
15 3 1 17 2 14 3 15
16 1 3 22
17 2 2 25 3 28
18 2 1 45 3 46
19 3 1 21 2 21 3 19
20 2 1 19 2 22
21 end
