1 3 22
out
0 1 2 3 6
1 5
2 4 5
3 8 9 7
4 8 10
5 8 9 10
6 (11,12,13) 
7 21
8 21
9 (15,16) 
10 (18,19) 
11 8
12 8
13 14
14 8
15 21
16 21
17 21
18 17
19 20
20 17
in
8 (11,12,14)
21 (15,16)
17 (18,20)
info
0 start
1 1 3 15
2 1 3 30
3 3 1 40 2 48 3 50
4 1 3 24
5 2 2 41 3 36
6 2 2 22 3 23
7 3 1 29 2 33 3 26
8 3 1 42 2 39 3 42
9 1 2 23
10 2 1 32 2 29
11 2 2 49 3 42
12 3 1 32 2 31 3 41
13 2 1 35 2 33
14 2 2 12 3 12
15 2 1 31 2 40
16 2 2 20 3 21
17 supernode
18 3 1 34 2 36 3 37
19 1 3 36
20 1 1 46
21 end
