1 3 22
out
0 1 2 3 4 5 6 14
1 8 9 7
2 8
3 9
4 10 11 12
5 10 13
6 11
7 10 11 13
8 10 11 12
9 11 13
10 16 17 15
11 16 17 15
12 (18,19,20) 16 17
13 16 17 15
14 16 17 15
15 21
16 21
17 21
18 15
19 15
20 15
in
15 (18,19,20)
info
0 start
1 1 3 41
2 2 1 27 2 27
3 1 3 38
4 2 1 40 2 38
5 2 2 33 3 32
6 2 1 22 2 24
7 3 1 40 2 48 3 43
8 3 1 41 2 46 3 42
9 1 2 41
10 1 1 19
11 2 1 11 3 9
12 3 1 16 2 16 3 20
13 3 1 33 2 36 3 38
14 1 2 39
15 2 1 46 3 42
16 2 1 34 2 35
17 2 1 21 3 24
18 1 1 25
19 2 2 37 3 40
20 2 1 30 2 30
21 end
