1 3 22
out
0 1 2 3 4 5 13 16
1 9 6
2 8 9 6
3 9 6 7
4 9
5 8 6
6 11 15
7 11
8 10 12
9 10 14 15
10 17 19 20
11 18 19 20
12 17 18 19
13 18 19 20
14 17 20
15 17 18 19
16 17 19 20
17 21
18 21
19 21
20 21
in
info
0 start
1 3 1 36 2 38 3 34
2 3 1 20 2 19 3 17
3 3 1 13 2 15 3 9
4 2 1 18 2 20
5 1 2 36
6 2 2 34 3 39
7 3 1 24 2 25 3 25
8 2 1 32 2 35
9 3 1 15 2 20 3 20
10 2 1 12 2 20
11 1 3 31
12 2 1 21 2 22
13 2 1 22 2 26
14 1 3 37
15 3 1 14 2 15 3 13
16 3 1 38 2 33 3 32
17 2 1 30 2 29
18 2 2 10 3 10
19 1 3 46
20 1 1 32
21 end
