1 3 22
out
0 1 2 3 4 5 6 7
1 8 10
2 (16,19,20) 8 9
3 8 9 10
4 9
5 8 10
6 9
7 8 9 10
8 12 13
9 11 12 13
10 12
11 21
12 21
13 (15,14) 
14 21
15 21
16 17
17 18
18 10
19 10
20 10
in
21 (15,14)
10 (18,19,20)
info
0 start
1 2 2 23 3 27
2 1 1 26
3 2 2 26 3 28
4 1 3 32
5 1 2 21
6 2 1 17 3 22
7 3 1 31 2 37 3 31
8 2 2 32 3 26
9 2 1 29 3 26
10 2 1 17 2 18
11 3 1 23 2 27 3 27
12 2 1 27 2 22
13 2 1 27 2 21
14 3 1 23 2 25 3 24
15 2 1 34 3 38
16 2 1 13 3 19
17 1 2 29
18 2 1 40 3 40
19 1 3 40
20 2 1 30 3 30
21 end
