1 3 22
out
0 (18,19) 1 4
1 3
2 21
3 21
4 (12,5,6) 
5 (15,17,14) 
6 7 8 10
7 21
8 9
9 7
10 11
11 7
12 21
13 21
14 13
15 16
16 13
17 13
18 2
19 20
20 2
in
21 (7,12,13)
13 (16,17,14)
2 (18,20)
info
0 start
1 2 1 10 3 11
2 3 1 17 2 12 3 17
3 2 1 36 2 31
4 3 1 37 2 37 3 39
5 3 1 21 2 23 3 25
6 2 2 42 3 43
7 3 1 15 2 16 3 16
8 1 1 17
9 2 2 23 3 24
10 2 1 16 3 14
11 2 1 11 2 9
12 2 1 39 2 36
13 supernode
14 1 2 33
15 1 1 14
16 2 2 25 3 29
17 2 1 34 2 34
18 3 1 16 2 22 3 19
19 3 1 43 2 42 3 45
20 1 3 28
21 end
