1 3 22
out
0 1 2 3 4 5 13
1 9 6 7
2 9 6 7
3 8 6 7
4 (15,16) 8 6
5 9
6 12
7 10
8 10 11
9 10 11 14
10 21
11 21
12 21
13 21
14 (17,20) 
15 7
16 7
17 18
18 19
19 21
20 21
in
7 (15,16)
21 (19,20)
info
0 start
1 3 1 24 2 22 3 24
2 2 2 27 3 24
3 3 1 21 2 17 3 17
4 2 1 25 3 19
5 2 1 26 3 23
6 1 3 15
7 2 1 39 2 45
8 1 2 19
9 3 1 24 2 23 3 28
10 3 1 36 2 34 3 35
11 1 1 22
12 3 1 25 2 21 3 23
13 1 1 38
14 3 1 24 2 29 3 23
15 1 2 16
16 1 2 39
17 2 2 37 3 32
18 3 1 30 2 34 3 31
19 2 2 30 3 28
20 3 1 39 2 38 3 32
21 end
