1 3 22
out
0 1 3 4
1 2 5
2 (15,13) 8 9
3 8 6 7
4 (10,12) 6
5 8 9 7
6 21
7 (18,20) 
8 21
9 21
10 11
11 8
12 8
13 14
14 6
15 16
16 17
17 6
18 19
19 21
20 21
in
8 (11,12)
6 (17,14)
21 (19,20)
info
0 start
1 2 2 29 3 28
2 3 1 40 2 41 3 42
3 2 2 29 3 25
4 3 1 10 2 15 3 17
5 1 2 39
6 2 1 33 2 36
7 1 3 24
8 2 2 36 3 42
9 1 3 22
10 2 1 49 3 48
11 2 1 44 3 43
12 1 1 26
13 3 1 30 2 24 3 23
14 2 1 36 2 34
15 2 1 25 3 30
16 2 1 34 2 33
17 3 1 34 2 39 3 36
18 2 1 12 3 13
19 1 1 32
20 3 1 37 2 35 3 38
21 end
